y,Mach,eta,alpha,ci_ref,ci_pred,p_ref_real,p_ref_imag,p_pred_real,p_pred_imag,q_ref_real,q_ref_imag,q_pred_real,q_pred_imag,rho_ref_real,rho_ref_imag,rho_pred_real,rho_pred_imag,u_ref_real,u_ref_imag,u_pred_real,u_pred_imag,v_ref_real,v_ref_imag,v_pred_real,v_pred_imag,gamma_ref_real,gamma_ref_imag,gamma_pred_real,gamma_pred_imag
-400.0,0.92,0.025,0.009797958971132711,0.5248792922602417,0.5278473586035246,-0.020395436995223035,0.03429921160632831,0.18538670856997305,-0.0005171214411888664,1.6794384105179167e-05,0.0003845232108338764,7.773014125663296e-06,2.540476502062831e-08,-0.017262697872756777,0.029030852703596285,0.1569113101336252,-0.00043769158782225656,-0.0018757305562643687,0.035283743733171266,0.14477588109878597,-0.07693668786868098,0.030063197309104447,-0.01749361937676596,-0.00032547850323545974,-0.0006215269639233088,0.008067216390483217,-0.005286675093448928,4.192793993323687e-05,2.539912494708942e-07
-399.84,0.92,0.025,0.009797958971132711,0.5248792922602417,0.5278473586035246,-0.02039272211627547,0.03436077389837111,0.18538778971495598,-0.0005171284708200222,1.7141745457161502e-05,0.000385005494482366,7.854020442515139e-06,2.5639986060361383e-08,-0.01726039999921556,0.02908295902758131,0.15691222521473874,-0.00043769753770206687,-0.0018482686207924636,0.03533089182395947,0.14477672375103812,-0.07693713969007765,0.030087199401907884,-0.017541669997779393,-0.0003288728286594705,-0.0006280029508068887,0.008067216390483216,-0.005286675093448928,4.236464452349636e-05,2.564783256369715e-07
-399.68,0.92,0.025,0.009797958971132711,0.5248792922602417,0.5278473586035246,-0.02038995159097017,0.0344224133820847,0.18538888396099973,-0.0005171355172020293,1.7489963807636397e-05,0.00038548810666855384,7.935746636048604e-06,2.587688120193587e-08,-0.017258055026597153,0.029135130686596494,0.15691315138459017,-0.0004377035017597976,-0.0018207312930841118,0.03537807753459477,0.14477757664260288,-0.0769375969330193,0.030111191789954243,-0.01758980299200918,-0.0003322973515692718,-0.0006345364701335118,0.008067216390483216,-0.0052866750934489285,4.280522400284187e-05,2.5898523055834736e-07
-399.52,0.92,0.025,0.009797958971132711,0.5248792922602417,0.5278473586035246,-0.02038712528207659,0.03448413011001101,0.18538999146117865,-0.0005171425800825867,1.7839040541444316e-05,0.0003859710470908138,8.018192086366771e-06,2.6115448447072198e-08,-0.017255662838749627,0.02918736772511332,0.15691408877274163,-0.00043770947978190143,-0.0017931184439280786,0.035425300849798766,0.14477843989330255,-0.07693805966050149,0.030135174390945593,-0.017638018457598527,-0.0003357520460057784,-0.0006411274723376484,0.008067216390483217,-0.005286675093448925,4.324967482985653e-05,2.615119429813953e-07
-399.36,0.92,0.025,0.009797958971132711,0.5248792922602417,0.5278473586035246,-0.020384243052142526,0.034545924134643545,0.1853911123683631,-0.0005171496592074268,1.8188977044958373e-05,0.00038645431544595733,8.101356175146603e-06,2.6355685796438627e-08,-0.017253223319333436,0.029239670187562298,0.15691503750858252,-0.000437715471553166,-0.0017654299439592528,0.03547256175416392,0.14477931362280072,-0.07693852793543408,0.03015914712239461,-0.017686316492747663,-0.0003392368860763023,-0.0006477759079793544,0.008067216390483217,-0.005286675093448926,4.3697993468623074e-05,2.6405844164479706e-07
-399.2,0.92,0.025,0.009797958971132711,0.5248792922602417,0.5278473586035246,-0.020381304763493802,0.034607795508427235,0.18539224683521108,-0.0005171567543202721,1.8539774706085022e-05,0.0003869379114292303,8.18523828573934e-06,2.659759124970344e-08,-0.017250736351821155,0.02929203811833281,0.15691599772132267,-0.00043772147685667835,-0.0017376656636585084,0.03551986023215324,0.14478019795059574,-0.07693900182063766,0.03018310990162431,-0.017734697195713755,-0.00034275184595877924,-0.0006544817277522878,0.008067216390483216,-0.005286675093448926,4.415017638924024e-05,2.6662470528105327e-07
-399.04,0.92,0.025,0.009797958971132711,0.5248792922602417,0.5278473586035246,-0.02037831027823407,0.03466974428375809,0.18539339501416355,-0.0005171638651629114,1.8891434914264642e-05,0.0003874218347343094,8.26983780327206e-06,2.6841162805921234e-08,-0.01724820181949732,0.029344471561772847,0.15691696953998804,-0.00043772749547388827,-0.0017098254733526545,0.03556719626809997,0.14478109299601688,-0.0769394813788417,0.030207062645767713,-0.017783160664810806,-0.00034629689990601663,-0.0006612448824918318,0.008067216390483217,-0.005286675093448927,4.460622006834492e-05,2.6921071261983706e-07
-398.88,0.92,0.025,0.009797958971132711,0.5248792922602417,0.5278473586035246,-0.02037525945824455,0.034731770512982985,0.18539455705743613,-0.0005171709914751967,1.9243959060472347e-05,0.00038790608505329913,8.355154114745072e-06,2.7086398463551687e-08,-0.017245619605458187,0.0293969705621888,0.15691795309341394,-0.0004377335271846065,-0.0016819092432143303,0.035614569846207283,0.1447819988782182,-0.07693996667268113,0.030231005271767582,-0.017831706998409604,-0.0003498720222497953,-0.0006680653231828686,0.008067216390483216,-0.005286675093448926,4.5066120989612655e-05,2.718164423892917e-07
-398.72,0.92,0.025,0.009797958971132711,0.5248792922602417,0.5278473586035246,-0.020372152165183764,0.03479387424839941,0.18539573311701282,-0.000517178132995065,1.9597348537218494e-05,0.00038839066207672825,8.441186609131569e-06,2.733329622073736e-08,-0.01724298959261154,0.02944953516384526,0.15691894851023966,-0.0004377395717670231,-0.0016539168432619046,0.03566198095054801,0.14478291571617316,-0.07694045776469381,0.030254937696376112,-0.01788033629493759,-0.0003534771874050469,-0.0006749430009677469,0.008067216390483217,-0.005286675093448925,4.552987564427025e-05,2.744418733187635e-07
-398.56,0.92,0.025,0.009797958971132711,0.5248792922602417,0.5278473586035246,-0.020368988260487338,0.03485605554225521,0.18539692334464095,-0.0005171852894585631,1.9951604738549363e-05,0.00038887556549354664,8.527934677473868e-06,2.7581854075566312e-08,-0.017240311663676483,0.02950216541096481,0.1569199559189041,-0.00043774562899772784,-0.0016258481433594227,0.035709429565064336,0.14478384362867108,-0.07694095471731834,0.030278859836154654,-0.017929048652878785,-0.000357112369873887,-0.0006818778671539744,0.008067216390483217,-0.005286675093448927,4.599748053158981e-05,2.7708698414140174e-07
-398.4,0.92,0.025,0.009797958971132711,0.5248792922602417,0.5278473586035246,-0.02036576760536769,0.03491831444674834,0.18539812789182103,-0.0005171924605998233,2.0306729060047872e-05,0.00038936079499112154,8.615397712984599e-06,2.7832070026195e-08,-0.017237585701183212,0.029554861347727796,0.15692097544763733,-0.0004377516986516905,-0.0015977030132164642,0.03575691567356746,0.14478478273430895,-0.07694145759289,0.030302771607473387,-0.017977844170773725,-0.00036077754424986957,-0.0006888698732222997,0.008067216390483219,-0.005286675093448928,4.646893215941079e-05,2.797517535960783e-07
-398.24,0.92,0.025,0.009797958971132711,0.5248792922602417,0.5278473586035246,-0.020362490060813872,0.034980651014026615,0.18539934690980417,-0.00051719964615118,2.0662722898834167e-05,0.0003898463502552348,8.703575111139875e-06,2.808394207118465e-08,-0.01723481158747286,0.029607623018272126,0.15692200722445826,-0.00043775778050235875,-0.0015694813223881194,0.03580443925973736,0.1447857331514895,-0.07694196645363967,0.030326672926511054,-0.018026722947219347,-0.00036447268522188505,-0.0006959189708341644,0.008067216390483216,-0.005286675093448925,4.6944227044617444e-05,2.824361604303601e-07
-398.08,0.92,0.025,0.009797958971132711,0.5248792922602417,0.5278473586035246,-0.020359155487591225,0.03504306529618742,0.18540058054958283,-0.0005172068458430802,2.1019587653566196e-05,0.0003903322309700793,8.792466269776515e-06,2.833746820944021e-08,-0.017231989204697214,0.029660450466693033,0.15692305137716692,-0.00043776387432158315,-0.0015411829402748362,0.03585200030712244,0.14478669499841385,-0.07694248136168998,0.03035056370925468,-0.0180756850808689,-0.0003681977675782621,-0.0007030251118394604,0.008067216390483216,-0.005286675093448927,4.742336171363957e-05,2.8514018340136296e-07
-397.92,0.92,0.025,0.009797958971132711,0.5248792922602417,0.5278473586035246,-0.020355763746241207,0.03510555734527752,0.18540182896188534,-0.0005172140594041757,2.137732472444048e-05,0.0003908184368182552,8.88207058918892e-06,2.8592646440673668e-08,-0.017229118434818558,0.02971334373704289,0.15692410803333975,-0.00043776997987969433,-0.0015128077361223778,0.03589959879913925,0.14478766839307744,-0.07694300237905313,0.030374443871499218,-0.018124730670431872,-0.00037195276621081175,-0.0007101882482842821,0.008067216390483217,-0.005286675093448925,4.790633270295106e-05,2.8786380127946757e-07
-397.76,0.92,0.025,0.009797958971132711,0.5248792922602417,0.5278473586035246,-0.02035231469708113,0.035168127213292724,0.1854030922971701,-0.0005172212865612934,2.1735935513192708e-05,0.0003913049674807672,8.972387472222949e-06,2.8849474765651542e-08,-0.01722619915960947,0.029766302873330965,0.1569251773203248,-0.00043777609694547874,-0.001484355579021732,0.03594723471907219,0.14478865345326525,-0.07694352956762845,0.030398313328847317,-0.018173859814673874,-0.0003757376561187638,-0.0007174083324184312,0.008067216390483216,-0.005286675093448927,4.839313655955225e-05,2.9060699285079777e-07
-397.6,0.92,0.025,0.009797958971132711,0.5248792922602417,0.5278473586035246,-0.020348808200203867,0.03523077495217772,0.18540437070561822,-0.0005172285270395054,2.2095421423098296e-05,0.0003917918226370207,9.06341632437052e-06,2.9107951186036668e-08,-0.017223231260652554,0.02981932791952322,0.15692625936523527,-0.00043778222528623737,-0.0014558263379089728,0.0359949080500732,0.1447896502965461,-0.0769440629891994,0.03042217199670898,-0.01822307261241658,-0.000379552412412765,-0.0007246853167029601,0.008067216390483217,-0.005286675093448926,4.888376984145702e-05,2.933697369175529e-07
-397.44,0.92,0.025,0.009797958971132711,0.5248792922602417,0.5278473586035246,-0.020345244115477685,0.035293500613825746,0.1854056643371267,-0.0005172357805621065,2.2455783858973137e-05,0.0003922790019648187,9.155156553863934e-06,2.9368073704910486e-08,-0.017220214619340313,0.029872418919542114,0.15692735429494406,-0.00043778836466776695,-0.0014272198815652424,0.03604261877516146,0.14479065904026747,-0.07694460270543083,0.0304460197903013,-0.01827236916253761,-0.00038339701031881075,-0.0007320191538177233,0.008067216390483217,-0.005286675093448926,4.937822911817821e-05,2.961520123019822e-07
-397.28,0.92,0.025,0.009797958971132711,0.5248792922602417,0.5278473586035246,-0.02034162230254594,0.035356304250078366,0.18540697334130482,-0.0005172430468506337,2.2817024227174132e-05,0.0003927665051403584,9.247607571769039e-06,2.962984032693842e-08,-0.017217149116874886,0.02992557591726633,0.1569284622360804,-0.00043779451485437645,-0.0013985360786166238,0.03609036687722308,0.14479167980155233,-0.07694514877786734,0.03046985662464815,-0.018321749563970452,-0.00038727142518215913,-0.0007394097966688214,0.008067216390483217,-0.005286675093448926,4.9876510971206456e-05,2.9895379784842253e-07
-397.12,0.92,0.025,0.009797958971132711,0.5248792922602417,0.5278473586035246,-0.02033794262082685,0.035419185912725214,0.18540829786746427,-0.0005172503256249072,2.317914393559989e-05,0.00039325433183822774,9.340768792076507e-06,2.989324905834918e-08,-0.017214034634267846,0.029978798956530623,0.15692958331502177,-0.0004378006756089214,-0.0013697747975340597,0.03613815233901081,0.14479271269729185,-0.07694570126792943,0.030493682414579882,-0.018371213915704385,-0.0003911756324711764,-0.0007468571983958858,0.008067216390483217,-0.005286675093448926,5.03786119944804e-05,3.017750724243259e-07
-396.96,0.92,0.025,0.009797958971132711,0.5248792922602417,0.5278473586035246,-0.02033420492951324,0.03548214565350371,0.18540963806461616,-0.0005172576166030444,2.3542144393691295e-05,0.00039374248173140193,9.434639631795544e-06,3.015829790746501e-08,-0.017210871052340006,0.030032088081125542,0.15693071765789113,-0.00043780684669281677,-0.001340935906633265,0.03618597514314373,0.14479375784414267,-0.07694626023691213,0.030517497074733026,-0.018420762316784342,-0.00039510960778124443,-0.0007543613123795809,0.008067216390483217,-0.005286675093448925,5.088452879486866e-05,3.046158149242741e-07
-396.8,0.92,0.025,0.009797958971132711,0.5248792922602417,0.5278473586035246,-0.020330409087572308,0.03554518352409884,0.18541099408146325,-0.0005172649195014637,2.3906027012432243e-05,0.00039423095449124036,9.529219511044915e-06,3.042498488466387e-08,-0.017207658251721204,0.030085443334797263,0.1569318653905505,-0.0004378130278660389,-0.0013120192740746423,0.03623383527210693,0.14479481535852104,-0.07694682574598186,0.03054130051955002,-0.018470394866310868,-0.0003990733268385982,-0.0007619220922488689,0.008067216390483216,-0.005286675093448926,5.139425799263863e-05,3.074760042708986e-07
-396.64,0.92,0.025,0.009797958971132711,0.5248792922602417,0.5278473586035246,-0.020326554953745368,0.03560829957614288,0.18541236606639397,-0.0005172722340349089,2.4270793204350082e-05,0.0003947197497874829,9.624507853142142e-06,3.069330800253639e-08,-0.01720439611285008,0.030138864761247334,0.15693302663859587,-0.0004378192188871469,-0.0012830247678631806,0.036281732708251274,0.14479588535659807,-0.07694739785617395,0.030565092663278892,-0.018520111663439996,-0.00040306676550407175,-0.0007695394918881355,0.008067216390483216,-0.005286675093448926,5.1907796221915294e-05,3.103556194168278e-07
-396.48,0.92,0.025,0.009797958971132711,0.5248792922602417,0.5278473586035246,-0.020322642386547605,0.035671493861215105,0.18541375416747716,-0.0005172795599164774,2.4636444383516407e-05,0.00039520886728824657,9.72050408469639e-06,3.096326527634986e-08,-0.017201084515973894,0.030192352404132466,0.15693420152735268,-0.00043782541951330645,-0.0012539522558484115,0.036329667433792956,0.14479696795429547,-0.07694797662839055,0.03058887341997293,-0.018569912807383165,-0.0004070898997769749,-0.0007772134654446251,0.008067216390483216,-0.005286675093448926,5.242514013115981e-05,3.1325463934834555e-07
-396.32,0.92,0.025,0.009797958971132711,0.5248792922602417,0.5278473586035246,-0.020318671244267828,0.03573476643084159,0.18541515853245558,-0.000517286896857628,2.500298196554761e-05,0.00039569830666002235,9.817207635695253e-06,3.123485472402707e-08,-0.017197723341148292,0.030245906307064325,0.15693539018187042,-0.00043783162950029636,-0.0012248016057242604,0.03637763943081335,0.1447980632672808,-0.07694856212339785,0.030612642703490463,-0.018619798397407124,-0.0004111427057987513,-0.0007849439673353656,0.008067216390483216,-0.005286675093448926,5.294628638361584e-05,3.161730430863419e-07
-396.16,0.92,0.025,0.009797958971132711,0.5248792922602417,0.5278473586035246,-0.020314641384968232,0.035798117336494926,0.18541657930874042,-0.000517294244568197,2.5370407367605526e-05,0.0003961880675676715,9.914617939595349e-06,3.150807436628974e-08,-0.017194312468237112,0.030299526513609308,0.1569365927269179,-0.00043783784860252197,-0.0011955726850289997,0.03642564868125863,0.14479917141096288,-0.07694915440182395,0.030636400427494482,-0.018669768532833857,-0.00041522515985678425,-0.0007927309522544076,0.008067216390483214,-0.005286675093448924,5.3471231657776326e-05,3.1911080968820916e-07
-396.0,0.92,0.025,0.009797958971132711,0.5248792922602417,0.5278473586035246,-0.02031055266648413,0.0358615466295939,0.18541801664340496,-0.000517301602756408,2.573872200839796e-05,0.0003966781496744223,1.0012734433409584e-05,3.178292222711163e-08,-0.01719085177691217,0.030353213067288276,0.15693780928697795,-0.00043784407657302375,-0.0011662653611451738,0.03647369516693942,0.14480029250048687,-0.07694975352415616,0.030660146505452388,-0.01871982331304044,-0.0004193372383880376,-0.0008005743751798078,0.008067216390483216,-0.005286675093448926,5.399997264783281e-05,3.220679182513615e-07
-395.84,0.92,0.025,0.009797958971132711,0.5248792922602417,0.5278473586035246,-0.020306404946423738,0.03592505436150334,0.18541947068317952,-0.0005173089711289368,2.6107927308179394e-05,0.00039716855264186667,1.0111556557796174e-05,3.2059396333641755e-08,-0.017187341146653053,0.030406966011576428,0.15693903998624315,-0.0004378503131635321,-0.0011368795012994762,0.036521778869530584,0.14480142665073042,-0.076950359550739,0.030683880850635697,-0.01876996283745901,-0.0004234789179828118,-0.0008084741913807322,0.008067216390483214,-0.005286675093448925,5.45325060641339e-05,3.2504434791393664e-07
-395.68,0.92,0.025,0.009797958971132711,0.5248792922602417,0.5278473586035246,-0.020302198082167877,0.03598864058353375,0.1854209415744452,-0.0005173163493908525,2.647802468875153e-05,0.00039765927612995643,1.0211083757143103e-05,3.233749471649191e-08,-0.017183780456746893,0.030460785389902968,0.15694028494861043,-0.0004378565581244176,-0.0011074149725626777,0.03656989977057085,0.14480257397629873,-0.0769509725417716,0.030707603376119698,-0.018820187205576606,-0.00042765017538828046,-0.0008164303564242101,0.008067216390483216,-0.005286675093448927,5.506882863361991e-05,3.280400778573633e-07
-395.52,0.92,0.025,0.009797958971132711,0.5248792922602417,0.5278473586035246,-0.02029793193086979,0.036052305346941156,0.1854224294632286,-0.0005173237372457145,2.6849015573463986e-05,0.00039815031979700035,1.0311315479657977e-05,3.2617215410166135e-08,-0.01718016958628819,0.030514671245650996,0.15694154429767668,-0.0004378628112047728,-0.0010778716418495481,0.03661805785146254,0.14480373459152024,-0.0769515925573055,0.03073131399478318,-0.01887049651693513,-0.0004318509875122415,-0.0008244428261823239,0.008067216390483216,-0.005286675093448927,5.560893710028643e-05,3.310550873098205e-07
-395.36,0.92,0.025,0.009797958971132711,0.5248792922602417,0.5278473586035246,-0.020293606349454825,0.036116048702926715,0.18542393449519637,-0.000517331134395516,2.7220901387214886e-05,0.0003986416832996604,1.0412251177450686e-05,3.289855645272333e-08,-0.017176508414178563,0.030568623622157173,0.15694281815673422,-0.0004378690721523647,-0.0010482493759187677,0.036666253093471206,0.1448049086104427,-0.07695221965724248,0.03075501261930814,-0.01892089087113123,-0.0004360813314266271,-0.0008325115568387938,0.008067216390483217,-0.0052866750934489285,5.6152828225609305e-05,3.3408935554540926e-07
-395.2,0.92,0.025,0.009797958971132711,0.5248792922602417,0.5278473586035246,-0.020289221194620257,0.03617987070263657,0.18542545681564937,-0.000517338540540764,2.759368355645128e-05,0.00039913336629294826,1.0513890306620303e-05,3.318151588643208e-08,-0.017172796819126587,0.030622642562711595,0.15694410664876562,-0.00043787534071370264,-0.0010185480413728296,0.036714485477725406,0.1448060961468283,-0.0769528539013321,0.03077869916217948,-0.01897137036781617,-0.00044034118437111236,-0.0008406365048959407,0.008067216390483216,-0.005286675093448928,5.6700498788992886e-05,3.3714286188878327e-07
-395.04,0.92,0.025,0.009797958971132711,0.5248792922602417,0.5278473586035246,-0.020284776322834985,0.036243771397161506,0.1854269965695176,-0.0005173459553804542,2.7967363509170124e-05,0.0003996253684302222,1.0616232327338304e-05,3.3466091757849446e-08,-0.017169034679647532,0.0306767281105575,0.1569454098964397,-0.00043788161663401646,-0.0009887675046579786,0.03676275498521631,0.1448072973141498,-0.07695349534916969,0.030802373535684678,-0.01902193510669581,-0.00044463052375661615,-0.0008488176271813338,0.008067216390483214,-0.005286675093448927,5.725194558819842e-05,3.4021558571658557e-07
-394.88,0.92,0.025,0.009797958971132711,0.5248792922602417,0.5278473586035246,-0.020280271590339304,0.03630775083753671,0.1854285539013546,-0.0005173533786120984,2.8341942674918433e-05,0.00040011768936318347,1.0719276703933553e-05,3.375228211785888e-08,-0.017165221874063188,0.030730880308891075,0.15694672802210655,-0.00043788789965728013,-0.0009589076320640925,0.036811061596797465,0.14480851222558613,-0.07695414406019395,0.030826035651913535,-0.019072585187530418,-0.0004489493271688782,-0.0008570548808545746,0.008067216390483214,-0.005286675093448928,5.7807165439782246e-05,3.4330750645871114e-07
-394.72,0.92,0.025,0.009797958971132711,0.5248792922602417,0.5278473586035246,-0.020275706853144664,0.03637180907474153,0.1854301289553327,-0.0005173608099317688,2.8717422484794195e-05,0.00040061032874187257,1.082302290497566e-05,3.404008502203853e-08,-0.017161358280501644,0.030785099200861234,0.1569480611477936,-0.00043789418952624917,-0.0009289682897246296,0.036859405293184405,0.14480974099401878,-0.0769548000936851,0.03084968542275782,-0.019123320710134655,-0.0004532975723719422,-0.000865348223413967,0.008067216390483214,-0.005286675093448926,5.836615517952525e-05,3.464186036013307e-07
-394.56,0.92,0.025,0.009797958971132711,0.5248792922602417,0.5278473586035246,-0.020271081967033415,0.03643594615969916,0.18543172187523735,-0.0005173682490340623,2.9093804371446905e-05,0.0004011032862146662,1.092747040335643e-05,3.432949853074324e-08,-0.017157443776897083,0.030839384829569372,0.1569494093952009,-0.00043790048598243037,-0.0008989493436165288,0.036907786054954414,0.14481098373202714,-0.07695546350876256,0.030873322759911014,-0.019174141774377422,-0.00045767523731158076,-0.0008736976127030216,0.008067216390483214,-0.005286675093448926,5.8928911662852485e-05,3.495488566883222e-07
-394.4,0.92,0.025,0.009797958971132711,0.5248792922602417,0.5278473586035246,-0.020266396787558556,0.03650016214327643,0.18543333280446217,-0.0005173756956121683,2.9471089769078065e-05,0.00040159656142827366,1.1032618676372326e-05,3.4620520709369025e-08,-0.01715347824098956,0.03089373723806917,0.15695077288569678,-0.00043790678876613927,-0.0008688506595601064,0.03695620386254619,0.1448122405518848,-0.07695613436438278,0.030896947574867974,-0.019225048480181785,-0.0004620823001187491,-0.0008821030069170497,0.008067216390483216,-0.005286675093448925,5.94954317652583e-05,3.526982453237341e-07
-394.24,0.92,0.025,0.009797958971132711,0.5248792922602417,0.5278473586035246,-0.02026165117004349,0.036564457076283474,0.18543496188600347,-0.0005173831493578645,2.9849280113441917e-05,0.0004020901540277333,1.1138467205806062e-05,3.4913149628362155e-08,-0.017149461550324808,0.030948156469366335,0.15695215174031335,-0.0004379130976164965,-0.0008386721032190137,0.03700465869625948,0.14481351156555522,-0.07695681271933716,0.030920559778924668,-0.019276040927524885,-0.0004665187391130218,-0.0008905643646096763,0.008067216390483217,-0.005286675093448926,6.0065712382726975e-05,3.558667491728377e-07
-394.08,0.92,0.025,0.009797958971132711,0.5248792922602417,0.5278473586035246,-0.02025684496958178,0.036628831009473554,0.18543660926245678,-0.0005173906099614901,3.022837684184593e-05,0.000402584063656409,1.1245015478007205e-05,3.520738336361563e-08,-0.017145393582254018,0.03100264256641842,0.15695354607974343,-0.00043791941227140527,-0.000808413540100114,0.03705315053625491,0.144814796884689,-0.0769574986322505,0.03094415928317781,-0.019327119216437812,-0.0004709845328059577,-0.0008990816446992905,0.008067216390483214,-0.005286675093448924,6.063975043214789e-05,3.590543479652441e-07
-393.92,0.92,0.025,0.009797958971132711,0.5248792922602417,0.5278473586035246,-0.020251978041036886,0.03669328399354268,0.18543827507600977,-0.0005173980771120582,3.060838139315127e-05,0.00040307828995598714,1.1352262983972272e-05,3.550321999661259e-08,-0.017141274213933622,0.031057195572134527,0.15695495602433468,-0.00043792573246764614,-0.0007780748355534134,0.037101679362553465,0.14481609662061823,-0.0769581921615782,0.03096774599852465,-0.01937828344700553,-0.00047547965990446235,-0.0009076548064754456,0.008067216390483214,-0.005286675093448925,6.121754285172899e-05,3.622610214967046e-07
-393.76,0.92,0.025,0.009797958971132711,0.5248792922602417,0.5278473586035246,-0.020247050239041935,0.036757816079129424,0.1854399594684398,-0.0005174055504971797,3.098929520777376e-05,0.0004035728325664724,1.1460209219423384e-05,3.58006576144715e-08,-0.017137103322325094,0.031111815529375145,0.15695638169408746,-0.00043793205794081294,-0.0007476558547719758,0.03715024515503637,0.14481741088435482,-0.07695889336560519,0.030991319835662574,-0.019429533719366766,-0.0004800040993140996,-0.0009162838096051384,0.008067216390483216,-0.005286675093448926,6.179908660140149e-05,3.654867496302886e-07
-393.6,0.92,0.025,0.009797958971132711,0.5248792922602417,0.5278473586035246,-0.020242061417999457,0.0368224273168146,0.1854416625811071,-0.0005174130298031353,3.137111972768399e-05,0.00040406769112618474,1.1568853684889078e-05,3.609969431030852e-08,-0.01713288078419474,0.031166502480951878,0.15695782320864904,-0.00043793838842537375,-0.0007171564627918492,0.03719884789344465,0.1448187397865848,-0.07695960230244307,0.03101488070508886,-0.019480870133713905,-0.0004845578301424667,-0.0009249686141392759,0.008067216390483214,-0.005286675093448925,6.238437866323756e-05,3.687315122993659e-07
-393.44,0.92,0.025,0.009797958971132711,0.5248792922602417,0.5278473586035246,-0.020237011432081148,0.03688711775712108,0.18544338455495182,-0.0005174205147148622,3.1753856396408364e-05,0.0004045628652717561,1.1678195885779625e-05,3.6400328183215067e-08,-0.017128606476113483,0.03122125646962728,0.15695928068731124,-0.00043794472365465937,-0.0006865765244919486,0.03724748755737892,0.1448200834376664,-0.07696031903002912,0.03103842851710038,-0.019532292790292928,-0.0004891408317023695,-0.0009337091805186857,0.008067216390483216,-0.005286675093448925,6.297341604183756e-05,3.7199528950839437e-07
-393.28,0.92,0.025,0.009797958971132711,0.5248792922602417,0.5278473586035246,-0.0202319001352276,0.03695188745051337,0.18544512553048814,-0.0005174280049159875,3.213750665902924e-05,0.00040505835463812624,1.1788235332467441e-05,3.6702557338661106e-08,-0.017124280274456644,0.03127607753811452,0.15696075424900516,-0.0004379510633608919,-0.0006559159045940132,0.03729616412629892,0.14482144194762514,-0.0769610436061236,0.03106196318179323,-0.01958380178940324,-0.0004937530835151792,-0.0009425054695805526,0.008067216390483216,-0.005286675093448925,6.356619576474583e-05,3.752780613361073e-07
-393.12,0.92,0.025,0.009797958971132711,0.5248792922602417,0.5278473586035246,-0.0202267273811481,0.03701673644739752,0.18544688564780085,-0.0005174355000888283,3.252207196218588e-05,0.0004055541588585397,1.1898971540361414e-05,3.700637988852855e-08,-0.01711990205540375,0.031330965729077266,0.15696224401229864,-0.00043795740727518433,-0.0006251744676624968,0.03734487757952339,0.1448228154261513,-0.07696177608830856,0.031085484609062495,-0.019635397231397636,-0.0004983945653139601,-0.0009513574425643511,0.008067216390483214,-0.005286675093448923,6.416271488283296e-05,3.785798079365949e-07
-392.96,0.92,0.025,0.009797958971132711,0.5248792922602417,0.5278473586035246,-0.020221493023320308,0.0370816647981207,0.18544866504654076,-0.0005174429999143987,3.290755375407483e-05,0.00040605027756454245,1.2010404029985187e-05,3.731179395137975e-08,-0.01711547169493831,0.031385921085129366,0.1569637500953921,-0.00043796375512754706,-0.0005943520781044909,0.037393627896229596,0.1448242039825962,-0.07696251653398586,0.031108992708601936,-0.019687079216682186,-0.0005030652570467473,-0.0009602650611181074,0.008067216390483216,-0.0052866750934489224,6.476297047070003e-05,3.8190050954172394e-07
-392.8,0.92,0.025,0.009797958971132711,0.5248792922602417,0.5278473586035246,-0.02021619691499008,0.03714667255297102,0.18545046386591946,-0.0005174505040724683,3.329395348445047e-05,0.0004065467103859778,1.212253232705227e-05,3.761879765247164e-08,-0.017110989068847605,0.03144094364883467,0.15696527261611423,-0.00043797010664693714,-0.0005634486001696435,0.03744241505545309,0.1448256077259684,-0.07696326500037509,0.03113248738990362,-0.019738847845716084,-0.0005077651388797107,-0.0009692282873043941,0.008067216390483216,-0.0052866750934489224,6.53669596270664e-05,3.8524014646215735e-07
-392.64,0.92,0.025,0.009797958971132711,0.5248792922602417,0.5278473586035246,-0.02021083890917117,0.037211759762177235,0.18545228224470678,-0.0005174580122415173,3.368127260462567e-05,0.0004070434569509835,1.2235355962540686e-05,3.792738912412297e-08,-0.01710645405272248,0.03149603346270681,0.15696681169191984,-0.00043797646156122026,-0.000532463897950071,0.0374912390360874,0.14482702676493117,-0.0769640215445124,0.031155968562257715,-0.019790703219011614,-0.0005124941912002694,-0.0009782470836063053,0.008067216390483212,-0.0052866750934489224,6.597467947515385e-05,3.885986990902305e-07
-392.48,0.92,0.025,0.009797958971132711,0.5248792922602417,0.5278473586035246,-0.020205418858644998,0.03727692647590844,0.18545412032122507,-0.0005174655240988085,3.406951256747231e-05,0.00040754051688598786,1.2348874472766818e-05,3.8237566505861644e-08,-0.017101866521957127,0.0315511905692089,0.1569683674398849,-0.0004379828195972315,-0.0005013978353802773,0.03754009981688366,0.14482846120779852,-0.07696478622324829,0.031179436134752107,-0.01984264543713401,-0.0005172523946201928,-0.0009873214129333563,0.008067216390483214,-0.0052866750934489224,6.658612716306801e-05,3.9197614790168033e-07
-392.32,0.92,0.025,0.009797958971132711,0.5248792922602417,0.5278473586035246,-0.02019993661596041,0.03734217274427383,0.1854559782333464,-0.0005174730393203653,3.445867482742189e-05,0.0004080378898157062,1.2463087399461145e-05,3.854932794438296e-08,-0.01709722635174889,0.03160641501075337,0.1569699399767044,-0.0004379891804807572,-0.0004702502762370805,0.037588997376450335,0.1448299111625328,-0.07696555909324643,0.031202890016272116,-0.019894674600701354,-0.0005220397299787945,-0.0009964512386275274,0.008067216390483214,-0.005286675093448924,6.720129986418913e-05,3.953724734563445e-07
-392.16,0.92,0.025,0.009797958971132711,0.5248792922602417,0.5278473586035246,-0.0201943920334334,0.03740749861732244,0.18545785611848734,-0.0005174805575809767,3.484876084046602e-05,0.0004085355753631374,1.2577994289838555e-05,3.8862671594103377e-08,-0.01709253341709803,0.031661706829701715,0.1569715294186877,-0.0004379955439365387,-0.00043902108413949745,0.03763793169325291,0.14483137673674054,-0.07696634021098143,0.031226330115500193,-0.019946790810384477,-0.0005268561783458503,-0.0010056365244689009,0.008067216390483214,-0.0052866750934489224,6.782019477753442e-05,3.987876564020078e-07
-392.0,0.92,0.025,0.009797958971132711,0.5248792922602417,0.5278473586035246,-0.020188784963146893,0.03747290414504281,0.18545975411360716,-0.0005174880785542573,3.523977206415705e-05,0.0004090335731495606,1.269359469667448e-05,3.917759561703794e-08,-0.017087787592807532,0.03171706606836424,0.1569731358817571,-0.00043800190968832335,-0.0004077101225487097,0.037686902745613524,0.1448328580376712,-0.07696712963273826,0.031249756340915622,-0.01999899416690687,-0.0005317017210248162,-0.0010148772346817315,0.008067216390483216,-0.0052866750934489224,6.844280912815111e-05,4.0222167747470093e-07
-391.84,0.92,0.025,0.009797958971132711,0.5248792922602417,0.5278473586035246,-0.020183115256950483,0.03753838937736278,0.18546167235520186,-0.000517495601912617,3.563170995760863e-05,0.0004095318827945311,1.280988817837357e-05,3.949409818305178e-08,-0.01708298875348289,0.031772492768999856,0.15697475948144288,-0.000438008277458839,-0.00037631725476795894,0.037735910511710706,0.14483435517221235,-0.07696792741460964,0.03127316860079419,-0.020051284771044554,-0.0005365763395557019,-0.0010241733339399395,0.008067216390483214,-0.0052866750934489224,6.906914016747066e-05,4.05674517500886e-07
-391.68,0.92,0.025,0.009797958971132711,0.5248792922602417,0.5278473586035246,-0.020177382766460174,0.03760395436414916,0.18546361097930136,-0.0005175031273272875,3.60245759814962e-05,0.0004100305039158775,1.2926874299041657e-05,3.981217746998554e-08,-0.017078136773531892,0.03182798697381585,0.15697640033288068,-0.0004380146469698162,-0.0003448423439424364,0.03778495496957903,0.14483586824688757,-0.076968733612495,0.03129656680320792,-0.02010366272362599,-0.0005414800157180927,-0.001033524787372861,0.008067216390483217,-0.0052866750934489224,6.969918517367996e-05,4.0914615739902416e-07
-391.52,0.92,0.025,0.009797958971132711,0.5248792922602417,0.5278473586035246,-0.02017158734305814,0.037669599155207484,0.18546557012146667,-0.0005175106544683517,3.641837159805766e-05,0.0004105294361296975,1.3044552628558097e-05,4.013183166396319e-08,-0.01707323152716441,0.03188354872496762,0.1569780585508094,-0.00043802101794201287,-0.00031328525305924197,0.037834036097108795,0.14483739736785414,-0.07696954828209925,0.031319950856024695,-0.02015612812553198,-0.0005464127315341729,-0.0010429315605710338,0.008067216390483216,-0.005286675093448924,7.033294145209463e-05,4.1263657818213564e-07
-391.36,0.92,0.025,0.009797958971132711,0.5248792922602417,0.5278473586035246,-0.020165728837892454,0.03773532380028172,0.18546754991678613,-0.0005175181830047238,3.681309827109368e-05,0.00041102867905035487,1.3162922742644731e-05,4.0453058959552444e-08,-0.017068272888392175,0.03193917806455845,0.1569797342495678,-0.00043802739009519824,-0.00028164584494728176,0.03788315387204569,0.14483894264090016,-0.0769703714789313,0.03134332066690804,-0.020208681077695544,-0.0005513744692716186,-0.0010523936195917097,0.008067216390483217,-0.005286675093448924,7.097040633551463e-05,4.161457609594994e-07
-391.2,0.92,0.025,0.009797958971132711,0.5248792922602417,0.5278473586035246,-0.020159807101876887,0.037801128349054,0.18546955049987032,-0.000517525712604208,3.7208757465968583e-05,0.00041152823229047536,1.3281984222934239e-05,4.0775857559746045e-08,-0.0170632607310286,0.031994875034639304,0.15698142754309025,-0.00043803376314820164,-0.00024992398227719696,0.03793230827199052,0.14484050417144065,-0.07697120325830195,0.031366676143316716,-0.020261321681101827,-0.0005563652114464799,-0.00106191093096431,0.008067216390483216,-0.005286675093448922,7.161157718457742e-05,4.196736869374153e-07
-391.04,0.92,0.025,0.009797958971132711,0.5248792922602417,0.5278473586035246,-0.020153821985690615,0.03786701285114431,0.1854715720048516,-0.0005175332429334668,3.760535064961067e-05,0.0004120280954609439,1.3401736657040577e-05,4.110022567621137e-08,-0.017058194928688538,0.032050639677208545,0.1569831385449064,-0.0004380401368188863,-0.00021811952756128347,0.03798149927439882,0.14484208206451687,-0.07697204367532365,0.03139001719250451,-0.020314050036788003,-0.0005613849408261272,-0.0010714834616960586,0.008067216390483217,-0.005286675093448925,7.225645138812064e-05,4.23220337421395e-07
-390.88,0.92,0.025,0.009797958971132711,0.5248792922602417,0.5278473586035246,-0.020147773339777963,0.037932977356110294,0.185473614565379,-0.000517540773658053,3.800287929051272e-05,0.00041252826817090004,1.3522179638626659e-05,4.142616152971388e-08,-0.017053075354788068,0.032106472034211755,0.1569848673681368,-0.0004380465108241761,-0.0001862323431533747,0.038030726856580606,0.14484367642479276,-0.07697289278490851,0.031413343721519854,-0.02036686624584314,-0.0005664336404320711,-0.0010811111792774005,0.008067216390483217,-0.005286675093448923,7.290502636353181e-05,4.2678569381929025e-07
-390.72,0.92,0.025,0.009797958971132711,0.5248792922602417,0.5278473586035246,-0.020141661014348198,0.03799902191344686,0.18547567831461553,-0.0005175483044424199,3.8401344858732845e-05,0.00041302875002773525,1.3643312767471171e-05,4.175366334983054e-08,-0.017047901882544316,0.032162372147541425,0.1569866141254906,-0.0004380528848800642,-0.00015426229124881555,0.03807999099569999,0.14484528735655242,-0.07697375064176712,0.03143665563720553,-0.020419770409408112,-0.0005715112935427985,-0.0010907940516873258,0.008067216390483216,-0.005286675093448924,7.355729955709289e-05,4.303697376405662e-07
-390.56,0.92,0.025,0.009797958971132711,0.5248792922602417,0.5278473586035246,-0.020135484859375233,0.038065146572585994,0.18547776338523603,-0.0005175558349499522,3.880074882589457e-05,0.00041352954063708874,1.3765135649537673e-05,4.208272937559118e-08,-0.017042674384975198,0.03221834005903679,0.1569883789292638,-0.00043805925870163957,-0.00012220923388434757,0.038129291668774885,0.1448469149636987,-0.07697461730040765,0.0314599528461984,-0.020472762628675492,-0.0005766178836966343,-0.0011005320473989105,0.008067216390483217,-0.005286675093448925,7.421326844433683e-05,4.339724505006191e-07
-390.4,0.92,0.025,0.009797958971132711,0.5248792922602417,0.5278473586035246,-0.020129244724597397,0.03813135138289643,0.1854798699094229,-0.0005175633648429241,3.920109266518781e-05,0.0004140306396028442,1.3887647897037315e-05,4.241335785511391e-08,-0.017037392734899237,0.03227437581048354,0.15699016189133555,-0.00043806563200305093,-9.007303293802209e-05,0.03817862885267668,0.14484855934974974,-0.07697549281513419,0.031483235254929035,-0.020525843004889445,-0.0005817533946944121,-0.0011103251353843076,0.008067216390483216,-0.005286675093448924,7.487293053037087e-05,4.375938141195545e-07
-390.24,0.92,0.025,0.009797958971132711,0.5248792922602417,0.5278473586035246,-0.020122940459517204,0.038197636393683385,0.1854819980188645,-0.0005175708937825883,3.9602377851369054e-05,0.0004145320465271262,1.4010849128499396e-05,4.2745547046456444e-08,-0.01703205680493536,0.03233047944361362,0.15699196312316693,-0.0004380720044975827,-5.7853550129159054e-05,0.03822800252412993,0.14485022061783775,-0.07697637724004604,0.03150650276962146,-0.0205790116393456,-0.00058691781060238,-0.0011201732851204161,0.008067216390483219,-0.005286675093448924,7.553628335024115e-05,4.412338103276845e-07
-390.08,0.92,0.025,0.009797958971132711,0.5248792922602417,0.5278473586035246,-0.020116571913401063,0.038264001654188286,0.18548414784475203,-0.0005175784214291033,4.0004605860762233e-05,0.00041503376101029616,1.413473896883192e-05,4.3079295217064306e-08,-0.01702666646750266,0.03238665100010497,0.15699378273579814,-0.00043807837589759306,-2.555064701821476e-05,0.038277412659712004,0.1448518988707065,-0.0769772706290364,0.031529755296292795,-0.020632268633390974,-0.000592111115754795,-0.0011300764665936904,0.008067216390483216,-0.0052866750934489224,7.620332446924431e-05,4.4489242106325007e-07
-389.92,0.92,0.025,0.009797958971132711,0.5248792922602417,0.5278473586035246,-0.02011013893527904,0.03833044721358845,0.185486319517777,-0.0005175859474416324,4.040777817125895e-05,0.0004155357826509496,1.4259317049388313e-05,4.341460064433557e-08,-0.017021221594820182,0.032442890521581266,0.15699562083984647,-0.0004380847459145977,6.835814993261598e-06,0.038326859235852766,0.14485359421070945,-0.07697817303579141,0.031552992740752996,-0.020685614088423843,-0.0005973332947566901,-0.0011400346503054894,0.008067216390483217,-0.005286675093448923,7.687405148327193e-05,4.48569628376326e-07
-389.76,0.92,0.025,0.009797958971132711,0.5248792922602417,0.5278473586035246,-0.020103641373944634,0.03839697312099684,0.18548851316812887,-0.0005175934714782715,4.081189626231914e-05,0.00041603811104591165,1.4384583008032195e-05,4.3751461615888056e-08,-0.017015722058906738,0.032499198049611724,0.15699747754550428,-0.00043809111425920896,3.930597466272113e-05,0.03837634222883427,0.1448553067398078,-0.07697908451378915,0.03157621500860451,-0.020739048105893637,-0.0006025843324865812,-0.001150047807277259,0.008067216390483217,-0.005286675093448926,7.754846201914496e-05,4.522654144310237e-07
-389.6,0.92,0.025,0.009797958971132711,0.5248792922602417,0.5278473586035246,-0.020097079077954483,0.038463579425461795,0.18549072892549262,-0.0005176009931961124,4.1216961614971604e-05,0.0004165407457902339,1.4510536489199042e-05,4.4089876429367685e-08,-0.017010167731580674,0.03255557362571086,0.15699935296253698,-0.00043809748064118953,7.185997090671069e-05,0.038425861614790446,0.1448570365595686,-0.0769800051162986,0.03159942200524197,-0.020792570787300815,-0.000607864214099081,-0.0011601159090554463,0.008067216390483217,-0.005286675093448923,7.822655373493122e-05,4.5597976150522865e-07
-389.44,0.92,0.025,0.009797958971132711,0.5248792922602417,0.5278473586035246,-0.020090451895628154,0.038530266175966686,0.18549296691904593,-0.0005176085122512327,4.162297571181456e-05,0.00041704368647719066,1.463717714395945e-05,4.4429843392867157e-08,-0.01700455848445967,0.032612017291338204,0.1570012472002805,-0.0004381038447694433,0.00010449794280090546,0.0384754173697067,0.14485878377116262,-0.07698093489637854,0.031622613635851865,-0.02084618223419679,-0.0006131729250275309,-0.0011702389277165647,0.008067216390483216,-0.005286675093448923,7.890832432027215e-05,4.5971265199362837e-07
-389.28,0.92,0.025,0.009797958971132711,0.5248792922602417,0.5278473586035246,-0.020083759675047864,0.03859703342142967,0.18549522727745868,-0.0005176160282987192,4.2029940037015995e-05,0.00041754693269827547,1.4764504630082426e-05,4.477136082496477e-08,-0.016998894188960514,0.03266852908789807,0.15700316036764103,-0.00043811020635203595,0.00013722002958023902,0.038525009469419676,0.1448605484753639,-0.07698187390687737,0.031645789805412286,-0.020899882548183785,-0.0006185104509866642,-0.00118041683587225,0.008067216390483219,-0.005286675093448927,7.959377149670861e-05,4.6346406840869687e-07
-389.12,0.92,0.025,0.009797958971132711,0.5248792922602417,0.5278473586035246,-0.02007700226405823,0.03866388121070343,0.18549751012888918,-0.00051762354099265,4.2437856076314465e-05,0.0004180504840431971,1.489251861209489e-05,4.511442705494082e-08,-0.016993174716298888,0.032725109056739386,0.1570050925730918,-0.000438116565096179,0.0001700263706389749,0.038574637889616875,0.14486233077254665,-0.07698282220043148,0.03166895041869254,-0.020953671830914733,-0.0006238767779750969,-0.0011906496066740179,0.008067216390483217,-0.005286675093448925,8.028289301798804e-05,4.6723399338257674e-07
-388.96,0.92,0.025,0.009797958971132711,0.5248792922602417,0.5278473586035246,-0.020070179510266038,0.03873080959257482,0.18549981560098266,-0.0005176310499861533,4.28467253170194e-05,0.00041855434009987666,1.5021218761344208e-05,4.545904042298403e-08,-0.016987399937489177,0.03278175723915533,0.15700704392467174,-0.00043812292070828017,0.00020291710553075007,0.03862430260583635,0.14486413076268442,-0.07698377982946472,0.0316920953802529,-0.021007550184093192,-0.0006292718922779447,-0.0012009372138182652,0.008067216390483217,-0.005286675093448925,8.097568667038692e-05,4.710224096689793e-07
-388.8,0.92,0.025,0.009797958971132711,0.5248792922602417,0.5278473586035246,-0.02006329126103997,0.03879781861576464,0.18550214382087052,-0.0005176385549313797,4.325654924801162e-05,0.0004190585004544429,1.515060475605832e-05,4.580519928025404e-08,-0.016981569723344234,0.03283847367638319,0.1570090145299848,-0.00043812927289391975,0.0002358923739686963,0.038674003593466365,0.14486594854534915,-0.07698474684618803,0.03171522459444425,-0.02106151770947317,-0.0006346957804693529,-0.0012112796315510701,0.008067216390483217,-0.005286675093448924,8.167215027302026e-05,4.748293001442326e-07
-388.64,0.92,0.025,0.009797958971132711,0.5248792922602417,0.5278473586035246,-0.020056337363510368,0.03886490832892732,0.1855044949151671,-0.0005176460554795059,4.3667329359743926e-05,0.0004195629646912296,1.528067628140481e-05,4.6152901989029333e-08,-0.016975683944475177,0.03289525840960408,0.15701100449619745,-0.0004381356213578539,0.00026895231582549443,0.03872374082774509,0.14486778421970886,-0.07698572330259819,0.0317383379654078,-0.02111557450885908,-0.0006401484294149717,-0.001221676834672916,0.008067216390483217,-0.005286675093448925,8.237228167814647e-05,4.786546478088e-07
-388.48,0.92,0.025,0.009797958971132711,0.5248792922602417,0.5278473586035246,-0.02004931766456898,0.03893207878065065,0.18550686900996924,-0.0005176535512807566,4.4079067144241606e-05,0.00042006773239277115,1.5411433029551228e-05,4.650214692306617e-08,-0.016969742471291186,0.03295211147994271,0.15701301393003797,-0.0004381419658040324,0.0003020970711334589,0.03877351428376023,0.14486963788452714,-0.07698670925047751,0.031761435397074746,-0.021169720684105595,-0.0006456298262744705,-0.001232128798543519,0.008067216390483216,-0.005286675093448924,8.3076078771478e-05,4.824984357899517e-07
-388.32,0.92,0.025,0.009797958971132711,0.5248792922602417,0.5278473586035246,-0.02004223201086868,0.038999330019455464,0.18550926623085395,-0.0005176610419844305,4.449176409510293e-05,0.00042057280313979954,1.554287469972336e-05,4.6852932467446574e-08,-0.01696374517399925,0.03300903292846711,0.15701504293779478,-0.00043814830593562196,0.0003353267800846332,0.038823323936448745,0.1448715096381616,-0.07698770474139308,0.031784516793165976,-0.021223956337117537,-0.0006511399585040049,-0.001242635499086475,0.008067216390483219,-0.005286675093448924,8.378353947248174e-05,4.863606473416635e-07
-388.16,0.92,0.025,0.009797958971132711,0.5248792922602417,0.5278473586035246,-0.020035080248823268,0.03906666209379538,0.18551168670287801,-0.0005176685272388735,4.49054217074996e-05,0.00042107817651124,1.5675000998262204e-05,4.7205257018944875e-08,-0.016957691922604014,0.033066022796188414,0.15701709162531596,-0.00043815464145498256,0.00036864158303083337,0.03887316976059647,0.14487339957856313,-0.0769887098266964,0.031807582057191745,-0.021278281569849757,-0.0006566788138585877,-0.0012531969127938221,0.008067216390483219,-0.005286675093448926,8.449466173467196e-05,4.902412658472604e-07
-388.0,0.92,0.025,0.009797958971132711,0.5248792922602417,0.5278473586035246,-0.02002786222460718,0.03913407505205651,0.18551413055057508,-0.0005176760066915256,4.532004147817737e-05,0.000421583852084208,1.5807811638683027e-05,4.7559118986167685e-08,-0.01695158258690752,0.03312308112406063,0.15701916009800676,-0.0004381609720637073,0.00040204162048375835,0.03892305173083784,0.144875307803274,-0.07698972455752232,0.031830631092451385,-0.021332696484307044,-0.0006622463803945657,-0.0012638130167307593,0.008067216390483217,-0.005286675093448925,8.520944354591543e-05,4.941402748209144e-07
-387.84,0.92,0.025,0.009797958971132711,0.5248792922602417,0.5278473586035246,-0.02002057778415524,0.03920156894255712,0.18551659789795721,-0.0005176834799888994,4.573562490545635e-05,0.00042208982943400504,1.594130634173195e-05,4.791451678961479e-08,-0.016945417036508995,0.03318020795298035,0.157021248460831,-0.0004381672974626045,0.00043552703311505324,0.0389729698216555,0.144877234409429,-0.07699074898478966,0.03185366380203294,-0.02138720118254399,-0.0006678426464720006,-0.0012744837885401688,0.008067216390483219,-0.005286675093448926,8.59278829287215e-05,4.980576579086322e-07
-387.68,0.92,0.025,0.009797958971132711,0.5248792922602417,0.5278473586035246,-0.020013226773162425,0.03926914381354744,0.1855190888685103,-0.0005176909467765936,4.615217348923173e-05,0.00042259610813411545,1.607548483544056e-05,4.827144886198052e-08,-0.016939195140804678,0.03323740332378655,0.15702335681830712,-0.0004381736173517088,0.0004690979617563934,0.03902292400738003,0.14487917949375162,-0.07699178315919931,0.031876680088812906,-0.021441795766664877,-0.0006734676007569437,-0.0012852092064469854,0.008067216390483216,-0.005286675093448924,8.664997794052448e-05,5.019933988905505e-07
-387.52,0.92,0.025,0.009797958971132711,0.5248792922602417,0.5278473586035246,-0.020005809037083596,0.03933679971320924,0.18552160358519657,-0.0005176984066992983,4.656968873097409e-05,0.0004231026877562024,1.621034685518481e-05,4.862991364809188e-08,-0.016932916768987557,0.033294667277260305,0.15702548527451038,-0.0004381799314302861,0.0005027545473995544,0.03907291426218955,0.14488114315255626,-0.07699282713123526,0.0318996798554559,-0.02149648033882358,-0.0006791212322239244,-0.0012959892492628953,0.008067216390483217,-0.005286675093448926,8.737572667398576e-05,5.059474816813056e-07
-387.36,0.92,0.025,0.009797958971132711,0.5248792922602417,0.5278473586035246,-0.01999832442113326,0.039404536689655684,0.18552414217045143,-0.0005177058594008332,4.698817213372999e-05,0.00042360956787010416,1.6345892143737663e-05,4.8989909605268884e-08,-0.016926581790047194,0.03335199985412457,0.1570276339330701,-0.00043818623939686526,0.0005364969311965006,0.039122940560109475,0.14488312548174567,-0.0769938809511633,0.031922663004414306,-0.02155125500122343,-0.0006848035301581382,-0.0013068238963905552,0.008067216390483217,-0.005286675093448924,8.810512725726534e-05,5.099198903326266e-07
-387.2,0.92,0.025,0.009797958971132711,0.5248792922602417,0.5278473586035246,-0.019990772770285305,0.0394723547909309,0.18552670474618385,-0.0005177133045240988,4.7407625202122503e-05,0.0004241167480438308,1.6482120451324356e-05,4.93514352034595e-08,-0.016920190072769483,0.033409401095043915,0.15702980289717003,-0.00043819254094919723,0.000570325254459448,0.03917300287501208,0.1448851265768112,-0.07699494466903122,0.031945629437928016,-0.021606119856117115,-0.0006905144841577656,-0.001317713127828009,0.008067216390483219,-0.005286675093448925,8.88381778543056e-05,5.139106090346965e-07
-387.04,0.92,0.025,0.009797958971132711,0.5248792922602417,0.5278473586035246,-0.019983153929272756,0.039540254065009786,0.18552929143377497,-0.0005177207417111284,4.782804944235157e-05,0.00042462422784355985,1.6619031535677073e-05,4.9714488925197844e-08,-0.01691374148573646,0.033466871040624284,0.15703199226954714,-0.00043819883578429913,0.0006042396586609535,0.03922310118061626,0.1448871465328318,-0.07699601833466822,0.031968579058024055,-0.021661075005806538,-0.0006962540841362777,-0.001328656924173048,0.008067216390483216,-0.005286675093448924,8.957487666511281e-05,5.179196221166087e-07
-386.88,0.92,0.025,0.009797958971132711,0.5248792922602417,0.5278473586035246,-0.019975467742587516,0.039608234559797686,0.18553190235407901,-0.0005177281706030912,4.824944636219457e-05,0.00042513200683363353,1.6756625162088262e-05,5.007906926588938e-08,-0.016907235897326074,0.03352440973141276,0.15703420215249247,-0.0004382051235984564,0.0006382402854339948,0.039273235450487116,0.14488918544447468,-0.0769971019976853,0.03199151176651635,-0.021716120552642743,-0.0007020223203246614,-0.0013396552666274813,0.008067216390483217,-0.005286675093448925,9.031522192603067e-05,5.219469140485337e-07
-386.72,0.92,0.025,0.009797958971132711,0.5248792922602417,0.5278473586035246,-0.019967714054480116,0.03967629632313007,0.1855345376274214,-0.0005177355908402701,4.8671817471006796e-05,0.0004256400845765539,1.6894901103463715e-05,5.044517473408696e-08,-0.01690067317571197,0.033582017207897295,0.15703643264784947,-0.00043821140408720465,0.0006723272765720355,0.03932340565803569,0.14489124340599377,-0.07699819570747443,0.0320144274650053,-0.021771256599025755,-0.0007078191832736323,-0.001350708137001383,0.008067216390483216,-0.0052866750934489224,9.105921191001368e-05,5.259924694438335e-07
-386.56,0.92,0.025,0.009797958971132711,0.5248792922602417,0.5278473586035246,-0.019959892708959474,0.03974443940277227,0.1855371973735995,-0.0005177430020620981,4.90951642797219e-05,0.0004261484606329802,1.703385914037412e-05,5.081280385134494e-08,-0.0168940531888633,0.033639693510506455,0.1570386838570146,-0.0004382176769453598,0.0007065007740291079,0.03937361177651857,0.1448933205112305,-0.076999299513209,0.03203732605487757,-0.021826483247404483,-0.0007136446638558192,-0.001361815517717201,0.008067216390483216,-0.005286675093448924,9.180684492689114e-05,5.300562730588966e-07
-386.4,0.92,0.025,0.009797958971132711,0.5248792922602417,0.5278473586035246,-0.01995200354979262,0.03981266384641918,0.18553988171188146,-0.0005177504039071347,4.951948830085244e-05,0.0004266571345617245,1.7173499061108146e-05,5.118195515269128e-08,-0.016887375804544476,0.0336974386796092,0.15704095588093647,-0.00043822394186699884,0.0007407609199198841,0.0394238537790376,0.14489541685361257,-0.07700041346384315,0.032060207437305685,-0.021881800600276613,-0.0007194987532679637,-0.0013729773918140157,0.008067216390483214,-0.005286675093448924,9.25581193236407e-05,5.341383097963066e-07
-386.24,0.92,0.025,0.009797958971132711,0.5248792922602417,0.5278473586035246,-0.01994404642050446,0.039880969701694954,0.1855425907610079,-0.0005177577960130868,4.994479104849023e-05,0.00042716610591974805,1.731382066172304e-05,5.155262718643598e-08,-0.016880640890314977,0.03375525275551461,0.1570432488201171,-0.0004382301985454767,0.0007751078565197674,0.039474131638539516,0.1448975325261557,-0.07700153760811265,0.03208307151324776,-0.021937208760188454,-0.0007253814430330658,-0.0013841937429515687,0.008067216390483212,-0.005286675093448923,9.331303348464682e-05,5.382385647044071e-07
-386.08,0.92,0.025,0.009797958971132711,0.5248792922602417,0.5278473586035246,-0.019936021164377527,0.0399493570161527,0.18554532463918996,-0.0005177651780168401,5.0371074038306914e-05,0.0004276753742621579,1.7454823746095674e-05,5.192481851470903e-08,-0.01687384831352914,0.03381313577847165,0.1570455627746104,-0.0004382364466734535,0.0008095417262649506,0.03952444532781562,0.1448996676214616,-0.077002671994534,0.03210591818344719,-0.021992707829734854,-0.0007312927250024931,-0.0013954645554143607,0.008067216390483214,-0.005286675093448925,9.407158583196366e-05,5.42357022980827e-07
-385.92,0.92,0.025,0.009797958971132711,0.5248792922602417,0.5278473586035246,-0.019927927624451707,0.040017825837274215,0.18554808346411175,-0.0005177725495544225,5.079833878755446e-05,0.00042818493914220277,1.7596508125972097e-05,5.229852771319585e-08,-0.016866997941335924,0.033871087788668895,0.1570478978440242,-0.0004382426859428632,0.0008440626717525052,0.039574794819501484,0.14490182223172032,-0.07700381667140548,0.032128747348432296,-0.022048297911559073,-0.000737232591358089,-0.001406789814115597,0.008067216390483212,-0.005286675093448924,9.483377482556804e-05,5.464936699716055e-07
-385.76,0.92,0.025,0.009797958971132711,0.5248792922602417,0.5278473586035246,-0.019919765643524007,0.04008637621246965,0.18555086735292797,-0.0005177799102610173,5.122658681506552e-05,0.0004286948001112694,1.7738873621020007e-05,5.2673753371662774e-08,-0.01686008964067872,0.03392910882623432,0.15705025412751825,-0.00043824891604492505,0.0008786708357404463,0.039625180086076496,0.14490399644870816,-0.07700497168680613,0.03215155890851601,-0.022103979108352642,-0.0007432010346143422,-0.0014181695046013964,0.00806721639048321,-0.005286675093448924,9.559959896363022e-05,5.506484911746665e-07
-385.6,0.92,0.025,0.009797958971132711,0.5248792922602417,0.5278473586035246,-0.019911535064148295,0.040155008189077246,0.18555367642226728,-0.0005177872597709835,5.165581964125396e-05,0.00042920495671887923,1.788192005887437e-05,5.305049409371486e-08,-0.016853123278295117,0.03398719893123498,0.15705263172380704,-0.00043825513667016046,0.0009133663611478128,0.03967560109986367,0.14490619036379035,-0.07700613708859722,0.032174352763795606,-0.022159751522855285,-0.0007491980476203271,-0.0014296036130544234,0.00806721639048321,-0.005286675093448923,9.636905678274516e-05,5.548214722390292e-07
-385.44,0.92,0.025,0.009797958971132711,0.5248792922602417,0.5278473586035246,-0.019903235728635043,0.04022372181436299,0.18555651078823057,-0.0005177945977178567,5.208603878811533e-05,0.00042971540851268375,1.8025647275187555e-05,5.3428748497377085e-08,-0.016846098720716702,0.03404535814367684,0.15705503073115837,-0.0004382613475083939,0.000948149391054748,0.039726057833029196,0.14490840406791963,-0.07700731292442148,0.032197128814152313,-0.022215615257854735,-0.0007552236235617714,-0.0014410921262979141,0.008067216390483209,-0.005286675093448923,9.714214685819077e-05,5.590125989685412e-07
-385.28,0.92,0.025,0.009797958971132711,0.5248792922602417,0.5278473586035246,-0.019894867479051077,0.04029251713552037,0.1855593705663924,-0.0005178019237343217,5.251724577922734e-05,0.00043022615503846186,1.8170055113677904e-05,5.380851521487967e-08,-0.016839015834268833,0.034103586503504445,0.15705745124739454,-0.0004382675482487299,0.000983020068702575,0.03977655025758215,0.1449106376516376,-0.07700849924170369,0.032219886959251036,-0.022271570416186694,-0.0007612777559631179,-0.0014526350317995442,0.008067216390483209,-0.005286675093448923,9.791886780417603e-05,5.632218573212669e-07
-385.12,0.92,0.025,0.009797958971132711,0.5248792922602417,0.5278473586035246,-0.019886430157219328,0.040361394199670046,0.18556225587180286,-0.0005178092374522845,5.294944213975014e-05,0.00043073719584011517,1.8315143426176392e-05,5.41897928928959e-08,-0.01683187448507044,0.03416188405060073,0.15705989336989395,-0.0004382737385796137,0.001017978537493855,0.03982707834537416,0.14491289120507586,-0.0770096960876515,0.03224262709854004,-0.02232761710073464,-0.0007673604386894729,-0.0014642323176751629,0.00806721639048321,-0.005286675093448924,9.869921827407889e-05,5.67449233411339e-07
-384.96,0.92,0.025,0.009797958971132711,0.5248792922602417,0.5278473586035246,-0.019877923604718566,0.04043035305385953,0.18556516681898674,-0.0005178165385027956,5.3382629396427146e-05,0.0004312485304596646,1.846091207267535e-05,5.457258019286318e-08,-0.016824674539033795,0.034220250824786705,0.1570623571955904,-0.0004382799181887662,0.0010530249409924828,0.03987764206809902,0.14491516481795558,-0.07701090350925506,0.032265349131250586,-0.022383755414429746,-0.0007734716659486321,-0.0014758839726926973,0.008067216390483209,-0.005286675093448924,9.948319696069626e-05,5.71694713511222e-07
-384.8,0.92,0.025,0.009797958971132711,0.5248792922602417,0.5278473586035246,-0.019869347662883168,0.04049939374506292,0.18556810352194525,-0.0005178238265161014,5.381680907758498e-05,0.00043176015843724683,1.860736092137406e-05,5.495687579088447e-08,-0.016817415861864315,0.03427868686582126,0.15706484282097447,-0.00043828608676322825,0.0010881594229237457,0.0399282413972924,0.1449174585795888,-0.07701212155328772,0.03228805295639666,-0.02243998546025073,-0.0007796114322930114,-0.0014875899862757862,0.00806721639048321,-0.005286675093448925,0.00010027080259647654,5.759582840517257e-07
-384.64,0.92,0.025,0.009797958971132711,0.5248792922602417,0.5278473586035246,-0.019860702172802842,0.04056851632018062,0.18557106609415785,-0.000517831101121658,5.425198271313446e-05,0.00043227207931111034,1.875448984872309e-05,5.5342678377950804e-08,-0.016810098319060326,0.034337192213400876,0.1570673503420952,-0.00043829224398937136,0.001123382127174423,0.03997887630433151,0.14491977257887978,-0.07701335026630683,0.03231073847277465,-0.02249630734122377,-0.0007857797326214952,-0.0014993503485073289,0.00806721639048321,-0.005286675093448923,0.0001010620339537447,5.802399316237082e-07
-384.48,0.92,0.025,0.009797958971132711,0.5248792922602417,0.5278473586035246,-0.01985198697532239,0.04063772082603893,0.1855740546485826,-0.0005178383619480764,5.468815183457065e-05,0.00043278429261761137,1.89022987394732e-05,5.5729986660213576e-08,-0.016802721775912872,0.03439576690715935,0.1570698798545603,-0.0004382983895528519,0.0011586931977928133,0.04002954676043468,0.14492210690432536,-0.07701458969465383,0.03233340557896298,-0.02255272116042235,-0.0007919765621814762,-0.0015111650501333997,0.008067216390483209,-0.005286675093448923,0.0001018568898449531,5.845396429800876e-07
-384.32,0.92,0.025,0.009797958971132711,0.5248792922602417,0.5278473586035246,-0.01984320191104144,0.040707007309389864,0.1855770692976579,-0.0005178456086231948,5.512531797497344e-05,0.0004332967978912106,1.905078748671849e-05,5.611879935893911e-08,-0.016795286097505475,0.034454410986667586,0.15707243145353766,-0.00043830452313867207,0.0011940927789888646,0.04008025273666113,0.14492446164401634,-0.07701583988445504,0.03235605417332182,-0.022609227020967137,-0.0007982019165706775,-0.0015230340825666915,0.008067216390483209,-0.005286675093448925,0.00010265536912290063,5.888574050361161e-07
-384.16,0.92,0.025,0.009797958971132711,0.5248792922602417,0.5278473586035246,-0.01983434682031421,0.04077637581691079,0.1855801101533039,-0.0005178528407740053,5.5563482669008e-05,0.0004338095946644689,1.919995599194048e-05,5.650911521064348e-08,-0.01678779114871395,0.034513124491433296,0.15707500523375642,-0.0004383106444311181,0.0012295810151342036,0.040130994203910524,0.14492683688563848,-0.07701710088162214,0.03237868415399277,-0.022665825026025876,-0.0008044557917389982,-0.001534957437890039,0.008067216390483209,-0.005286675093448924,0.00010345747068095701,5.93193204870563e-07
-384.0,0.92,0.025,0.009797958971132711,0.5248792922602417,0.5278473586035246,-0.019825421543249237,0.04084582639520414,0.1855831773269244,-0.0005178600580267387,5.600264745292521e-05,0.00043432268246804394,1.93498041650529e-05,5.6900932967472575e-08,-0.016780236794206156,0.03457190746090079,0.15707760128950882,-0.0004383167531138316,0.0012651580507622438,0.04018177113292272,0.14492923271647404,-0.07701837273185308,0.03240129541889852,-0.02272251527881325,-0.0008107381839903701,-0.0015469351088600108,0.008067216390483207,-0.0052866750934489224,0.0001042631934532904,5.975470297283138e-07
-383.84,0.92,0.025,0.009797958971132711,0.5248792922602417,0.5278473586035246,-0.019816425919709134,0.04091535909079708,0.1855862709294083,-0.0005178672600067876,5.644281386456213e-05,0.0004348360608306863,1.9500331924446258e-05,5.7294251397071325e-08,-0.01677262289844181,0.034630759934450646,0.1570802197146512,-0.000438322848869745,0.0013008240305682213,0.040232583494277316,0.14493164922340293,-0.07701965548063258,0.03242388786574255,-0.022779297882590768,-0.0008170490899846472,-0.00155896708891046,0.008067216390483209,-0.005286675093448924,0.00010507253641509451,6.019188670201267e-07
-383.68,0.92,0.025,0.009797958971132711,0.5248792922602417,0.5278473586035246,-0.019807359789310336,0.040984973950141244,0.18558939107113093,-0.0005178744463387854,5.688398344334229e-05,0.0004353497292792354,1.9651539197027937e-05,5.76890692828732e-08,-0.016764949325672268,0.03468968195139955,0.15708286060260523,-0.00043832893138114797,0.0013365790994093133,0.04028343125839346,0.1449340864929037,-0.07702094917323277,0.03244646139200878,-0.022836172940666623,-0.0008233885067392706,-0.0015710533721557387,0.008067216390483207,-0.0052866750934489224,0.00010588549858279154,6.06308704324674e-07
-383.52,0.92,0.025,0.009797958971132711,0.5248792922602417,0.5278473586035246,-0.019798222991422833,0.04105467101961238,0.18559253786195773,-0.0005178816166465184,5.732615773027629e-05,0.0004358636873386159,1.980342591826908e-05,5.8085385424140685e-08,-0.016757215939940288,0.03474867355099992,0.15708552404636103,-0.0004383350003296132,0.001372423402304669,0.04033431439552932,0.1449365446110565,-0.0770222538547146,0.032469015894961276,-0.022893140556395575,-0.0008297564316312421,-0.0015831939533944403,0.008067216390483209,-0.005286675093448923,0.0001067020790142701,6.107165293892372e-07
-383.36,0.92,0.025,0.009797958971132711,0.5248792922602417,0.5278473586035246,-0.01978901536516994,0.04112445034551009,0.18559571141124395,-0.0005178887705530125,5.776933826796218e-05,0.00043637793453183397,1.9955992032240996e-05,5.848319863621216e-08,-0.016749422605079837,0.034807734772439744,0.1570882101384769,-0.00043834105539606986,0.001408357084435504,0.0403852328757819,0.14493902366354275,-0.07702356956992781,0.032491551271643875,-0.02295020083317884,-0.0008361528623986366,-0.0015953888281123182,0.00806721639048321,-0.005286675093448924,0.00010752227680906939,6.151423301314773e-07
-383.2,0.92,0.025,0.009797958971132711,0.5248792922602417,0.5278473586035246,-0.019779736749428026,0.04119431197405752,0.18559891182783894,-0.0005178959076804703,5.821352660058584e-05,0.0004368924703799731,2.0109237491663098e-05,5.8882507750639443e-08,-0.016741569184715883,0.03486686565484229,0.15709091897108288,-0.00043834709626075003,0.001444380291145169,0.040436186669086605,0.1449415237356486,-0.07702489636351263,0.03251406741887994,-0.023007353874463933,-0.0008425777971426133,-0.0016076379924861157,0.008067216390483209,-0.005286675093448924,0.00010834609110862249,6.195860946406787e-07
-383.04,0.92,0.025,0.009797958971132711,0.5248792922602417,0.5278473586035246,-0.019770386982826252,0.041264255951401006,0.18560213922008736,-0.0005179030276503122,5.86587242739214e-05,0.0004374072944021909,2.0263162257939177e-05,5.928331161511543e-08,-0.01673365554226414,0.03492606623726582,0.15709365063588196,-0.0004383531226032242,0.0014804931679392376,0.04048717574521694,0.14494404491226567,-0.0770262342799004,0.03253656423327196,-0.02306459978374456,-0.0008490312343289473,-0.00161994144338646,0.00806721639048321,-0.005286675093448925,0.00010917352109643875,6.240478111777648e-07
-382.88,0.92,0.025,0.009797958971132711,0.5248792922602417,0.5278473586035246,-0.019760965903746347,0.04133428232360979,0.1856053936958315,-0.0005179101300831399,5.9104932835331666e-05,0.00043792240611571445,2.0417766301199698e-05,5.968560909387777e-08,-0.01672568154093091,0.03498533655870333,0.1570964052241518,-0.00043835913410236965,0.0015166958604855326,0.040538200073784114,0.14494658727789325,-0.07702758336331433,0.03255904161120128,-0.023121938664560485,-0.0008555131727897815,-0.0016322991783812553,0.008067216390483207,-0.005286675093448923,0.000110004565998318,6.285274681779142e-07
-382.72,0.92,0.025,0.009797958971132711,0.5248792922602417,0.5278473586035246,-0.01975147335032231,0.04140439113667575,0.18560867536241468,-0.0005179172145987793,5.955215383376866e-05,0.0004384378050358374,2.0573049600342125e-05,6.008939906764604e-08,-0.016717647043712806,0.035044676658082356,0.15709918282674779,-0.0004383651304364068,0.0015529885146142676,0.040589259624236734,0.14494915091664048,-0.07702894365777112,0.03258149944882775,-0.02317937062049743,-0.0008620236117253299,-0.0016447111957388978,0.008067216390483207,-0.005286675093448924,0.00011083922508255336,6.33025054250679e-07
-382.56,0.92,0.025,0.009797958971132711,0.5248792922602417,0.5278473586035246,-0.01974190916044021,0.04147458243651303,0.18561198432668327,-0.0005179242808162468,6.000038881977382e-05,0.0004389534906759152,2.0729012143070326e-05,6.049468043388953e-08,-0.016709551913396598,0.03510408657426463,0.15710198353410473,-0.0004383711112828713,0.0015893712763180479,0.04064035436586046,0.14495173591222835,-0.07703031520708163,0.032603937642089416,-0.023236895755186882,-0.0008685625507055159,-0.0016571774944314334,0.008067216390483205,-0.005286675093448923,0.00011167749766012991,6.375405581818282e-07
-382.4,0.92,0.025,0.009797958971132711,0.5248792922602417,0.5278473586035246,-0.019732273171737875,0.04154485626895775,0.18561532069498915,-0.0005179313283537424,6.044963934547852e-05,0.000439469462547362,2.0885653925933975e-05,6.090145210692617e-08,-0.01670139601255894,0.03516356634604584,0.15710480743623884,-0.0004383770763186076,0.0016258442917519954,0.04069148426777761,0.1449543423479913,-0.07703169805485198,0.032626356086702155,-0.02329451417230603,-0.0008751299896716256,-0.0016696980741377064,0.008067216390483207,-0.005286675093448926,0.00011251938308492313,6.420739689342969e-07
-382.24,0.92,0.025,0.009797958971132711,0.5248792922602417,0.5278473586035246,-0.01972256522160468,0.04161521267976773,0.18561868457319392,-0.0005179383568286924,6.089990696460457e-05,0.0004399857201596462,2.1042974954366717e-05,6.130971301800195e-08,-0.0166931792035662,0.03522311601215541,0.15710765462275134,-0.00043838302521980523,0.0016624077072337916,0.04074264929894689,0.14495697030688073,-0.07703309224448524,0.03264875467815941,-0.023352225975577595,-0.0008817259289379088,-0.0016822729352464105,0.008067216390483207,-0.005286675093448923,0.00011336488075388953,6.466252756490316e-07
-382.08,0.92,0.025,0.009797958971132711,0.5248792922602417,0.5278473586035246,-0.019712785147181274,0.04168565171462211,0.18562207606667003,-0.0005179453658577007,6.135119323246451e-05,0.0004405022630202871,2.1200975242725278e-05,6.171946211543331e-08,-0.01668490134857423,0.03528273561125615,0.15711052518282953,-0.0004383889576619579,0.0016990616692437548,0.04079384942816295,0.14495961987146586,-0.07703449781918195,0.03267113331173181,-0.023410031268769737,-0.0008883503691932157,-0.001694902078859215,0.008067216390483207,-0.005286675093448925,0.00011421399010726417,6.511944676461485e-07
-381.92,0.92,0.025,0.009797958971132711,0.5248792922602417,0.5278473586035246,-0.019702932785359326,0.04175617341912112,0.18562549528030525,-0.0005179523550565792,6.180349970596194e-05,0.00044101909063485055,2.1359654814326768e-05,6.213069836484484e-08,-0.016676562309528135,0.035342425181944116,0.15711341920525038,-0.00043839487331988867,0.001735806324424926,0.040845084624056116,0.1449622911239371,-0.07703591482194193,0.032693491882466875,-0.023467930155695878,-0.00089500331150255,-0.0017075855067937528,0.008067216390483209,-0.005286675093448925,0.00011506671062874637,6.557815344266095e-07
-381.76,0.92,0.025,0.009797958971132711,0.5248792922602417,0.5278473586035246,-0.019693007972781278,0.04182677783878569,0.18562894231850616,-0.0005179593240403226,6.225682794359215e-05,0.0004415362025069457,2.151901370148565e-05,6.254342074911874e-08,-0.016668161948162074,0.03540218476274821,0.15711633677838363,-0.00043840077186772905,0.0017726418195831096,0.04089635485509201,0.14496498414610884,-0.0770373432955657,0.03271583028518869,-0.02352592274021461,-0.0009016847573086297,-0.0017203232215865704,0.008067216390483209,-0.005286675093448925,0.00011592304184568419,6.603864656723099e-07
-381.6,0.92,0.025,0.009797958971132711,0.5248792922602417,0.5278473586035246,-0.019683010545840082,0.04189746501905719,0.18563241728519955,-0.0005179662724231073,6.271117950544227e-05,0.00044205359813822035,2.1679051945551434e-05,6.295762826865662e-08,-0.016659700125999048,0.03546201439213001,0.1571192779901929,-0.0004384066529789181,0.001809568301686975,0.04094766008957117,0.1449676990194207,-0.0770387832826551,0.032738148414497556,-0.02358400912622954,-0.0009083947084334554,-0.0017331152264961462,0.008067216390483209,-0.005286675093448924,0.00011678298332926398,6.650092512478843e-07
-381.44,0.92,0.025,0.009797958971132711,0.5248792922602417,0.5278473586035246,-0.01967294034067896,0.041968235005297096,0.18563592028383846,-0.0005179731998183349,6.316655595319185e-05,0.00044257127702835794,2.1839769596944138e-05,6.337331994160453e-08,-0.01665117670435067,0.03552191410848347,0.1571222429282409,-0.00043841251632623866,0.0018465859178681,0.04099900029562876,0.14497043582494196,-0.07704023482561571,0.032760446164769697,-0.0236421894176892,-0.0009151331670797856,-0.001745961525505731,0.008067216390483209,-0.005286675093448926,0.00011764653469468518,6.696498812022855e-07
-381.28,0.92,0.025,0.009797958971132711,0.5248792922602417,0.5278473586035246,-0.019662797193191115,0.04203908784278665,0.1856394514174037,-0.0005179801058385512,6.362295885011309e-05,0.0004430892386750728,2.2001166715191655e-05,6.37904948036657e-08,-0.01664259154431696,0.03558188395013462,0.1571252316796905,-0.0004384183615817497,0.0018836948154210716,0.04105037544123416,0.14497319464337297,-0.07704169796665761,0.03278272343015688,-0.023700463718586827,-0.0009219001358327268,-0.0017588621233263243,0.008067216390483209,-0.005286675093448925,0.00011851369560134765,6.743083457681137e-07
-381.12,0.92,0.025,0.009797958971132711,0.5248792922602417,0.5278473586035246,-0.01965258093901951,0.0421100235767266,0.18564301078840842,-0.0005179869900955121,6.408038976107145e-05,0.0004436074825741068,2.2163243368963895e-05,6.42091519085932e-08,-0.016633944506786114,0.035641923955341395,0.1571282443313089,-0.00043842418841684146,0.001920895141803532,0.04110178549419063,0.14497597555504868,-0.07704317274779711,0.03280498010458615,-0.023758832132960348,-0.0009286956176611322,-0.0017718170253994176,0.008067216390483212,-0.005286675093448926,0.00011938446575302017,6.789846353646369e-07
-380.96,0.92,0.025,0.009797958971132711,0.5248792922602417,0.5278473586035246,-0.019642291413556615,0.04218104225223685,0.18564659849890178,-0.0005179938522001369,6.453885025252576e-05,0.00044412600821922536,2.232599963610851e-05,6.462929032797747e-08,-0.01662523545243432,0.03570203416229327,0.15713128096947046,-0.00043842999650219586,0.0019581870446362514,0.04115323042213501,0.14497877863994152,-0.07704465921085836,0.032827216081759446,-0.023817294764892145,-0.0009355196159191235,-0.0017848262378998387,0.00806721639048321,-0.005286675093448926,0.00012025884489801775,6.836787405969696e-07
-380.8,0.92,0.025,0.009797958971132711,0.5248792922602417,0.5278473586035246,-0.019631928451944114,0.04225214391435614,0.18565021465047274,-0.0005180006917625338,6.499834189252893e-05,0.00044464481510221354,2.2489435603686613e-05,6.505090915169588e-08,-0.016616464241725498,0.03576221460911104,0.15713434168016013,-0.00043843578550780863,0.0019955706717032107,0.04120471019253727,0.14498160397766424,-0.07704615739747486,0.03284943125515332,-0.023875851718508992,-0.0009423721343475615,-0.0017978897677386229,0.00806721639048321,-0.005286675093448925,0.00012113683282937845,6.883906522588602e-07
-380.64,0.92,0.025,0.009797958971132711,0.5248792922602417,0.5278473586035246,-0.019621491889072702,0.042323328608041735,0.18565385934425438,-0.0005180075083919817,6.54588662507279e-05,0.000445163902712872,2.2653551368003874e-05,6.547400748786953e-08,-0.016607630734911137,0.035822465333846525,0.15713742654897692,-0.0004384415551029734,0.00203304617095165,0.041256224772700245,0.1449844516474735,-0.07704766734909131,0.03287162551801858,-0.023934503097981872,-0.0009492531770753578,-0.0018110076225654908,0.00806721639048321,-0.005286675093448923,0.00012201842938501541,6.931203613327241e-07
-380.48,0.92,0.025,0.009797958971132711,0.5248792922602417,0.5278473586035246,-0.019610981559581783,0.04239459637816912,0.1856575326809277,-0.0005180143016969231,6.592042489836452e-05,0.0004456832705390132,2.2818347034647696e-05,6.589858446292432e-08,-0.016598734792030022,0.03588278637448235,0.1571405356611372,-0.00043844730495627574,0.002070613690492161,0.04130777412975924,0.14498732172827272,-0.0770491891069651,0.03289379876337996,-0.02399324900752588,-0.000956162748621038,-0.0018241798107718197,0.00806721639048321,-0.005286675093448924,0.00012290363444790139,6.978678589903389e-07
-380.32,0.92,0.025,0.009797958971132711,0.5248792922602417,0.5278473586035246,-0.019600397297859243,0.04246594726953165,0.1856612347607255,-0.0005180210712849699,6.638301940827546e-05,0.0004462029180664576,2.298382271851893e-05,6.6324639221892e-08,-0.016589776272908065,0.03594317776893159,0.15714366910147806,-0.00043845303473559856,0.002108273378598734,0.04135935823068164,0.14499021429861508,-0.07705072271216792,0.0329159508840358,-0.024052089551400063,-0.0009631008538940525,-0.0018374063414931879,0.00806721639048321,-0.005286675093448925,0.00012379244794622401,7.026331365947556e-07
-380.16,0.92,0.025,0.009797958971132711,0.5248792922602417,0.5278473586035246,-0.01958973893804118,0.04253738132684028,0.1856649656834377,-0.000518027816762879,6.684665135489293e-05,0.0004467228447790294,2.314997854386457e-05,6.675217092841836e-08,-0.016580755037158054,0.03600363955503762,0.1571468269544617,-0.00043845874410810084,0.002146025383708864,0.04141097704226667,0.14499312943670775,-0.07705226820558801,0.032938081772557734,-0.0241110248339073,-0.0009700674981961548,-0.0018506872246119856,0.008067216390483214,-0.005286675093448926,0.0001246848698535451,7.074161857006201e-07
-380.0,0.92,0.025,0.009797958971132711,0.5248792922602417,0.5278473586035246,-0.019579006314011663,0.04260889859472321,0.18566872554841474,-0.000518034537736595,6.731132231424487e-05,0.0004472430501585529,2.3316814644311903e-05,6.718117876488098e-08,-0.016571670944179474,0.03606417177057372,0.15715000930417825,-0.000438464432740254,0.0021838698544235586,0.041462630531144906,0.14499606722041453,-0.07705382562793149,0.03296019132129031,-0.02417005495939415,-0.0009770626872228298,-0.001864022470760143,0.008067216390483212,-0.005286675093448924,0.000125580900188969,7.122169980551581e-07
-379.84,0.92,0.025,0.009797958971132711,0.5248792922602417,0.5278473586035246,-0.019568199259402477,0.04268049911772555,0.18567251445457297,-0.0005180412338111977,6.777703386395541e-05,0.0004477635336848486,2.3484331162898198e-05,6.76116619327038e-08,-0.01656252385315826,0.03612477445324291,0.15715321623435058,-0.0004384701002977978,0.002221806939507451,0.041514318663777985,0.14499902772726012,-0.07705539501972468,0.0329822794223507,-0.024229180032250757,-0.0009840864270645202,-0.0018774120913215167,0.008067216390483214,-0.005286675093448926,0.00012648053901728542,7.170355656000796e-07
-379.68,0.92,0.025,0.009797958971132711,0.5248792922602417,0.5278473586035246,-0.01955731760759283,0.042752182940309046,0.18567633250039853,-0.0005180479045908918,6.824378758324503e-05,0.000448284294835729,2.3652528252104203e-05,6.804361965217384e-08,-0.016553313623066574,0.036185447640677576,0.15715644782833732,-0.0004384757464457308,0.002259836787888884,0.041566041406458275,0.14500201103443308,-0.07705697642131552,0.03300434596762838,-0.024288400156910646,-0.000991138724208052,-0.0018908560984345537,0.008067216390483212,-0.005286675093448924,0.00012738378644913388,7.218718804708919e-07
-379.52,0.92,0.025,0.009797958971132711,0.5248792922602417,0.5278473586035246,-0.019546361191709154,0.04282395010685171,0.18568017978395282,-0.0005180545496790368,6.871158505293126e-05,0.00044880533308699476,2.3821406073883755e-05,6.847705116279213e-08,-0.01654404011266263,0.03624619137043929,0.1571597041691377,-0.00043848137084833675,0.002297959548659919,0.04161779872530843,0.14500501721879008,-0.07705856987287599,0.03302639084878476,-0.024347715437850647,-0.000998219585537855,-0.00190435450499467,0.008067216390483212,-0.005286675093448923,0.00012829064264114557,7.267259349990512e-07
-379.36,0.92,0.025,0.009797958971132711,0.5248792922602417,0.5278473586035246,-0.01953532984462481,0.042895800661647526,0.1856840564028767,-0.0005180611686781413,6.918042785542879e-05,0.000449326647912431,2.399096479969764e-05,6.891195572331281e-08,-0.01653470318049044,0.03630700568001847,0.15716298533939485,-0.00043848697316917884,0.0023361753710764476,0.04166959058628112,0.14500804635685938,-0.07706017541440383,0.03304841395725287,-0.024407125979590737,-0.0010053290183373858,-0.0019179073246569558,0.008067216390483212,-0.005286675093448926,0.0001292011077961094,7.315977217124774e-07
-379.2,0.92,0.025,0.009797958971132711,0.5248792922602417,0.5278473586035246,-0.01952422339895986,0.04296773464890616,0.18568796245439576,-0.0005180677611898368,6.965031757474982e-05,0.000449848238783803,2.416120461053955e-05,6.934833261191371e-08,-0.016525302684879624,0.03636789060683417,0.15716629142140057,-0.00043849255307107794,0.002374484404558255,0.041721416955158644,0.14501109852484467,-0.07706179308572457,0.03307041518423706,-0.02446663188669389,-0.0010124670302902067,-0.001931514571838254,0.008067216390483212,-0.005286675093448927,0.0001301151821630938,7.364872333366382e-07
-379.04,0.92,0.025,0.009797958971132711,0.5248792922602417,0.5278473586035246,-0.01951304168708077,0.04303975211275255,0.18569189803532557,-0.0005180743268148632,7.012125579650453e-05,0.0004503701051708523,2.4332125696970268e-05,6.978618112623415e-08,-0.016515838483945163,0.03642884618823376,0.15716962249709956,-0.00043849811021610025,0.0024128867986890797,0.041773277797552556,0.1450141737986295,-0.07706342292649389,0.0330923944207126,-0.024526233263765955,-0.0010196336294814258,-0.0019451762617198908,0.008067216390483212,-0.005286675093448926,0.00013103286603761375,7.413944627950481e-07
-378.88,0.92,0.025,0.009797958971132711,0.5248792922602417,0.5278473586035246,-0.019501784541100197,0.04311185309722665,0.18569586324207657,-0.0005180808651530847,7.059324410790137e-05,0.0004508922465412929,2.4503728259144154e-05,7.022550058368349e-08,-0.01650631043558721,0.036489872461492635,0.15717297864809363,-0.0004385036442655709,0.00245138270321667,0.041825173078903294,0.14501727225378072,-0.07706506497619943,0.033114351557425405,-0.024585930215455506,-0.0010268288243987854,-0.001958892410249802,0.008067216390483212,-0.005286675093448924,0.0001319541597617554,7.463194032111295e-07
-378.72,0.92,0.025,0.009797958971132711,0.5248792922602417,0.5278473586035246,-0.01949045179287672,0.043184037646283084,0.18569985817065918,-0.0005180873758034837,7.106628409774747e-05,0.0004514146623608073,2.4676012506840543e-05,7.066629032131921e-08,-0.016496718397490857,0.036550969463814004,0.15717635995564594,-0.00043850915488006864,0.0024899722680528772,0.04187710276447986,0.14502039396555286,-0.07706671927416307,0.03313628648489169,-0.024645722846453718,-0.001034052623933996,-0.0019726630341450357,0.008067216390483212,-0.005286675093448924,0.00013287906372432752,7.512620479078135e-07
-378.56,0.92,0.025,0.009797958971132711,0.5248792922602417,0.5278473586035246,-0.01947904327401458,0.043256305803790814,0.1857038829166898,-0.0005180938583641371,7.154037735644887e-05,0.000451937352093042,2.484897865949153e-05,7.110854969607795e-08,-0.01648706222712594,0.03661213723232855,0.15717976650068624,-0.0004385146417194057,0.0025286556432736903,0.04192906681937946,0.14502353900889264,-0.07706838585954333,0.033158199093397615,-0.024705611261494204,-0.001041305037383889,-0.001986488150893978,0.008067216390483212,-0.005286675093448926,0.00013380757836099226,7.562223904089668e-07
-378.4,0.92,0.025,0.009797958971132711,0.5248792922602417,0.5278473586035246,-0.01946755881586341,0.04332865761353284,0.1857079375753958,-0.0005181003124322169,7.201552547601091e-05,0.0004524603151996046,2.5022626946209824e-05,7.155227808502486e-08,-0.016477341781746792,0.0366733758040942,0.15718319836381503,-0.0004385201044426284,0.002567432979119337,0.04198106520852708,0.14502670745844284,-0.07707006477133735,0.033180089272998994,-0.024765595565352908,-0.0010485860744515695,-0.002000367778758589,0.008067216390483216,-0.005286675093448926,0.0001347397041543972,7.612004244409381e-07
-378.24,0.92,0.025,0.009797958971132711,0.5248792922602417,0.5278473586035246,-0.019455998249518023,0.043401093119205855,0.1857120222416205,-0.0005181067376039755,7.249173005003862e-05,0.0004529835511400585,2.519695760581724e-05,7.199747488520398e-08,-0.016467556918392055,0.03673468521609584,0.1571866556253076,-0.00043852554270800483,0.0026063044259943173,0.04203309789667523,0.1450298993885463,-0.07707175604838307,0.033201956913520916,-0.024825675862847927,-0.0010558957452476289,-0.0020143019367766693,0.008067216390483214,-0.005286675093448926,0.00013567544163431043,7.661961439319554e-07
-378.08,0.92,0.025,0.009797958971132711,0.5248792922602417,0.5278473586035246,-0.019444361405818088,0.0434736123644199,0.1857161370098302,-0.0005181131334747772,7.296899267373703e-05,0.00045350705937191994,2.537197088687372e-05,7.244413951402902e-08,-0.016457707493884432,0.036796065505245,0.15719013836512027,-0.00043853095617305145,0.0026452701344675095,0.04208516484840344,0.14503311487325132,-0.07707345972936204,0.03322380190455743,-0.0248858522588394,-0.0010632340602913367,-0.002028290644764192,0.008067216390483214,-0.005286675093448926,0.00013661479137775664,7.712095430144573e-07
-377.92,0.92,0.025,0.009797958971132711,0.5248792922602417,0.5278473586035246,-0.01943264811534795,0.04354621539269807,0.18572028197411894,-0.0005181194996390421,7.344731494391135e-05,0.00045403083935065345,2.5547667047701385e-05,7.289227140922914e-08,-0.016447793364830505,0.036857516708379646,0.1571936466628943,-0.00043853634449448524,0.002684330255272177,0.04213726602811806,0.14503635398631554,-0.07707517585280148,0.03324562413547125,-0.024946124858229342,-0.0010706010305116585,-0.002042333923317224,0.008067216390483212,-0.005286675093448924,0.00013755775400912837,7.76240616024905e-07
-377.76,0.92,0.025,0.009797958971132711,0.5248792922602417,0.5278473586035246,-0.019420858208436316,0.04361890224747616,0.18572445722821448,-0.0005181258356902502,7.392669845896763e-05,0.00045455489052966815,2.572404635641476e-05,7.334187002903335e-08,-0.0164378143876205,0.036919038862263824,0.15719718059796076,-0.0004385417073282278,0.002723484939306094,0.04218940140005176,0.1450396168012104,-0.07707690445707656,0.03326742349539333,-0.025006493765961542,-0.0010779966672485144,-0.002056431793814342,0.008067216390483214,-0.005286675093448925,0.00013850433020032893,7.812893575050032e-07
-377.6,0.92,0.025,0.009797958971132711,0.5248792922602417,0.5278473586035246,-0.01940899151515602,0.043691672972102344,0.18572866286548406,-0.0005181321412209354,7.440714481891274e-05,0.00045507921236031336,2.5901109090944724e-05,7.379293485231935e-08,-0.016427770418428054,0.03698063200358743,0.15720074024934572,-0.0004385470443293997,0.002762734337631577,0.04224157092826322,0.14504290339112585,-0.07707864558041293,0.033289199873222604,-0.02506695908702136,-0.0010854209822537754,-0.002070584278418553,0.008067216390483216,-0.005286675093448924,0.00013945452067088185,7.863557622026275e-07
-377.44,0.92,0.025,0.009797958971132711,0.5248792922602417,0.5278473586035246,-0.019397047865323785,0.043764527609836866,0.1857328989789416,-0.0005181384158227169,7.488865562535489e-05,0.0004556038042918751,2.6078855539064967e-05,7.424546537863326e-08,-0.01641766131321005,0.03704229616896593,0.1572043256957762,-0.00043855235515234757,0.002802078601475548,0.04229377457663682,0.14504621382897592,-0.07708039926088969,0.03331095315762566,-0.025127520926435644,-0.0010928739876923785,-0.002084791400079407,0.008067216390483216,-0.005286675093448926,0.00014040832618805225,7.914398250721128e-07
-377.28,0.92,0.025,0.009797958971132711,0.5248792922602417,0.5278473586035246,-0.01938502708849993,0.043837466203851684,0.18573716566125187,-0.0005181446590862114,7.537123248150392e-05,0.0004561286657715716,2.625728599841916e-05,7.469946112839921e-08,-0.01640748692770634,0.03710403139494007,0.15720793701568359,-0.00043855763945056933,0.0028415178822296322,0.04234601230888218,0.14504954818740187,-0.07708216553644096,0.033332683237036344,-0.02518817938927255,-0.0011003556961434531,-0.002099053182535173,0.008067216390483216,-0.005286675093448924,0.00014136574756697424,7.965415412755003e-07
-377.12,0.92,0.025,0.009797958971132711,0.5248792922602417,0.5278473586035246,-0.019372929013988134,0.04391048879723011,0.18574146300473884,-0.0005181508706011014,7.585487699217161e-05,0.00045665379624454947,2.6436400776544742e-05,7.515492164299484e-08,-0.01639724711743956,0.03716583771797557,0.15721157428721097,-0.00043856289687677226,0.002881052331450168,0.042398284088533834,0.14505290653877895,-0.07708394444485948,0.03335438999965545,-0.025248934580641404,-0.0011078661206013174,-0.0021133696503147443,0.008067216390483216,-0.005286675093448927,0.00014232678567075685,8.01660906183101e-07
-376.96,0.92,0.025,0.009797958971132711,0.5248792922602417,0.5278473586035246,-0.01936075347083519,0.04398359543296657,0.18574579110138992,-0.0005181570499560723,7.633959076377186e-05,0.00045717919515387987,2.6616200190897412e-05,7.561184648493066e-08,-0.01638694173771491,0.03722771517446291,0.15721523758821643,-0.0004385681270828196,0.0029206821008583325,0.0424505898789509,0.14505628895521944,-0.07708573602379827,0.03337607333345041,-0.025309786605692573,-0.0011154052744764974,-0.002127740828739595,0.008067216390483214,-0.005286675093448926,0.00014329144141059631,8.067979153745532e-07
-376.8,0.92,0.025,0.009797958971132711,0.5248792922602417,0.5278473586035246,-0.019348500287830722,0.04405678615396618,0.1857501500428637,-0.0005181631967388297,7.682537540432127e-05,0.00045770486194055395,2.6796684568877902e-05,7.607023523785083e-08,-0.016376570643619925,0.03728966380071698,0.15721892699627985,-0.00043857332971974553,0.0029604073423401666,0.04250292964331666,0.14505969550857903,-0.07708754031077382,0.03339773312615494,-0.0253707355696173,-0.0011229731715968528,-0.0021421667439259244,0.008067216390483216,-0.005286675093448926,0.00014425971574589795,8.119525646389892e-07
-376.64,0.92,0.025,0.009797958971132711,0.5248792922602417,0.5278473586035246,-0.01933616929350695,0.04413006100304445,0.18575453992049648,-0.000518169310536091,7.731223252343923e-05,0.00045823079604347946,2.697785424785305e-05,7.653008750681697e-08,-0.016366133690024286,0.03735168363297683,0.15722264258870822,-0.0004385785044377474,0.003000228207946642,0.042555303344638216,0.1450631262704616,-0.07708935734316881,0.033419369265268686,-0.025431781577647587,-0.0011305698262084442,-0.0021566474227863452,0.008067216390483216,-0.005286675093448925,0.0001452316096843681,8.171248499766249e-07
-376.48,0.92,0.025,0.009797958971132711,0.5248792922602417,0.5278473586035246,-0.01932376031613843,0.04420342002292695,0.18575896082530755,-0.0005181753909335727,7.780016373234837e-05,0.0004587569968994761,2.715970957518234e-05,7.699140291817325e-08,-0.016355630731579567,0.037413774707405374,0.1572263844425403,-0.00043858365088617594,0.00304014484989374,0.04260771094574611,0.14506658131222364,-0.07709118715823426,0.03344098163805691,-0.025492924735056013,-0.0011381952529766605,-0.002171182893032,0.008067216390483217,-0.005286675093448926,0.00014620712428213597,8.223147675981817e-07
-376.32,0.92,0.025,0.009797958971132711,0.5248792922602417,0.5278473586035246,-0.0193112731837418,0.044276863256248994,0.18576341284800751,-0.0005181814375159808,7.828917064387464e-05,0.0004592834639432719,2.734225090823955e-05,7.745418111995578e-08,-0.01634506162271906,0.03747593706008915,0.15723015263455356,-0.0004385887687135262,0.0030801574205624894,0.04266015240929403,0.1450700607049806,-0.07709302979309296,0.03346257013155014,-0.02555416514715561,-0.0011458494669870994,-0.002185773183174304,0.008067216390483217,-0.005286675093448927,0.00014718626064384673,8.275223139271417e-07
-376.16,0.92,0.025,0.009797958971132711,0.5248792922602417,0.5278473586035246,-0.019298707724075485,0.04435039074555525,0.18576789607900387,-0.0005181874498669733,7.877925487244787e-05,0.00045981019660749884,2.75254786144367e-05,7.791842178190304e-08,-0.016334426217657492,0.03753817072703797,0.15723394724126888,-0.0004385938575674063,0.0031202660724990836,0.0427126276977583,0.14507356451961123,-0.07709488528474177,0.033484134632543856,-0.025615502919299718,-0.0011535324837465748,-0.0022004183225268585,0.008067216390483217,-0.005286675093448926,0.0001481690199227687,8.327474855998855e-07
-376.0,0.92,0.025,0.009797958971132711,0.5248792922602417,0.5278473586035246,-0.01928606376463952,0.04442400253329948,0.18577241060840763,-0.0005181934275692025,7.927041803410198e-05,0.0004603371943226891,2.7709393071245798e-05,7.83841245952705e-08,-0.016323724370390893,0.03760047574418468,0.15723776833895622,-0.00043859891709457303,0.003160470958414862,0.04276513677343765,0.1450770928267629,-0.07709675367005434,0.03350567502759811,-0.02567693815688183,-0.0011612443191840488,-0.002215118341207179,0.008067216390483216,-0.005286675093448927,0.0001491554033208878,8.379902794647951e-07
-375.84,0.92,0.025,0.009797958971132711,0.5248792922602417,0.5278473586035246,-0.019273341132675204,0.044497698661844116,0.18577695652604184,-0.0005181993702042725,7.976266174647511e-05,0.00046086445651727067,2.7893994666222812e-05,7.885128927355802e-08,-0.016312955934696293,0.037662852147384865,0.1572416160036418,-0.0004386039469408963,0.0032007722311864577,0.04281767959845274,0.14508064569685813,-0.07709863498578465,0.03352719120303723,-0.025738470965335443,-0.0011689849896515832,-0.002229873270138638,0.008067216390483217,-0.005286675093448926,0.00015014541208901183,8.432506925862204e-07
-375.68,0.92,0.025,0.009797958971132711,0.5248792922602417,0.5278473586035246,-0.019260539655164922,0.04457147917346001,0.18578153392144645,-0.0005182052773527152,8.025598762881014e-05,0.0004613919826175636,2.8079283797027023e-05,7.931991555206989e-08,-0.01630212076413159,0.037725299972416554,0.1572454903111123,-0.0004386089467513382,0.0032411700438557834,0.04287025613474589,0.1450842232000986,-0.07710052926856896,0.03354868304494947,-0.02580010145013392,-0.0011767545119251892,-0.002244683141051992,0.008067216390483216,-0.005286675093448926,0.00015113904752685314,8.485287222421308e-07
-375.52,0.92,0.025,0.009797958971132711,0.5248792922602417,0.5278473586035246,-0.019247659158831813,0.044645344110326037,0.18578614288388687,-0.0005182111485940332,8.07503973019549e-05,0.0004619197720477758,2.8265260871445056e-05,7.979000318830604e-08,-0.016291218712035246,0.03778781925497996,0.15724939133692184,-0.0004386139161699897,0.003281664549630171,0.04292286634408063,0.14508782540647155,-0.07710243655492939,0.03357015043918665,-0.025861829716790338,-0.0011845529032058102,-0.002259547986487318,0.008067216390483217,-0.005286675093448925,0.00015213631098313246,8.538243659263347e-07
-375.36,0.92,0.025,0.009797958971132711,0.5248792922602417,0.5278473586035246,-0.01923469947013959,0.04471929351452878,0.18579078350235986,-0.0005182169835066101,8.12458923883624e-05,0.0004624478242299986,2.8451926307410194e-05,8.026155196205897e-08,-0.01628024963152615,0.03785041003069716,0.1572533191563974,-0.0004386188548399948,0.003322255901882362,0.04297551018804136,0.1450914523857547,-0.07710435688127629,0.03359159327136384,-0.02592365587085733,-0.0011923801811201265,-0.0022744678397955548,0.008067216390483217,-0.005286675093448925,0.00015313720385565983,8.591376213489535e-07
-375.2,0.92,0.025,0.009797958971132711,0.5248792922602417,0.5278473586035246,-0.01922166041529222,0.04479332742806218,0.1857954558656029,-0.0005182227816678002,8.174247451209107e-05,0.00046297613858420307,2.8639280533025607e-05,8.073456167529425e-08,-0.016269213375503334,0.037913072335111826,0.1572572738446463,-0.0004386237624036261,0.0033629442541506078,0.04302818762803297,0.14509510420752328,-0.07710629028391211,0.033613011426859,-0.025985580017926935,-0.0012002363637215446,-0.002289442735140358,0.008067216390483216,-0.005286675093448923,0.00015414172759143315,8.644684864359067e-07
-375.04,0.92,0.025,0.009797958971132711,0.5248792922602417,0.5278473586035246,-0.0192085418202337,0.044867445892827214,0.18580016006209857,-0.0005182285426538067,8.224014529880527e-05,0.00046350471452823606,2.882732398658181e-05,8.120903215273267e-08,-0.016258109796645805,0.037975806203688955,0.15726125547656022,-0.000438628638502182,0.003403729760138733,0.04308089862528047,0.14509878094115378,-0.07710823679903327,0.03363440479081268,-0.02604760226363048,-0.0012081214694908856,-0.002304472707499512,0.008067216390483216,-0.005286675093448924,0.0001551498836867095,8.698169593319476e-07
-374.88,0.92,0.025,0.009797958971132711,0.5248792922602417,0.5278473586035246,-0.01919534351064779,0.04494164895063154,0.18580489618008392,-0.0005182342660397646,8.273890637577526e-05,0.0004640335514778157,2.901605711657946e-05,8.16849632413707e-08,-0.01624693874741229,0.038038611671814535,0.15726526412682304,-0.0004386334827760567,0.0034446125737161823,0.04313364314082867,0.14510248265583098,-0.07711019646273388,0.03365577324812765,-0.026109722713638383,-0.0012160355173373842,-0.002319557792666734,0.008067216390483216,-0.005286675093448925,0.00015616167368710077,8.751830383981926e-07
-374.72,0.92,0.025,0.009797958971132711,0.5248792922602417,0.5278473586035246,-0.019182065311957767,0.04501593664318917,0.18580966430755722,-0.0005182399513996728,8.323875937187767e-05,0.00046456264884652736,2.9205480381747648e-05,8.21623548111549e-08,-0.016235700080041056,0.038101488774795314,0.15726929986991645,-0.00043863829486468306,0.00348559284891809,0.043186421135541685,0.1451062094205535,-0.07711216931100873,0.033677116683468546,-0.02617194147366003,-0.0012239785265994064,-0.0023346980272531616,0.008067216390483216,-0.0052866750934489224,0.00015717709918764704,8.805667222156862e-07
-374.56,0.92,0.025,0.009797958971132711,0.5248792922602417,0.5278473586035246,-0.019168707049326147,0.045090309012120085,0.18581446453228564,-0.0005182455983063919,8.373970591759579e-05,0.0004650920060458197,2.9395594251063348e-05,8.26412067547323e-08,-0.01622439364654965,0.03816443754785844,0.15727336278012657,-0.00043864307440653015,0.0035266707399453355,0.04323923257010268,0.14510996130413958,-0.07711415537975615,0.03369843498126156,-0.026234258649443617,-0.0012319505170452865,-0.0023498934486888925,0.008067216390483219,-0.005286675093448926,0.00015819616183289476,8.859680095840525e-07
-374.4,0.92,0.025,0.009797958971132711,0.5248792922602417,0.5278473586035246,-0.019155268547654446,0.04516476609894999,0.18581929694181246,-0.0005182512063316595,8.424174764501962e-05,0.0004656216224850004,2.9586399203771196e-05,8.312151898765661e-08,-0.016213019298734723,0.038227458026151274,0.15727745293155007,-0.00043864782103911665,0.0035678464011646167,0.04329207740501346,0.1451137383752329,-0.07711615470478127,0.033719728025694076,-0.026296674346775996,-0.001239951508874147,-0.0023651440952245743,0.008067216390483217,-0.005286675093448924,0.00015921886331697705,8.913868995226216e-07
-374.24,0.92,0.025,0.009797958971132711,0.5248792922602417,0.5278473586035246,-0.019141749631582924,0.04523930794510983,0.1858241616234651,-0.0005182567750460665,8.474488618784636e-05,0.0004661514975712322,2.977789572940211e-05,8.360329144856573e-08,-0.01620157688817179,0.03829055024474096,0.15728157039810087,-0.00043865253439899076,0.0036091199871084744,0.043344955600594044,0.14511754070230876,-0.07711816732179921,0.03374099570071436,-0.026359188671482542,-0.0012479815227166673,-0.002380450005932898,0.008067216390483216,-0.005286675093448925,0.00016024520538368675,8.968233912713413e-07
-374.08,0.92,0.025,0.009797958971132711,0.5248792922602417,0.5278473586035246,-0.019128150125490306,0.04531393459193559,0.18582905866436253,-0.0005182623040190073,8.524912318138054e-05,0.0004666816307095287,2.9970084327791504e-05,8.408652409922273e-08,-0.016190066266214994,0.038353714238614285,0.15728571525351645,-0.0004386572141216878,0.003650491652475416,0.04339786711698238,0.1451213683536799,-0.07712019326643806,0.033762237890031195,-0.026421801729426958,-0.0012560405796358477,-0.002395811220710052,0.008067216390483216,-0.005286675093448923,0.00016127518982654714,9.022774842909254e-07
-373.92,0.92,0.025,0.009797958971132711,0.5248792922602417,0.5278473586035246,-0.01911446985349355,0.04538864608066785,0.18583398815142357,-0.0005182677928187198,8.575446026253439e-05,0.0004672120213027501,3.016296550909637e-05,8.457121692464753e-08,-0.01617848728399694,0.03841695004267727,0.15728988757136492,-0.0004386618598417645,0.003691961552129918,0.043450811914133886,0.14512522139750303,-0.0771222325742424,0.03378345447711352,-0.02648451362651117,-0.0012641287011277197,-0.0024112277802770935,0.008067216390483216,-0.005286675093448924,0.00016230881848887588,9.077491782635414e-07
-373.76,0.92,0.025,0.009797958971132711,0.5248792922602417,0.5278473586035246,-0.019100708639447572,0.04546344245245148,0.1858389501713734,-0.0005182732410122571,8.626089906982788e-05,0.0004677426687515991,3.0356539793815724e-05,8.505736993319214e-08,-0.016166839792428427,0.038480257691754935,0.15729408742505044,-0.00043866647119277446,0.0037335298411025016,0.04350378995182111,0.1451290999017839,-0.07712428528067594,0.033804645345190135,-0.026547324468675134,-0.0012722459091222,-0.002426699726181582,0.008067216390483216,-0.005286675093448924,0.0001633460932638679,9.13238473093195e-07
-373.6,0.92,0.025,0.009797958971132711,0.5248792922602417,0.5278473586035246,-0.019086866306945005,0.04553832374833529,0.1858439448107529,-0.0005182786481654632,8.676844124338919e-05,0.0004682735724546171,3.05508077128042e-05,8.554498315682383e-08,-0.016155123642198253,0.03854363722059099,0.15729831488782126,-0.0004386710478072481,0.0037751966745898113,0.04355680118963338,0.1451330039343847,-0.07712635142112535,0.033825810377249334,-0.026610234361896714,-0.0012803922259836422,-0.002442227100798677,0.008067216390483216,-0.005286675093448923,0.00016438701609463877,9.187453689071084e-07
-373.44,0.92,0.025,0.009797958971132711,0.5248792922602417,0.5278473586035246,-0.01907294267931593,0.04561329000927168,0.18584897215592575,-0.0005182840138429446,8.727708842495487e-05,0.0004688047318081793,3.074576980729162e-05,8.603405665082742e-08,-0.016143338683773004,0.03860708866384755,0.15730257003277556,-0.00043867558931666835,0.003816962207954646,0.043609845586976365,0.14513693356302937,-0.07712843103090324,0.033846949456038534,-0.02667324341219149,-0.001288567674511684,-0.0024578099473326867,0.008067216390483216,-0.0052866750934489224,0.00016543158897430177,9.242698660540738e-07
-373.28,0.92,0.025,0.009797958971132711,0.5248792922602417,0.5278473586035246,-0.019058937579627618,0.045688341276116325,0.18585403229308708,-0.0005182893376081453,8.778684225787015e-05,0.0004693361462064914,3.0941426628899886e-05,8.652459049456521e-08,-0.016131484767396818,0.03867061205610486,0.15730685293286892,-0.0004386800953515342,0.0038588265967260432,0.043662923103071766,0.14514088885531065,-0.07713052414525162,0.033868062464064,-0.02673635172561265,-0.0012967722779418985,-0.0024734483098184505,0.008067216390483214,-0.005286675093448923,0.00016647981394602896,9.298119651085318e-07
-373.12,0.92,0.025,0.009797958971132711,0.5248792922602417,0.5278473586035246,-0.019044850830684277,0.04576347758962775,0.1858591253082706,-0.0005182946190231973,8.829770438708897e-05,0.00046986781504158485,3.113777873965731e-05,8.701658479085737e-08,-0.016119561743091173,0.038734207431860936,0.15731116366092024,-0.0004386845655412342,0.0039007899965993187,0.043716033696956876,0.14514486987869551,-0.07713263079934492,0.03388914928359044,-0.02679955940825078,-0.0013050060599464482,-0.002489142233122454,0.008067216390483214,-0.005286675093448923,0.00016753169310309887,9.353716668669975e-07
-372.96,0.92,0.025,0.009797958971132711,0.5248792922602417,0.5278473586035246,-0.0190306822550268,0.04583869899046709,0.18586425128735704,-0.0005182998576490275,8.880967645917436e-05,0.0004703997377033129,3.133482671201661e-05,8.751003966664729e-08,-0.016107569460654683,0.03879787482553135,0.157315502289619,-0.0004386889995141369,0.003942852563436146,0.04376917732748425,0.14514887670053184,-0.07713475102829344,0.033910209796640695,-0.026862866566233757,-0.001313269044634789,-0.002504891762944296,0.008067216390483212,-0.005286675093448922,0.00016858722858896331,9.409489723516695e-07
-372.8,0.92,0.025,0.009797958971132711,0.5248792922602417,0.5278473586035246,-0.019016431674932492,0.04591400551919761,0.1858694103160834,-0.000518305053045278,8.932276012229884e-05,0.0004709319135793465,3.15325711288688e-05,8.800495527277178e-08,-0.016095507769662863,0.03886161427144886,0.157319868891533,-0.0004386933968975233,0.003985014453264576,0.04382235395332127,0.14515290938805558,-0.07713688486714718,0.033931243884995375,-0.02692627330572658,-0.001321561256554275,-0.0025206969458177846,0.008067216390483214,-0.005286675093448923,0.00016964642259729022,9.465438828089847e-07
-372.64,0.92,0.025,0.009797958971132711,0.5248792922602417,0.5278473586035246,-0.019002098912414826,0.0459893972162845,0.18587460248004894,-0.0005183102047703305,8.983695702624432e-05,0.0004714643420551698,3.173101258356003e-05,8.85013317843676e-08,-0.01608337651946791,0.038925425803863205,0.15732426353911344,-0.00043869775731760776,0.0040272758222791505,0.04387556353294984,0.1451569680083955,-0.07713903235089822,0.03395225143019253,-0.02698977973293118,-0.0013298827206908337,-0.0025365578291123023,0.008067216390483216,-0.0052866750934489224,0.0001707092773720248,9.521563997117543e-07
-372.48,0.92,0.025,0.009797958971132711,0.5248792922602417,0.5278473586035246,-0.018987683789223178,0.046064874122094396,0.18587982786472573,-0.0005183153123812566,9.035226882240264e-05,0.00047199702251407604,3.193015167990566e-05,8.899916940067126e-08,-0.0160711755591985,0.0389893094569407,0.15732868630470387,-0.0004387020803994956,0.0040696368268409115,0.04392880602466593,0.14516105262858142,-0.07714119351448517,0.033973232313527287,-0.027053385954086292,-0.001338233462469577,-0.0025524744610339184,0.008067216390483214,-0.005286675093448923,0.00017177579520743225,9.577865247578889e-07
-372.32,0.92,0.025,0.009797958971132711,0.5248792922602417,0.5278473586035246,-0.018973186126842578,0.046140436276895125,0.1858850865554657,-0.0005183203754338335,9.086869716377536e-05,0.000472529954337164,3.212998903220489e-05,8.949846834531924e-08,-0.016058904737759557,0.039053265264764034,0.15733313726054618,-0.0004387063657671967,0.004112097623477482,0.04398208138657924,0.1451651633155497,-0.07714336839279602,0.03399418641605154,-0.027117092075467294,-0.0013466135077553922,-0.002568446890626569,0.008067216390483216,-0.005286675093448921,0.0001728459784481451,9.63434259871905e-07
-372.16,0.92,0.025,0.009797958971132711,0.5248792922602417,0.5278473586035246,-0.018958605746493447,0.04621608372085529,0.18589037863750854,-0.0005183253934825177,9.13862437049746e-05,0.00047306313690333277,3.2330525265255394e-05,8.999922886643068e-08,-0.016046563903832054,0.03911729326133192,0.15733761647878725,-0.00043871061304360295,0.00415465836888312,0.044035389576612835,0.1451693001361496,-0.07714555702067136,0.03401511361857356,-0.02718089820338606,-0.0013550228828535541,-0.00258447516777323,0.008067216390483214,-0.005286675093448921,0.00017391982948920998,9.69099607205213e-07
-372.0,0.92,0.025,0.009797958971132711,0.5248792922602417,0.5278473586035246,-0.01894394246913133,0.046291816494043944,0.18589570419599163,-0.0005183303660804542,9.190491010222277e-05,0.0004735965695892784,3.2531761014367785e-05,9.050145123666814e-08,-0.016034152905872758,0.039181393480558796,0.15734212403148734,-0.0004387148218504964,0.004197319219918767,0.044088730552502675,0.1451734631571507,-0.07714775943290855,0.03403601380165769,-0.02724480444419077,-0.0013634616145103264,-0.0026005593431970763,0.008067216390483216,-0.005286675093448922,0.00017499735077613126,9.747825691362975e-07
-371.84,0.92,0.025,0.009797958971132711,0.5248792922602417,0.5278473586035246,-0.018929196115446665,0.046367634636430254,0.1859010633159576,-0.0005183352927794051,9.242469801335283e-05,0.00047413025176948933,3.273369692537734e-05,9.100513575331194e-08,-0.016021671592114057,0.03924556595627457,0.15734665999062653,-0.00043871899180848847,0.004240080333612122,0.044142104271797364,0.14517765244524927,-0.07714997566426476,0.03405688684562397,-0.02730881090426577,-0.001371929729913452,-0.002616699468462415,0.008067216390483216,-0.005286675093448922,0.0001760785448049012,9.804831482708676e-07
-371.68,0.92,0.025,0.009797958971132711,0.5248792922602417,0.5278473586035246,-0.018914366505864488,0.0464435381878831,0.185906456082362,-0.0005183401731298075,9.294560909780872e-05,0.000474664182816242,3.293633365465991e-05,9.151028273852973e-08,-0.0160091198105637,0.03930981072222425,0.1573512244281112,-0.0004387231225370691,0.004282941867157681,0.04419551069185762,0.14518186806707384,-0.07715220574946012,0.034077732630547815,-0.027372917690031407,-0.001380427256692802,-0.002632895595975972,0.008067216390483216,-0.005286675093448922,0.00017716341412205288,9.862013474432372e-07
-371.52,0.92,0.025,0.009797958971132711,0.5248792922602417,0.5278473586035246,-0.018899453460544204,0.04651952718817077,0.1859118825800839,-0.0005183450066807238,9.346764501664546e-05,0.0004751983620995968,3.3139671869141996e-05,9.201689253933665e-08,-0.015996497409004613,0.03937412781206774,0.15735581741578303,-0.00043872721365456466,0.0043259039779168125,0.044248949769856036,0.14518611008919377,-0.07715444972318218,0.034098551036259625,-0.027437124907943866,-0.0013889542229208018,-0.0026491477789876926,0.008067216390483216,-0.005286675093448922,0.00017825196132467767,9.91937169715823e-07
-371.36,0.92,0.025,0.009797958971132711,0.5248792922602417,0.5278473586035246,-0.018884456799379324,0.04659560167696058,0.18591734289393202,-0.0005183497929798219,9.399080743252924e-05,0.0004757327889873943,3.3343712246315816e-05,9.252496552770753e-08,-0.01598380423499466,0.039438517259379434,0.15736043902542407,-0.00043873126477812123,0.004368966823417786,0.04430242146277658,0.14519037857812397,-0.07715670762008833,0.03411934194234452,-0.027501432664495028,-0.0013975106571130584,-0.002665456071591948,0.008067216390483212,-0.005286675093448921,0.00017934418906047405,9.976906183795951e-07
-371.2,0.92,0.025,0.009797958971132711,0.5248792922602417,0.5278473586035246,-0.018869376341997195,0.046671761693818516,0.18592283710865554,-0.0005183545315733742,9.451509800973783e-05,0.00047626746284525014,3.354845547425122e-05,9.30345021007139e-08,-0.015971040135866428,0.039502979097647994,0.15736508932876606,-0.000438735275523704,0.004412130561355853,0.04435592572741428,0.1451946736003334,-0.07715897947481025,0.0341401052281419,-0.02756584106621228,-0.001406096588228851,-0.002681820528728496,0.008067216390483212,-0.005286675093448921,0.00018044010002777404,1.003461696954591e-06
-371.04,0.92,0.025,0.009797958971132711,0.5248792922602417,0.5278473586035246,-0.01885421190775876,0.046748007278208874,0.18592836530895043,-0.0005183592220062354,9.504051841416058e-05,0.00047680238303655144,3.375390225160537e-05,9.354550268069369e-08,-0.015958204958727015,0.039567513360275995,0.15736976839749564,-0.00043873924550607765,0.004455395349593281,0.04440946252037478,0.1451989952222499,-0.07716126532195663,0.034160840772745144,-0.02763035021965837,-0.0014147120456715252,-0.002698241206183254,0.008067216390483214,-0.0052866750934489224,0.00018153969697556197,1.009250409190579e-06
-370.88,0.92,0.025,0.009797958971132711,0.5248792922602417,0.5278473586035246,-0.018838963315758277,0.04682433846949395,0.18593392757947128,-0.0005183638638218662,9.55670703132987e-05,0.00047733754892245246,3.396005328763739e-05,9.405796771521652e-08,-0.015945298550457808,0.03963212008057968,0.15737447630326448,-0.0004387431743388276,0.004498761346159449,0.04446303179807406,0.1452033435102696,-0.0771635651961179,0.03418154845500129,-0.027694960231431233,-0.0014233570592891132,-0.002714718160589476,0.008067216390483212,-0.005286675093448922,0.00018264298270351378,1.015056759066698e-06
-370.72,0.92,0.025,0.009797958971132711,0.5248792922602417,0.5278473586035246,-0.018823630384823098,0.04690075530693362,0.18593952400483632,-0.0005183684565622307,9.609475537626552e-05,0.00047787295986187006,3.416690930221752e-05,9.457189767732855e-08,-0.01593232075771427,0.03969679929178862,0.15737921311769346,-0.0004387470616342721,0.004542228709250839,0.044516633516737895,0.14520771853076078,-0.07716587913186837,0.03420222815351063,-0.02775967120816385,-0.0014320316593746994,-0.0027312514494284832,0.008067216390483212,-0.005286675093448921,0.00018374996006201308,1.0208807507924377e-06
-370.56,0.92,0.025,0.009797958971132711,0.5248792922602417,0.5278473586035246,-0.018808212933513365,0.04697725782968499,0.18594515466963862,-0.0005183729997678881,9.662357527378659e-05,0.0004784086152114796,3.4374471025838986e-05,9.508729306556293e-08,-0.015919271426925712,0.03976155102704538,0.15738397891238215,-0.0004387509070035405,0.0045857975972311395,0.0445702676324016,0.1452121203500726,-0.07716820716377083,0.034222879746626376,-0.02782448325652405,-0.001440735876666922,-0.0027478411310306217,0.008067216390483216,-0.005286675093448922,0.00018486063195217526,1.0267223888075434e-06
-370.4,0.92,0.025,0.009797958971132711,0.5248792922602417,0.5278473586035246,-0.01879271078012179,0.0470538460768021,0.18595081965845472,-0.0005183774929778982,9.715353167819988e-05,0.00047894451432571106,3.4582739199628756e-05,9.560415440404593e-08,-0.015906150404295084,0.039826375319405305,0.15738877375891608,-0.00043875471005649306,0.004629468168631298,0.04462393410090959,0.145216549034542,-0.0771705493263801,0.034243503112454346,-0.027889396483214385,-0.0014494697423504137,-0.0027644872645761188,0.008067216390483214,-0.005286675093448923,0.00018597500132586784,1.0325816777822438e-06
-370.24,0.92,0.025,0.009797958971132711,0.5248792922602417,0.5278473586035246,-0.01877712374267337,0.047130520087235485,0.18595651905585214,-0.000518381935729873,9.768462626345583e-05,0.0004794806565567441,3.4791714575356514e-05,9.612248224267111e-08,-0.01589295753579874,0.039891272201836116,0.15739359772887326,-0.0004387584704017645,0.004673240582149552,0.04467763287791499,0.14522100465049934,-0.07717290565424612,0.03426409812885258,-0.02795441099497192,-0.001458233288056169,-0.00278118991009581,0.008067216390483212,-0.005286675093448922,0.00018709307118572162,1.0384586226179693e-06
-370.08,0.92,0.025,0.009797958971132711,0.5248792922602417,0.5278473586035246,-0.018761451638925147,0.04720727989983186,0.1859622529463986,-0.0005183863275598987,9.821686070511788e-05,0.00048001704125450427,3.5001397915447804e-05,9.664227715727191e-08,-0.015879692667186245,0.03995624170721769,0.15739845089383178,-0.0004387621876466983,0.004717114996651503,0.044731363918879254,0.14522548726427587,-0.07717527618191772,0.03428466467343102,-0.02801952689856812,-0.0014670265458620834,-0.0027979491284721935,0.008067216390483212,-0.00528667509344892,0.00018821484458516217,1.0443532284479797e-06
-369.92,0.92,0.025,0.009797958971132711,0.5248792922602417,0.5278473586035246,-0.01874569428636595,0.04728412555333374,0.18596802141467184,-0.0005183906680025523,9.875023668036228e-05,0.0004805536677666586,3.521178999298812e-05,9.716353974933922e-08,-0.01586635564398014,0.04002128386834168,0.15740333332537826,-0.0004387658613973603,0.00476109157117015,0.04478512717907176,0.1452299969422112,-0.0771776609439467,0.034305202623551106,-0.028084744300808637,-0.0014758495482931483,-0.002814764981439747,0.00806721639048321,-0.00528667509344892,0.00018934032462839169,1.050265500635487e-06
-369.76,0.92,0.025,0.009797958971132711,0.5248792922602417,0.5278473586035246,-0.01872985150221611,0.04736105708637908,0.18597382454526754,-0.0005183949565908965,9.928475586797839e-05,0.00048109053543861114,3.542289159173825e-05,9.768627064661714e-08,-0.015852946311475716,0.04008639871791126,0.15740824509511445,-0.0004387694912585348,0.004805170464905956,0.044838922613569435,0.1452345337506597,-0.07718005997489105,0.034325711856325505,-0.02815006330853316,-0.0014847023283220495,-0.002831637531586176,0.00806721639048321,-0.00528667509344892,0.00019046951447043248,1.0561954447766641e-06
-369.6,0.92,0.025,0.009797958971132711,0.5248792922602417,0.5278473586035246,-0.01871392310342725,0.04743807453750095,0.18597966242280814,-0.0005183991928564694,9.982041994836896e-05,0.0004816276436134991,3.563470350613832e-05,9.821047050292667e-08,-0.015839464514740824,0.040151586288540805,0.15741318627466483,-0.0004387730768337157,0.004849351837226917,0.044892750177256385,0.14523909775599722,-0.07718247330931871,0.03434619224861769,-0.02821548402861528,-0.0014935849193693524,-0.002848566842352728,0.00806721639048321,-0.005286675093448921,0.0001916024173171085,1.0621430666993114e-06
-369.44,0.92,0.025,0.009797958971132711,0.5248792922602417,0.5278473586035246,-0.018697908906681975,0.04751517794512711,0.18598553513195248,-0.0005184033763292269,0.00010035723060355005,0.00048216499163218813,3.5847226541320585e-05,9.8736139998296e-08,-0.015825910098615625,0.04021684661275558,0.1574181569356846,-0.0004387766177250576,0.004893635847668591,0.04494660982482347,0.1452436890246288,-0.07718490098181127,0.03436664367704163,-0.028281006567962272,-0.0015024973553040303,-0.0028655529780352235,0.008067216390483212,-0.00528667509344892,0.00019273903642507263,1.0681083724632454e-06
-369.28,0.92,0.025,0.009797958971132711,0.5248792922602417,0.5278473586035246,-0.018681808728393662,0.04759236734757968,0.1859914427574039,-0.0005184075065375618,0.00010089518951715143,0.0004827025788332682,3.6060461513113415e-05,9.92632798392356e-08,-0.015812282907712395,0.04028217972299144,0.15742315714986665,-0.0004387801135333923,0.004938022655934139,0.04500050151076793,0.14524830762299487,-0.0771873430269676,0.03438706601796144,-0.028346631033514945,-0.0015114396704436093,-0.0028825960037843794,0.008067216390483212,-0.005286675093448921,0.0001938793751017875,1.0740913683614159e-06
-369.12,0.92,0.025,0.009797958971132711,0.5248792922602417,0.5278473586035246,-0.01866562238470616,0.04766964278307478,0.18599738538391888,-0.0005184115830083075,0.00010143429837441665,0.0004832404045530493,3.6274409248053034e-05,9.979189075847732e-08,-0.015798582786415293,0.04034758565159449,0.15742818698894895,-0.0004387835638582315,0.0049825124218944245,0.045054425189392976,0.1452529536175781,-0.07718979947940718,0.03440745914749098,-0.0284123575322475,-0.0015204118995546859,-0.0028996959856067406,0.008067216390483212,-0.005286675093448921,0.000195023436705547,1.0800920609182365e-06
-368.96,0.92,0.025,0.009797958971132711,0.5248792922602417,0.5278473586035246,-0.01864934969149356,0.04774700428972216,0.1860033630963176,-0.0005184156052666873,0.00010197455886220304,0.00048377846812555723,3.64890705833888e-05,1.0032197351546533e-07,-0.01578480957888015,0.040413064430820836,0.15743324652472324,-0.00043878696829772416,0.005027105305588021,0.04510838081480742,0.14525762707491158,-0.07719227037377459,0.0344278229414936,-0.02847818617116732,-0.001529414077853108,-0.00291685299036512,0.008067216390483214,-0.005286675093448922,0.00019617122464546063,1.0861104568917795e-06
-368.8,0.92,0.025,0.009797958971132711,0.5248792922602417,0.5278473586035246,-0.018632990464359914,0.04782445190552483,0.18600937597949088,-0.0005184195728363202,0.00010251597266898221,0.00048431676888252876,3.670444636709108e-05,1.0085352889628607e-07,-0.01577096312903423,0.04047861609283622,0.1574383358290411,-0.0004387903264486614,0.0050718014672212885,0.045162368340925275,0.1452623280615844,-0.0771947557447423,0.03444815727558167,-0.028544117057314824,-0.0015384462410043145,-0.002934067085779222,0.008067216390483212,-0.00528667509344892,0.00019732274238145497,1.0921465632730802e-06
-368.64,0.92,0.025,0.009797958971132711,0.5248792922602417,0.5278473586035246,-0.018616544518639002,0.04790198566837868,0.18601542411841065,-0.0005184234852391887,0.00010305854148483977,0.0004848553061534082,3.6920537457857955e-05,1.0138655771365439e-07,-0.015757043280576054,0.040544240669715716,0.15744345497382278,-0.0004387936379064494,0.005116601067168404,0.04521638772146534,0.14526705664424974,-0.077197255627015,0.03446846202511632,-0.028610150297763308,-0.0015475084251236162,-0.002951338340426182,0.00806721639048321,-0.00528667509344892,0.00019847799342426455,1.0982003872856466e-06
-368.48,0.92,0.025,0.009797958971132711,0.5248792922602417,0.5278473586035246,-0.01860001166939406,0.047979605616072146,0.18602150759813768,-0.000518427341995641,0.0001036022670014758,0.00048539407926534233,3.713734472512286e-05,1.0192106080724252e-07,-0.015743049876975133,0.04060993819344347,0.15744860403106373,-0.0004387969022651106,0.0051615042659714375,0.04527043890995084,0.1452718128896308,-0.07719977005533274,0.034488737065207054,-0.028676285999618738,-0.0015566006667764945,-0.0029686668237411847,0.00806721639048321,-0.00528667509344892,0.0001996369813354304,1.1042719363868848e-06
-368.32,0.92,0.025,0.009797958971132711,0.5248792922602417,0.5278473586035246,-0.018583391731417515,0.048057311786285806,0.18602762650383184,-0.0005184311426243848,0.0001041471509122049,0.0004859330875431764,3.73548690490597e-05,1.0245703904366717e-07,-0.015728982761471784,0.040675708695912305,0.15745378307284327,-0.00043880011911727934,0.005206511224340402,0.04532452185970902,0.14527659686452923,-0.07720229906447523,0.034508982270711405,-0.028742524270019634,-0.0015657230029788157,-0.002986052606017877,0.00806721639048321,-0.005286675093448922,0.0002007997097272816,1.1103612182676094e-06
-368.16,0.92,0.025,0.009797958971132711,0.5248792922602417,0.5278473586035246,-0.018566684519230745,0.04813510421659205,0.18603378092075976,-0.0005184348866424485,0.00010469319491195616,0.0004864723303094496,3.757311132058808e-05,1.029944933164819e-07,-0.015714841777076903,0.04074155220892351,0.15745899217133105,-0.00043880328805416844,0.005251622103153271,0.045378636523870725,0.1452814086358306,-0.07720484268926493,0.03452919751623455,-0.028808865216136813,-0.0015748754711970533,-0.0030034957584087803,0.008067216390483209,-0.005286675093448919,0.00020196618226291942,1.1164682408515678e-06
-368.0,0.92,0.025,0.009797958971132711,0.5248792922602417,0.5278473586035246,-0.018549889847083792,0.04821298294445466,0.18603997093430452,-0.0005184385735651732,0.00010524040069727362,0.000487011806884391,3.779207244138152e-05,1.035334245465384e-07,-0.01570062676657172,0.04080746876418643,0.15746423139879537,-0.0004388064086655626,0.00529683706345607,0.04543278285537003,0.14528624827051248,-0.07720740096457107,0.03454938267612902,-0.028875308945173327,-0.001584058109348604,-0.003020996352925966,0.00806721639048321,-0.005286675093448921,0.0002031364026562156,1.1225930122970012e-06
-367.84,0.92,0.025,0.009797958971132711,0.5248792922602417,0.5278473586035246,-0.01853300752895515,0.0482909480072285,0.18604619662997435,-0.0005184422029062375,0.00010578876996631606,0.0004875515165859148,3.801175332386944e-05,1.0407383368186016e-07,-0.01568633757250764,0.040873458393318206,0.1574695008276103,-0.00043880948053983944,0.005342156266462888,0.04548696080694385,0.14529111583565077,-0.07720997392531322,0.034569537624494266,-0.028941855564364197,-0.0015932709558018824,-0.003038554462441205,0.008067216390483209,-0.005286675093448922,0.00020431037467177651,1.1287355409955293e-06
-367.68,0.92,0.025,0.009797958971132711,0.5248792922602417,0.5278473586035246,-0.018516037378551453,0.048368999442159104,0.1860524580934117,-0.0005184457741775563,0.00010633830441885724,0.00048809145872961637,3.823215489124403e-05,1.0461572169779594e-07,-0.015671974037205952,0.040939521127843465,0.15747480053026366,-0.0004388125032638837,0.005387579873555974,0.04554117033113153,0.14529601139842727,-0.07721256160646499,0.03458966223517639,-0.029008505180976276,-0.0016025140493765985,-0.0030561701606865235,0.008067216390483209,-0.005286675093448921,0.0002054881021249338,1.1348958355724676e-06
-367.52,0.92,0.025,0.009797958971132711,0.5248792922602417,0.5278473586035246,-0.01849897920930726,0.04844713728638231,0.18605875541040223,-0.0005184492868893655,0.00010688900575628622,0.0004886316326287676,3.845327807746564e-05,1.0515908959709338e-07,-0.015657536002757665,0.041005656999193986,0.15748013057936447,-0.00043881547642315896,0.005433108046285746,0.045595411380274425,0.14530093502613634,-0.07721516404305778,0.03460975638176773,-0.029075257902308093,-0.0016117874293439783,-0.003073843522254639,0.008067216390483207,-0.00528667509344892,0.00020666958888172556,1.1410739048868894e-06
-367.36,0.92,0.025,0.009797958971132711,0.5248792922602417,0.5278473586035246,-0.01848183283438476,0.048525361576923894,0.18606508866688382,-0.0005184527405501564,0.00010744087568160725,0.0004891720375943129,3.86751238272635e-05,1.0570393841022392e-07,-0.01564302331102326,0.04107186603870838,0.15748549104765047,-0.00043881839960165244,0.005478740946370866,0.045649683906515554,0.14530588678619222,-0.07721778127018451,0.03462981993760652,-0.029142113835689668,-0.0016210911354267673,-0.003091574622599027,0.008067216390483209,-0.00528667509344892,0.00020785483885885282,1.1472697580328e-06
-367.2,0.92,0.025,0.009797958971132711,0.5248792922602417,0.5278473586035246,-0.018464598066673547,0.04860367235069919,0.18607145794895494,-0.0005184561346666369,0.00010799391589943989,0.0004897126729348643,3.889769309614273e-05,1.0625026919510546e-07,-0.01562843580363249,0.0411381482776318,0.15749088200799546,-0.0004388212723818415,0.00552447873569826,0.04570398786179914,0.14531086674613541,-0.07722041332300296,0.034649852775776556,-0.0292090730884823,-0.0016304252077995504,-0.0031093635380344746,0.008067216390483212,-0.005286675093448921,0.00020904385602366903,1.1534834043371955e-06
-367.04,0.92,0.025,0.009797958971132711,0.5248792922602417,0.5278473586035246,-0.01844727471879034,0.04868206964451274,0.18607786334288381,-0.000518459468743785,0.0001085481281160193,0.0004902535379566972,3.912098685038647e-05,1.0679808303749811e-07,-0.015613773321984143,0.04120450374711559,0.15749630353341687,-0.00043882409434473963,0.005570321576323207,0.04575832319787027,0.14531587497363993,-0.07722306023673965,0.03466985476910679,-0.029276135768078453,-0.001639789687088808,-0.0031272103457372588,0.00806721639048321,-0.005286675093448921,0.00021023664439414244,1.1597148533617551e-06
-366.88,0.92,0.025,0.009797958971132711,0.5248792922602417,0.5278473586035246,-0.018429862603078735,0.04876055349505791,0.18608430493511816,-0.0005184627422848009,0.00010910351403919603,0.0004907946319637465,3.934500606706011e-05,1.0734738105092949e-07,-0.015599035707245842,0.04127093247821702,0.15750175569708402,-0.0004388268650698555,0.005616269630469356,0.04581268986627447,0.14532091153652088,-0.07722572204669381,0.034689825790171075,-0.029343301981901538,-0.0016491846143730999,-0.003145115123745489,0.00806721639048321,-0.005286675093448921,0.00021143320803882878,1.1659641149019173e-06
-366.72,0.92,0.025,0.009797958971132711,0.5248792922602417,0.5278473586035246,-0.018412361531608943,0.04883912393891648,0.18609078281229277,-0.0005184659547910396,0.00010966007537843647,0.0004913359542576019,3.956975173401212e-05,1.0789816437692053e-07,-0.01558422280035381,0.04133743450189891,0.1575072385723246,-0.00043882958413513594,0.005662323060528781,0.045867087818357286,0.14532597650274043,-0.07722839878824045,0.034709765711287685,-0.02941057183740575,-0.001658610031183086,-0.003163077950959181,0.00806721639048321,-0.00528667509344892,0.00021263355107682664,1.1722311989875018e-06
-366.56,0.92,0.025,0.009797958971132711,0.5248792922602417,0.5278473586035246,-0.01839477131617752,0.0489177810125583,0.1860972970612394,-0.0005184691057621119,0.00011021781384482277,0.0004918775041375031,3.9795224849878673e-05,1.0845043418495284e-07,-0.015569334442012653,0.04140400984902935,0.15751275223263303,-0.0004388322511170515,0.005708482029062053,0.04592151700526391,0.14533106994041553,-0.07723109049683455,0.03472967440451904,-0.029477945442075885,-0.0016680659795017176,-0.0031810989071406203,0.00806721639048321,-0.005286675093448919,0.00021383767767775078,1.1785161158821742e-06
-366.4,0.92,0.025,0.009797958971132711,0.5248792922602417,0.5278473586035246,-0.018377091768307145,0.04899652475234094,0.18610384776899483,-0.0005184721946957477,0.00011077673115105288,0.0004924192809003357,4.0021426424083654e-05,1.0900419167269109e-07,-0.015554370472695169,0.04147065855038137,0.15751829675167722,-0.00043883486559048084,0.005754746698798232,0.04597597737793877,0.1453361919178243,-0.07723379720801421,0.034749551741671325,-0.029545422903427168,-0.001677552501764225,-0.003199178072914377,0.00806721639048321,-0.005286675093448919,0.00021504559206168212,1.184818876083944e-06
-366.24,0.92,0.025,0.009797958971132711,0.5248792922602417,0.5278473586035246,-0.0183593226992463,0.04907535519450924,0.18611043502281047,-0.0005184752210878881,0.00011133682901144088,0.0004929612838406272,4.024835747684233e-05,1.0955943806595718e-07,-0.015539330732642069,0.04153738063663263,0.1575238722033068,-0.00043883742712878853,0.005801117232634995,0.0460304688871251,0.1453413425034133,-0.07723651895740478,0.03476939759429414,-0.0296130043290051,-0.0016870696408582723,-0.0032173155297675945,0.008067216390483212,-0.005286675093448921,0.0002162572984991347,1.191139490324629e-06
-366.08,0.92,0.025,0.009797958971132711,0.5248792922602417,0.5278473586035246,-0.018341463919969075,0.04915427237519501,0.18611705891016056,-0.0005184781844326056,0.00011189810914191682,0.000493503512250542,4.047601903916134e-05,1.1011617461897417e-07,-0.015524215061861826,0.04160417613836506,0.15752947866155992,-0.00043883993530375746,0.005847593793638601,0.04608499148336461,0.14534652176580437,-0.07723925578072215,0.03478921183368014,-0.02968068982638523,-0.0016966174401239376,-0.0032355113600500036,0.008067216390483212,-0.005286675093448922,0.00021747280131100404,1.1974779695705222e-06
-365.92,0.92,0.025,0.009797958971132711,0.5248792922602417,0.5278473586035246,-0.01832351524117488,0.049233276330416624,0.18612371951875148,-0.0005184810842221032,0.00011246057326002692,0.000494045965419877,4.070441215284006e-05,1.1067440261421364e-07,-0.015509023300130419,0.04167104508606463,0.15753511620067126,-0.0004388423896855882,0.0058941765450440005,0.04613954511699702,0.14535172977380148,-0.07724200771377651,0.03480899433086465,-0.029748479503173008,-0.0017061959433537833,-0.0032537656469740182,0.008067216390483212,-0.005286675093448921,0.00021869210486852105,1.2038343250210226e-06
-365.76,0.92,0.025,0.009797958971132711,0.5248792922602417,0.5278473586035246,-0.018305476473288174,0.04931236709607858,0.18613041693652985,-0.0005184839199467323,0.00011302422308493354,0.0004945886426360579,4.0933537870472326e-05,1.1123412336280067e-07,-0.015493755286991111,0.04173798751012091,0.15754078489507886,-0.00043884478984291425,0.005940865650254838,0.046194129738159645,0.14535696659639738,-0.07724477479247584,0.03482874495662539,-0.029816373467003596,-0.001715805194792895,-0.003272078474614896,0.008067216390483212,-0.005286675093448922,0.00021991521359320885,1.210208568110298e-06
-365.6,0.92,0.025,0.009797958971132711,0.5248792922602417,0.5278473586035246,-0.018287347426458232,0.04939154470797123,0.18613715125169206,-0.0005184866910949067,0.00011358906033741552,0.0004951315431841338,4.116339725544361e-05,1.1179533820439035e-07,-0.01547841086175425,0.041805003440826854,0.15754648481943218,-0.00043884713534272907,0.005987661272843541,0.04624874529678707,0.14536223230278084,-0.07724755705282971,0.034848463581482025,-0.029884371825541708,-0.0017254452391387738,-0.0032904499279105028,0.008067216390483212,-0.005286675093448921,0.00022114213195681238,1.216600710505892e-06
-365.44,0.92,0.025,0.009797958971132711,0.5248792922602417,0.5278473586035246,-0.01826912791055887,0.04947080920177032,0.1861439225526921,-0.0005184893971531924,0.00011415508673986801,0.0004956746663467732,4.139399138193576e-05,1.1235804850733925e-07,-0.015462989863497029,0.0418720929083784,0.1575522160485986,-0.00043884942575046207,0.0060345635765513194,0.04630339174261064,0.14536752696234298,-0.07725035453095258,0.03486815007569582,-0.029952474686481392,-0.0017351161215415222,-0.0033088800926617044,0.00806721639048321,-0.00528667509344892,0.00022237286448127083,1.2230107641092548e-06
-365.28,0.92,0.025,0.009797958971132711,0.5248792922602417,0.5278473586035246,-0.0182508177351882,0.04955016061303663,0.18615073092825146,-0.0005184920376061927,0.0001147223040163025,0.00049621801140426,4.16253213349223e-05,1.1292225566875628e-07,-0.015447492131063294,0.041939255942874204,0.15755797865767204,-0.00043885166062988156,0.006081572725288239,0.046358069025158155,0.14537285064468486,-0.07725316726306779,0.03488780430926937,-0.030020682157545886,-0.0017448178876036402,-0.0033273690555319863,0.00806721639048321,-0.005286675093448921,0.00022360741573863518,1.2294387410552084e-06
-365.12,0.92,0.025,0.009797958971132711,0.5248792922602417,0.5278473586035246,-0.018232416709668346,0.0496295989772156,0.18615757646736625,-0.0005184946119366096,0.00011529071389234726,0.000496761577634488,4.1857388210168645e-05,1.1348796111464972e-07,-0.015431917503063289,0.04200649257431528,0.1575637727219788,-0.00043885383954314633,0.006128688883133285,0.04641277709375339,0.14537820341962315,-0.07725599528551058,0.03490742615194611,-0.030088994346487406,-0.001754550583380025,-0.0033459169040474823,0.008067216390483209,-0.005286675093448921,0.00022484579035101632,1.2358846537122368e-06
-364.96,0.92,0.025,0.009797958971132711,0.5248792922602417,0.5278473586035246,-0.01821392464304522,0.04970912432963695,0.18616445925931704,-0.0005184971196251867,0.00011586031809524693,0.0004973053643129575,4.209019311423356e-05,1.1405516630006656e-07,-0.015416265817873476,0.042073802832604715,0.15756959831708595,-0.0004388559620507581,0.006175912214334372,0.04646751589751576,0.14538358535719778,-0.07725883863473208,0.03492701547321007,-0.030157411361086996,-0.0017643142553780207,-0.0033645237265970958,0.008067216390483209,-0.005286675093448919,0.0002260879929905345,1.2423485146825796e-06
-364.8,0.92,0.025,0.009797958971132711,0.5248792922602417,0.5278473586035246,-0.01819534134408823,0.04978873670551425,0.18617137939367714,-0.0005184995601507114,0.00011643111835386287,0.0004978493707127702,4.2323737164463445e-05,1.1462387270894002e-07,-0.015400536913636279,0.042141186747547264,0.15757545551880833,-0.00043885802771156214,0.006223242883308385,0.04652228538535977,0.14538899652767842,-0.07726169734730279,0.034946572142285436,-0.030225933309154317,-0.0017741089505571885,-0.0033831896124320343,0.00806721639048321,-0.005286675093448921,0.00022733402837923274,1.2488303368007258e-06
-364.64,0.92,0.025,0.009797958971132711,0.5248792922602417,0.5278473586035246,-0.01817666662129005,0.049868436139944634,0.18617833696032074,-0.0005185019329900178,0.00011700311639867313,0.000498393596104625,4.2558021488993915e-05,1.1519408185448895e-07,-0.0153847306282599,0.04220864434884914,0.15758134440321547,-0.0004388600360827511,0.006270681054641267,0.04657708550599482,0.14539443700157093,-0.07726457145991579,0.034966096028136245,-0.030294560298527475,-0.0017839347163293429,-0.003401914651665957,0.008067216390483209,-0.005286675093448919,0.00022858390128902798,1.255330133134984e-06
-364.48,0.92,0.025,0.009797958971132711,0.5248792922602417,0.5278473586035246,-0.01815790028286635,0.04994822266790831,0.18618533204943188,-0.0005185042376179324,0.00011757631396177254,0.0004989380397568136,4.279304722674509e-05,1.1576579527907475e-07,-0.015368846799418079,0.0422761756661176,0.15758726504663914,-0.000438861986719818,0.00631822689308803,0.04663191620792465,0.14539990684962423,-0.07726746100939061,0.03498558699946599,-0.03036329243707284,-0.0017937916005583631,-0.0034206989352745898,0.00806721639048321,-0.005286675093448922,0.00022983761654162745,1.261847916985955e-06
-364.32,0.92,0.025,0.009797958971132711,0.5248792922602417,0.5278473586035246,-0.018139042136755514,0.05002809632426825,0.18619236475151238,-0.000518506473507308,0.00011815071277687275,0.0004994827009352156,4.302881552742104e-05,1.1633901455451806e-07,-0.015352885264549868,0.04234378072886065,0.1575932175256801,-0.0004388638791765855,0.006365880563572805,0.046686777439446936,0.14540540614283667,-0.07727036603267635,0.03500504492471727,-0.030432129832684868,-0.0018036796515601466,-0.0034395425550956932,0.00806721639048321,-0.00528667509344892,0.000231095179008468,1.2683837018876501e-06
-364.15999999999997,0.92,0.025,0.009797958971132711,0.5248792922602417,0.5278473586035246,-0.018120091990618422,0.05010805714376974,0.18619943515739087,-0.0005185086401289794,0.00011872631457930217,0.0005000275789032942,4.326532755150473e-05,1.1691374128198789e-07,-0.015336845860859432,0.04241145956648671,0.15759920191721563,-0.00043886571300516823,0.0064136422311888925,0.046741669148652916,0.145410934952463,-0.07727328656685549,0.03502446967207142,-0.03050107259328588,-0.0018135989181024019,-0.0034584456038286573,0.00806721639048321,-0.00528667509344892,0.00023235659361062896,1.2749375016061326e-06
-364.0,0.92,0.025,0.009797958971132711,0.5248792922602417,0.5278473586035246,-0.018101049651838178,0.050188105161040046,0.18620654335823106,-0.0005185107369517723,0.00011930312110600622,0.0005005726729220925,4.3502584470255815e-05,1.1748997709210486e-07,-0.015320728425315835,0.0424792122083043,0.15760521829840676,-0.0004388674877559801,0.006461512061198786,0.046796591283427016,0.14541649335002083,-0.07727622264914727,0.03504386110944822,-0.03057012082682595,-0.0018235494494045512,-0.0034774081750343295,0.008067216390483212,-0.00528667509344892,0.00023362186531876073,1.281509330139418e-06
-363.84,0.92,0.025,0.009797958971132711,0.5248792922602417,0.5278473586035246,-0.018081914927519822,0.050268240410588014,0.18621368944553993,-0.0005185127634424484,0.0001198811340955472,0.0005011179822502274,4.3740587465705935e-05,1.1806772364519967e-07,-0.015304532794652779,0.0425470386835217,0.157611266746705,-0.00043886920297768836,0.006509490219034254,0.046851543791446355,0.14542208140729715,-0.07727917431691096,0.03506321910450536,-0.030639274641282625,-0.0018335312951375084,-0.003496430363134648,0.00806721639048321,-0.005286675093448919,0.0002348909991529997,1.2880992017180848e-06
-363.68,0.92,0.025,0.009797958971132711,0.5248792922602417,0.5278473586035246,-0.018062687624490113,0.05034846292680365,0.18622087351117572,-0.0005185147190657713,0.00012046035528810427,0.0005016635061438866,4.3979337730656545e-05,1.1864698263117242e-07,-0.015288258805368432,0.04261493902124661,0.15761734733985913,-0.00043887085821726885,0.006557576870296345,0.046906526620180376,0.14542769919635445,-0.0772821416076494,0.03508254352463832,-0.030708534144660814,-0.0018435445054235992,-0.003515512263412464,0.00806721639048321,-0.00528667509344892,0.00023616400018289593,1.2947071308039278e-06
-363.52,0.92,0.025,0.009797958971132711,0.5248792922602417,0.5278473586035246,-0.01804336754929724,0.05042877274395779,0.18622809564735626,-0.0005185166032844096,0.00012104078642547377,0.0005022092438568235,4.4218836468671884e-05,1.1922775576987388e-07,-0.015271906293725185,0.04268291325048587,0.15762346015592235,-0.00043887245301992434,0.006605772180755456,0.046961539716890474,0.14543334678953737,-0.07728512455901208,0.035101834236979795,-0.030777899444992582,-0.0018535891308362367,-0.0035346539720109947,0.008067216390483212,-0.005286675093448919,0.00023744087352731418,1.3013331320911262e-06
-363.36,0.92,0.025,0.009797958971132711,0.5248792922602417,0.5278473586035246,-0.018023954508210593,0.05050916989620164,0.1862353559466675,-0.0005185184155589984,0.00012162242925106889,0.0005027551946403524,4.44590848940741e-05,1.1981004481079033e-07,-0.015255475095749448,0.042750961400145074,0.1576296052732594,-0.00043887398692913623,0.0066540763163513515,0.04701658302862951,0.1454390242594792,-0.07728812320879903,0.035121091108399456,-0.030847370650336922,-0.0018636652223997388,-0.0035538555859334253,0.008067216390483212,-0.00528667509344892,0.00023872162435434522,1.3079772205038956e-06
-363.2,0.92,0.025,0.009797958971132711,0.5248792922602417,0.5278473586035246,-0.018004448307220464,0.050589654417566444,0.18624265450207228,-0.0005185201553480518,0.00012220528550992,0.0005033013577433443,4.4700084231940666e-05,1.2039385153353904e-07,-0.015238965047231401,0.04281908349902824,0.15763578277055398,-0.00043887545948659106,0.006702489443193228,0.047071656502241446,0.14544473167910893,-0.07729113759496409,0.035140314005503534,-0.03091694786877964,-0.001873772831589181,-0.0035731172030427187,0.00806721639048321,-0.005286675093448918,0.0002400062578812287,1.3146394111983302e-06
-363.04,0.92,0.025,0.009797958971132711,0.5248792922602417,0.5278473586035246,-0.017984848752037822,0.05067022634196306,0.186249991406916,-0.0005185218221080139,0.0001227893569486744,0.0005038477324122229,4.494183571809477e-05,1.209791777477521e-07,-0.015222375983724813,0.04288727957583754,0.1576419927268137,-0.00043887687023222297,0.006751011727559742,0.047126760084360925,0.14545046912165563,-0.07729416775561745,0.0351595027946345,-0.030986631208433094,-0.0018839120103299998,-0.0035924389220608464,0.008067216390483212,-0.005286675093448918,0.00024129477937424163,1.3213197195610547e-06
-362.88,0.92,0.025,0.009797958971132711,0.5248792922602417,0.5278473586035246,-0.017965155648094054,0.05075088570318159,0.18625736675493776,-0.0005185234152932298,0.00012337464531559655,0.0005043943178909586,4.5184340599102985e-05,1.215660252931401e-07,-0.015205707740546809,0.0429555496591729,0.15764823522137933,-0.00043887821870418976,0.006799643335899049,0.047181893721412835,0.14545623666065707,-0.07729721372903023,0.03517865734187064,-0.031056420777436054,-0.001894082810997891,-0.0036118208425686034,0.00806721639048321,-0.005286675093448919,0.0002425871941486182,1.328018161208789e-06
-362.72,0.92,0.025,0.009797958971132711,0.5248792922602417,0.5278473586035246,-0.017945368800540675,0.05083163253489095,0.18626478064027582,-0.0005185249343559318,0.00012396115236056794,0.0005049411134210656,4.5427600132265244e-05,1.221543960395582e-07,-0.015188960152777629,0.043023893777531706,0.15765451033392947,-0.00043887950443886073,0.006848384434828875,0.04723705735961193,0.14546203436996413,-0.07730027555363662,0.03519777751302575,-0.03112631668395349,-0.0019042852864183805,-0.0036312630650048128,0.00806721639048321,-0.005286675093448919,0.00024388350756843498,1.3347347519878796e-06
-362.56,0.92,0.025,0.009797958971132711,0.5248792922602417,0.5278473586035246,-0.017925488014249095,0.05091246687063853,0.18627223315747707,-0.0005185263787462052,0.00012454887983508723,0.0005054881182415963,4.567161558561019e-05,1.2274429188727567e-07,-0.015172133055260434,0.04309231195930845,0.1576608181444886,-0.00043888072697078815,0.006897235191136501,0.04729225094496237,0.14546786232374814,-0.07730335326803785,0.035216863173648735,-0.031196319036176385,-0.0019145194898666075,-0.0036507656906659652,0.008067216390483209,-0.005286675093448917,0.00024518372504651946,1.3414695079749324e-06
-362.4,0.92,0.025,0.009797958971132711,0.5248792922602417,0.5278473586035246,-0.017905513093810374,0.050993388743849746,0.18627972440150378,-0.0005185277479120193,0.00012513782949227006,0.0005060353315891374,4.591638823788625e-05,1.2333571476697172e-07,-0.015155226282601101,0.04316080423279443,0.15766715873343282,-0.00043888188583273314,0.006946195771778852,0.04734747442325738,0.1454737205965062,-0.07730644691100498,0.035235914189023276,-0.03126642794232156,-0.0019247854750669483,-0.0036703288217055045,0.008067216390483209,-0.005286675093448917,0.0002464878520443379,1.3482224454760135e-06
-362.24,0.92,0.025,0.009797958971132711,0.5248792922602417,0.5278473586035246,-0.017885443843534916,0.05107439818782769,0.1862872544677419,-0.000518529041299187,0.0001257280030868493,0.0005065827526978047,4.6161919378556474e-05,1.2392866663966872e-07,-0.015138239669167953,0.04322937062617736,0.15767353218149674,-0.00043888298055563195,0.006995266343882537,0.04740272774007874,0.1454796092630676,-0.07730955652148228,0.03525493042416744,-0.03133664351063146,-0.0019350832961928055,-0.003689952561133414,0.008067216390483209,-0.005286675093448918,0.0002477958940719015,1.3549935810254602e-06
-362.08,0.92,0.025,0.009797958971132711,0.5248792922602417,0.5278473586035246,-0.017865280067452253,0.0511554952357527,0.18629482345200957,-0.0005185302583513635,0.00012631940237517477,0.0005071303807992391,4.640821030778598e-05,1.245231494969404e-07,-0.015121173049091588,0.04329801116754108,0.1576799385697809,-0.0004388840106685941,0.00704444707474385,0.04745801084079642,0.14548552839860057,-0.07731268213859073,0.03527391174383334,-0.031406965849373955,-0.0019454130078660607,-0.0037096370128152254,0.00806721639048321,-0.005286675093448918,0.0002491078566876312,1.361782931386093e-06
-361.92,0.92,0.025,0.009797958971132711,0.5248792922602417,0.5278473586035246,-0.01784502156931077,0.05123667992068199,0.18630243145056266,-0.0005185313985100293,0.0001269120291152135,0.0005076782151226016,4.6655262336437946e-05,1.2511916536111798e-07,-0.015104026256264638,0.04336672588486524,0.15768637797975624,-0.00043888497569888877,0.007093738131828841,0.04751332367056818,0.14549147807861654,-0.07731582380163038,0.03529285801250671,-0.031477395066842204,-0.0019557746651568905,-0.0037293822814717047,0.008067216390483209,-0.005286675093448917,0.000250423745498272,1.3685905135495564e-06
-361.76,0.92,0.025,0.009797958971132711,0.5248792922602417,0.5278473586035246,-0.017824668152577442,0.05131795227554922,0.1863100785601049,-0.0005185324612144914,0.00012750588506654943,0.0005082262548945692,4.690307678606156e-05,1.2571671628512676e-07,-0.015086799124341547,0.043435514806024866,0.15769285049327278,-0.00043888587517194557,0.007143139682773361,0.047568666174339094,0.1454974583789782,-0.0773189815500844,0.03531176909440662,-0.03154793127135438,-0.0019661683235832703,-0.0037491884726778843,0.00806721639048321,-0.005286675093448917,0.00025174356615875775,1.375416344734519e-06
-361.6,0.92,0.025,0.009797958971132711,0.5248792922602417,0.5278473586035246,-0.017804219620437604,0.051399312333164165,0.18631776487779306,-0.0005185334459018709,0.00012810097199038377,0.0005087744993393298,4.71516549888834e-05,1.26315804352743e-07,-0.015069491486738388,0.043504377958790155,0.15769935619256406,-0.0004388867086113436,0.007192651895383058,0.047624038296841226,0.1455034693759034,-0.07732215542362131,0.035330644853485076,-0.03161857457125354,-0.0019765940391105927,-0.0037690556928623837,0.00806721639048321,-0.005286675093448918,0.00025306732437209976,1.3822604423872098e-06
-361.44,0.92,0.025,0.009797958971132711,0.5248792922602417,0.5278473586035246,-0.01778367577579464,0.051480760126212215,0.186325490501246,-0.0005185343520070911,0.00012869729164953456,0.0005093229476785781,4.740099828779782e-05,1.2691643167862675e-07,-0.015052103176632583,0.043573315370826024,0.15770589516025463,-0.0004388874755388019,0.007242274937633479,0.04767943998259307,0.14550951114597221,-0.07732534546209864,0.03534948515342663,-0.03168932507490742,-0.0019870518681512584,-0.003788984049306649,0.00806721639048321,-0.005286675093448918,0.0002543950258892642,1.3891228241806918e-06
-361.28,0.92,0.025,0.009797958971132711,0.5248792922602417,0.5278473586035246,-0.01776303642126976,0.05156229568725406,0.1863332555285515,-0.0005185351789628517,0.00012929484580843703,0.0005098715991315106,4.76511080363571e-05,1.2751860040837592e-07,-0.015034634026962727,0.04364232706969184,0.15771246747936601,-0.0004388881754741577,0.00729200897767006,0.047734871175899286,0.14551558376613252,-0.07732855170556582,0.035368289857648075,-0.031760182890708206,-0.001997541867564257,-0.003808973650144164,0.00806721639048321,-0.005286675093448919,0.000255726676509051,1.3960035080142415e-06
-361.12,0.92,0.025,0.009797958971132711,0.5248792922602417,0.5278473586035246,-0.017742301359201764,0.05164391904872529,0.18634106005827344,-0.0005185359261996438,0.00012989363623314314,0.0005104204529148216,4.790198559875909e-05,1.2812231271855976e-07,-0.015017083870428374,0.043711413082841086,0.15771907323332265,-0.0004388888079353785,0.007341854183808175,0.04779033182085017,0.1455216873137054,-0.07733177419426707,0.035387058829298,-0.03183114812707236,-0.0020080640946546426,-0.0038290246043594656,0.00806721639048321,-0.005286675093448918,0.0002570622820779583,1.402902512012629e-06
-360.96,0.92,0.025,0.009797958971132711,0.5248792922602417,0.5278473586035246,-0.017721470391646708,0.051725630242935895,0.18634890418945946,-0.0005185365931457243,0.00013049366469132206,0.0005109695082426976,4.8153632349838566e-05,1.2872757081709561e-07,-0.014999452539489774,0.04378057343762094,0.1577257125059585,-0.00043888937243854103,0.007391810724533194,0.04784582186132126,0.14552782186639115,-0.07733501296864455,0.035405791931256474,-0.03190222089244048,-0.002018618607173143,-0.0038491370217874723,0.00806721639048321,-0.005286675093448918,0.00025840184849006457,1.409819854527224e-06
-360.8,0.92,0.025,0.009797958971132711,0.5248792922602417,0.5278473586035246,-0.017700543320377727,0.05180742930206998,0.18635678802164715,-0.0005185371792271266,0.00013109493295225975,0.0005115187643268137,4.840604967505281e-05,1.2933437694282303e-07,-0.01498173986636771,0.043849808161272034,0.15773238538152215,-0.00043888986849784003,0.007441878768500477,0.04790134124097295,0.14553398750227423,-0.07733826806934094,0.03542448902613468,-0.03197340129527696,-0.002029205463315584,-0.003869311013112314,0.008067216390483212,-0.005286675093448919,0.0002597453816868821,1.4167555541327723e-06
-360.64,0.92,0.025,0.009797958971132711,0.5248792922602417,0.5278473586035246,-0.017679519946884725,0.051889316258185325,0.18636471165487214,-0.0005185376838676312,0.0001316974427868591,0.0005120682203763285,4.86592389704715e-05,1.2994273336597009e-07,-0.014963945683043232,0.04391911728092806,0.1577390919446838,-0.00043889029562556303,0.007492058484535474,0.04795688990325001,0.14554018429982957,-0.07734153953720284,0.03544314997627451,-0.03204468944406998,-0.0020398247217224227,-0.0038895466898665435,0.00806721639048321,-0.005286675093448919,0.00026109288765723026,1.423709629628938e-06
-360.48,0.92,0.025,0.009797958971132711,0.5248792922602417,0.5278473586035246,-0.017658400072374136,0.05197129114321295,0.1863726751896747,-0.0005185381064887363,0.0001323011959676398,0.0005126178755978794,4.8913201642763905e-05,1.3055264238813492e-07,-0.01494606982125747,0.043988500823615447,0.15774583228054068,-0.0004388906533320664,0.007542350041633705,0.048012467791381255,0.14554641233792764,-0.0773448274132833,0.035461774643748264,-0.03211608544733114,-0.0020504764414782167,-0.0039098441644301145,0.008067216390483212,-0.00528667509344892,0.0002624443724370952,1.4306821000392185e-06
-360.32,0.92,0.025,0.009797958971132711,0.5248792922602417,0.5278473586035246,-0.017637183497768664,0.052053353988956746,0.1863806787271068,-0.0005185384465097242,0.0001329061942687382,0.0005131677291955784,4.916793910918606e-05,1.3116410634237552e-07,-0.014928112112511398,0.04405795881625299,0.15775260647462322,-0.0004388909411258306,0.007592753608960828,0.048068074848379,0.1455526716958401,-0.07734813173884492,0.0354803628903582,-0.03218758941359537,-0.002061160682111071,-0.003930203550029363,0.00806721639048321,-0.005286675093448919,0.00026379984210948826,1.4376729846105522e-06
-360.15999999999997,0.92,0.025,0.009797958971132711,0.5248792922602417,0.5278473586035246,-0.017615870023707018,0.05213550482709306,0.18638872236873846,-0.0005185387033475676,0.00013351243946590764,0.000513717780371007,4.942345279756633e-05,1.3177712759318627e-07,-0.014910072388065621,0.04412749128565157,0.15775941461290025,-0.00043889115851338125,0.007643269355852659,0.04812371101703873,0.14555896245324462,-0.07735145255536235,0.03549891457763623,-0.03225920145142068,-0.0020718775035920333,-0.003950624960735853,0.00806721639048321,-0.005286675093448918,0.00026515930280429656,1.444682302812084e-06
-360.0,0.92,0.025,0.009797958971132711,0.5248792922602417,0.5278473586035246,-0.017594459450543658,0.052217743689170266,0.18639680621666513,-0.0005185388764169836,0.00013411993333651794,0.0005142680283232118,4.9679744146292875e-05,1.3239170853671913e-07,-0.014891950478940152,0.044197098258513715,0.15776625678178538,-0.00043889130499933493,0.007693897451815228,0.04817937623993862,0.1455652846902308,-0.07735478990452539,0.03551742956684351,-0.03233092166938799,-0.002082626966334549,-0.003971108511465381,0.008067216390483212,-0.00528667509344892,0.00026652276069814124,1.4517100743354527e-06
-359.84,0.92,0.025,0.009797958971132711,0.5248792922602417,0.5278473586035246,-0.017572951578348536,0.05230007060660843,0.18640493037351386,-0.0005185389651303825,0.00013472867765955556,0.0005148184722486999,4.99368146042997e-05,1.3300785160068613e-07,-0.014873746215914202,0.044266779761433374,0.15777313306814214,-0.0004388913800863558,0.007744638066524786,0.04823507045943917,0.14557163848730503,-0.07735814382824152,0.03553590771897011,-0.0324027501761009,-0.00209340913119388,-0.003991654317976867,0.008067216390483212,-0.005286675093448919,0.0002678902220142295,1.45875631909321e-06
-359.68,0.92,0.025,0.009797958971132711,0.5248792922602417,0.5278473586035246,-0.017551346206906838,0.05238248561069881,0.18641309494244976,-0.0005185389688978779,0.00013533867421562355,0.0005153691113414339,5.019466563104961e-05,1.336255592446334e-07,-0.014855459429525947,0.04433653582089547,0.15778004355928948,-0.00043889138327516384,0.007795491369827871,0.04829079361768274,0.14557802392539532,-0.0773615143686385,0.0355543488947346,-0.032474687080185506,-0.002104224059466365,-0.004012262496871,0.00806721639048321,-0.005286675093448917,0.0002692616930221886,1.46582105721926e-06
-359.52,0.92,0.025,0.009797958971132711,0.5248792922602417,0.5278473586035246,-0.017529643135718725,0.05246498873260352,0.1864213000271836,-0.0005185388871273039,0.00013594992478694153,0.0005159199447928282,5.0453298696522146e-05,1.3424483395983733e-07,-0.01483708995007233,0.04440636646327562,0.1577869883430082,-0.0004388913140645501,0.007846457531741319,0.0483465456565931,0.14558444108585744,-0.07736490156806759,0.03557275295458373,-0.03254673249029024,-0.00211507181288892,-0.0040329331655892696,0.008067216390483212,-0.005286675093448919,0.0002706371800379248,1.4729043090673427e-06
-359.36,0.92,0.025,0.009797958971132711,0.5248792922602417,0.5278473586035246,-0.017507842163999067,0.052547580003355084,0.18642954573197668,-0.00051853871922415,0.0001365624311573454,0.0005164709717917427,5.071271528119564e-05,1.348656782694951e-07,-0.014818637607608811,0.04447627171483975,0.15779396750754507,-0.0004388911719513206,0.007897536722452315,0.04840232651787505,0.14559089005047873,-0.07736830546910552,0.035591119758691996,-0.03261888651508557,-0.0021259524536382662,-0.004053666442412545,0.008067216390483212,-0.005286675093448918,0.0002720166894234533,1.480006095210907e-06
-359.2,0.92,0.025,0.009797958971132711,0.5248792922602417,0.5278473586035246,-0.017485943090677195,0.05263025945385605,0.1864378321616482,-0.0005185384645916238,0.00013717619511228744,0.0005170221915244799,5.0972916876032785e-05,1.3548809472872203e-07,-0.01480010223194918,0.04454625160174376,0.15780098114161903,-0.0004388909564303504,0.007948729112318422,0.04845813614301399,0.1455973709014837,-0.07737172611455746,0.035609449166961356,-0.0326911492632639,-0.002136866044330323,-0.004074462446459922,0.008067216390483212,-0.005286675093448917,0.00027340022758674386,1.4871264364421562e-06
-359.04,0.92,0.025,0.009797958971132711,0.5248792922602417,0.5278473586035246,-0.017463945714396648,0.05271302711487856,0.18644615942158127,-0.0005185381226305712,0.00013779121843883623,0.000517573603174779,5.1233904982461876e-05,1.36112085924782e-07,-0.014781483652665323,0.044616306150033216,0.1578080293344264,-0.0004388906669945155,0.008000034871867597,0.04851397447327545,0.14560388372153896,-0.07737516354745966,0.03562774103902077,-0.0327635208435393,-0.002147812648019399,-0.004095321297687233,0.008067216390483212,-0.005286675093448917,0.0002747878009815436,1.4942653537720795e-06
-358.88,0.92,0.025,0.009797958971132711,0.5248792922602417,0.5278473586035246,-0.017441849833514884,0.05279588301706395,0.18645452761772818,-0.0005185376927395499,0.00013840750292567648,0.0005181252059238119,5.149568111236266e-05,1.3673765447678842e-07,-0.014762781699087,0.04468643538564293,0.15781511217564514,-0.00043889030313475503,0.008051454171798273,0.048569841449704707,0.14561042859375722,-0.07737861781108142,0.035645995234225895,-0.03283600136464732,-0.002158792328197619,-0.004116243116885908,0.008067216390483214,-0.005286675093448918,0.00027617941610722505,1.5014228684279345e-06
-358.72,0.92,0.025,0.009797958971132711,0.5248792922602417,0.5278473586035246,-0.017419655246103064,0.052878827190922344,0.1864629368566183,-0.0005185371743147403,0.00013902505036310895,0.0005186769989501779,5.175824678804594e-05,1.3736480303628206e-07,-0.014743996200301633,0.04475663933439667,0.15782222975544175,-0.0004388898643399962,0.008102987182979334,0.04862573701312635,0.1456170056017034,-0.07738208894892852,0.03566421161165867,-0.032908590935344824,-0.00216980514879402,-0.004137228025681371,0.008067216390483212,-0.005286675093448916,0.0002775750795085971,1.5085990018550704e-06
-358.56,0.92,0.025,0.009797958971132711,0.5248792922602417,0.5278473586035246,-0.017397361749945755,0.05296185966683223,0.18647138724536141,-0.0005185365667499814,0.00013964386254305052,0.0005192289814298999,5.202160354223839e-05,1.379935342868899e-07,-0.014725126985154088,0.0448269180220068,0.1578293821644739,-0.00043888935009718424,0.008154634076450182,0.04868166110414382,0.1456236148293974,-0.07738557700474445,0.035682390030126986,-0.03298128966440972,-0.0021808511741739363,-0.004158276146531809,0.008067216390483214,-0.005286675093448916,0.0002789747977757487,1.5157937757141243e-06
-358.4,0.92,0.025,0.009797958971132711,0.5248792922602417,0.5278473586035246,-0.0173749691425407,0.05304498047504004,0.18647987889165665,-0.0005185358694368067,0.00014026394125903383,0.0005197811525364185,5.228575291806145e-05,1.386238509445665e-07,-0.014706173882246447,0.044897271474073894,0.1578365694938982,-0.00043888875989131325,0.008206395023420776,0.04873761366313898,0.14563025636132101,-0.07738908202251424,0.03570053034816427,-0.03305409766064081,-0.0021919304691380933,-0.0041793876027265055,0.008067216390483214,-0.005286675093448916,0.00028037857754385304,1.5230072118811873e-06
-358.24,0.92,0.025,0.009797958971132711,0.5248792922602417,0.5278473586035246,-0.017352477221098533,0.05312818964565978,0.18648841190379556,-0.0005185350817643491,0.00014088528830620746,0.0005203335114405884,5.255069646901413e-05,1.3925575575759574e-07,-0.014687136719937799,0.04496769971608644,0.15784379183537256,-0.0004388880932053451,0.00825827019527164,0.04879359463027177,0.14563693028242028,-0.07739260404646556,0.03571863242402914,-0.03312701503285755,-0.002203043098921882,-0.0042005625183844575,0.008067216390483212,-0.0052866750934489155,0.0002817864254929999,1.5302393324466076e-06
-358.08,0.92,0.025,0.009797958971132711,0.5248792922602417,0.5278473586035246,-0.017329885782542558,0.05321148720867258,0.18649698639066922,-0.0005185342031193858,0.00014150790548133558,0.0005208860573106735,5.281643575895313e-05,1.398892515068254e-07,-0.014668015326344023,0.04503820277342047,0.15785104928106244,-0.00043888734952024814,0.008310259763553906,0.04884960394547965,0.14564363667811114,-0.07739614312107178,0.03573669611570504,-0.03320004188989989,-0.0022141891291945024,-0.0042218010184528094,0.008067216390483214,-0.0052866750934489155,0.0002831983483480075,1.5374901597151583e-06
-357.92,0.92,0.025,0.009797958971132711,0.5248792922602417,0.5278473586035246,-0.017307194623508434,0.05329487319392625,0.18650560246177264,-0.0005185332328863609,0.000142131794582798,0.0005214387893123414,5.308297236207244e-05,1.4052434100550681e-07,-0.01464880952933754,0.04510878067133918,0.15785834192364437,-0.00043888652831501585,0.00836236389998937,0.04890564154847725,0.14565037563428285,-0.07739969929105373,0.035754721280899855,-0.03327317834062798,-0.0022253686260581174,-0.00424310322870521,0.008067216390483216,-0.005286675093448916,0.00028461435287823497,1.5447597162040729e-06
-357.76,0.92,0.025,0.009797958971132711,0.5248792922602417,0.5278473586035246,-0.017284403540343985,0.053378347631134936,0.18651426022721254,-0.0005185321704473107,0.00014275695741058998,0.0005219917066086595,5.3350307862883314e-05,1.4116102709947374e-07,-0.014629519156547149,0.04517943343499261,0.1578656698563127,-0.0004388856290666038,0.008414582776470461,0.0489617073787559,0.14565714723730402,-0.07740327260138291,0.03577270777704551,-0.033346424493922056,-0.0022365816560469924,-0.004264469275740225,0.008067216390483216,-0.005286675093448917,0.00028603444589739063,1.5520480246427098e-06
-357.6,0.92,0.025,0.009797958971132711,0.5248792922602417,0.5278473586035246,-0.017261512329108886,0.05346191054987867,0.18652295979770966,-0.0005185310151819224,0.00014338339576632213,0.0005225448083600899,5.361844385619396e-05,1.4179931266723126e-07,-0.014610144035357762,0.04525016108941731,0.15787303317278148,-0.00043888465124997914,0.008466916565060361,0.04901780137558328,0.14566395157402448,-0.07740686309728247,0.03579065546129766,-0.03341978045868219,-0.002247828286126637,-0.004285899286979719,0.008067216390483214,-0.005286675093448916,0.00028745863426334696,1.5593551079719944e-06
-357.44,0.92,0.025,0.009797958971132711,0.5248792922602417,0.5278473586035246,-0.017238520785574436,0.053545561979602904,0.18653170128460597,-0.0005185297664674891,0.00014401111145322026,0.0005230980937244851,5.388738194708698e-05,1.4243920061988495e-07,-0.014590683992910204,0.0453209636595359,0.1578804319672905,-0.00043888359433808276,0.008519365437992938,0.04907392347800282,0.1456707887317809,-0.07741047082423011,0.03580856419053526,-0.03349324634382809,-0.002259108583692856,-0.004307393390667051,0.008067216390483214,-0.005286675093448915,0.00028888692487793544,1.566680989342745e-06
-357.28,0.92,0.025,0.009797958971132711,0.5248792922602417,0.5278473586035246,-0.017215428705223267,0.05362930194961817,0.1865404847998693,-0.0005185284236789218,0.00014464010627612543,0.0005236515618570825,5.415712375089768e-05,1.430806939014462e-07,-0.014571138856100974,0.04539184117015682,0.15788786633460938,-0.00043888245780183944,0.008571929567672859,0.04913007362483341,0.14567765879840044,-0.07741409582796009,0.03582643382136022,-0.03356682225829886,-0.0022704226165708124,-0.004328951715865358,0.008067216390483214,-0.0052866750934489155,0.0002903193246867485,1.5740256921161423e-06
-357.12,0.92,0.025,0.009797958971132711,0.5248792922602417,0.5278473586035246,-0.01719223588324914,0.05371313048909965,0.18654931045609874,-0.0005185269861887505,0.0001452703820414936,0.0005242052119105002,5.442767089319253e-05,1.4372379548865322e-07,-0.014551508451582073,0.04546279364597394,0.15789533637004197,-0.00043888124111015844,0.008624609126675573,0.04918625175466896,0.14568456186220488,-0.07741773815446538,0.03584426421009701,-0.033640508311052836,-0.002281770453014135,-0.004350574392455823,0.008067216390483214,-0.005286675093448916,0.0002917558406789418,1.5813892398615708e-06
-356.96,0.92,0.025,0.009797958971132711,0.5248792922602417,0.5278473586035246,-0.01716894211455663,0.05379704762708669,0.18655817836652858,-0.0005185254533671183,0.00014590194055739546,0.0005247590430347324,5.4699025009745034e-05,1.4436850839112906e-07,-0.014531792605760733,0.045533821111566175,0.1579028421694298,-0.00043887994372992893,0.008677404287747357,0.049242457805877875,0.14569149801201386,-0.0774213978499993,0.03586205521279233,-0.033714304611067364,-0.0022931521617038887,-0.004372261551135765,0.008067216390483212,-0.005286675093448915,0.0002931964798870234,1.5887716563562324e-06
-356.8,0.92,0.025,0.009797958971132711,0.5248792922602417,0.5278473586035246,-0.017145547193760897,0.05388105339248245,0.18656708864503457,-0.0005185238245817719,0.00014653478363351675,0.0005253130543771442,5.4971187746513444e-05,1.4501483565148736e-07,-0.014511991144799223,0.045604923591397145,0.15791038382915726,-0.00043887856512601176,0.008730315223805359,0.049298691716602686,0.1456984673371496,-0.0774250749610781,0.03587980668521467,-0.03378821126733858,-0.0023045678117476266,-0.004394013323416854,0.008067216390483214,-0.0052866750934489155,0.00029464124938664876,1.5961729655844624e-06
-356.64,0.92,0.025,0.009797958971132711,0.5248792922602417,0.5278473586035246,-0.017122050915187422,0.053965147814053434,0.18657604140613693,-0.0005185220991980518,0.00014716891308115735,0.0005258672450824666,5.524416075961504e-05,1.4566278034525219e-07,-0.014492103894614635,0.04567610110981483,0.1579179614461543,-0.00043887710476123105,0.00878334210793758,0.04935495342475959,0.14570546992743943,-0.07742876953448224,0.03589751848285397,-0.03386222838888118,-0.002316017472678312,-0.004415829841623059,0.008067216390483212,-0.005286675093448915,0.00029609015629640165,1.6035931917360343e-06
-356.48,0.92,0.025,0.009797958971132711,0.5248792922602417,0.5278473586035246,-0.017098453072871757,0.054049330920429135,0.18658503676500704,-0.0005185202765789022,0.00014780433071323192,0.0005264216142927932,5.551794571530431e-05,1.4631234558119396e-07,-0.014472130680878655,0.04574735369105122,0.15792557511790198,-0.00043887556209638287,0.008836485113402955,0.04941124286803803,0.14571250587322085,-0.07743248161725909,0.03591519046092128,-0.03393635608472824,-0.002327501214453374,-0.004437711238888925,0.008067216390483212,-0.005286675093448915,0.00029754320777759043,1.611032359206731e-06
-356.32,0.92,0.025,0.009797958971132711,0.5248792922602417,0.5278473586035246,-0.017074753460559245,0.05413360274010154,0.1865940748374707,-0.0005185183560848695,0.00014844103834426924,0.0005269761611475733,5.579254428994491e-05,1.469635345009594e-07,-0.014452071329017345,0.045818681359221944,0.15793322494243522,-0.0004388739365902336,0.008889744413631379,0.04946755998390027,0.14571957526534426,-0.07743621125672434,0.03593282247434831,-0.03401059446393101,-0.0023390191074535546,-0.004459657649157311,0.008067216390483214,-0.0052866750934489155,0.00029900041103401423,1.618490492595056e-06
-356.15999999999997,0.92,0.025,0.009797958971132711,0.5248792922602417,0.5278473586035246,-0.017050951871704783,0.054217963301424726,0.18660315574001146,-0.0005185163370741073,0.0001490790377904122,0.0005275308847836088,5.606795816998628e-05,1.4761635027955556e-07,-0.01443192566421093,0.04589008413832589,0.1579409110183457,-0.0004388722276995245,0.00894312018222368,0.04952390470958089,0.14572667819517537,-0.07743995850046327,0.0359504143777871,-0.03408494363555867,-0.0023505712224818863,-0.00448166920717755,0.008067216390483214,-0.005286675093448916,0.00030046177331175515,1.6259676167036026e-06
-356.0,0.92,0.025,0.009797958971132711,0.5248792922602417,0.5278473586035246,-0.01702704809947256,0.05430241263261449,0.18661227958977736,-0.0005185142189023322,0.00014971833086941763,0.0005280857843350485,5.634418905193703e-05,1.4827079612515112e-07,-0.014411693511393577,0.04596156205224491,0.15794863344478757,-0.00043887043487893403,0.00899661259295171,0.049580276982086426,0.14573381475460068,-0.07744372339633365,0.03596796602560963,-0.03415940370869809,-0.0023621576307625825,-0.004503746048503312,0.008067216390483212,-0.005286675093448913,0.00030192730189894585,1.6334637565365765e-06
-355.84,0.92,0.025,0.009797958971132711,0.5248792922602417,0.5278473586035246,-0.017003041936735786,0.05438695076174782,0.18662144650458357,-0.0005185120009228873,0.00015035891940065634,0.000528640858933384,5.662123864233684e-05,1.4892687527919375e-07,-0.01439137469525317,0.04603311512474336,0.15795639232147954,-0.0004388685575811318,0.009050221819758335,0.04963667673819487,0.14574098503602936,-0.07744750599246678,0.03598547727190748,-0.03423397479245374,-0.002373778403939849,-0.00452588830949037,0.008067216390483214,-0.0052866750934489155,0.00030339700412553575,1.6409789372992199e-06
-355.68,0.92,0.025,0.009797958971132711,0.5248792922602417,0.5278473586035246,-0.016978933176076443,0.05447157771676258,0.186630656602917,-0.0005185096824866943,0.00015100080520511256,0.0005291961077074441,5.6899108657732075e-05,1.4958459101647931e-07,-0.014370969040231102,0.04610474337946785,0.15796418774870896,-0.0004388665952567381,0.009103948036757495,0.0496931039144553,0.14574818913239695,-0.07745130633726936,0.03600294797049139,-0.03430865699594732,-0.002385433614076849,-0.004548096127294654,0.008067216390483216,-0.0052866750934489155,0.00030487088736307294,1.6485131843968143e-06
-355.52,0.92,0.025,0.009797958971132711,0.5248792922602417,0.5278473586035246,-0.016954721609785037,0.05455629352545701,0.18663991000393954,-0.00051850726294224,0.00015164399010538407,0.0005297515297833907,5.717780082464608e-05,1.5024394664523208e-07,-0.014350476370522057,0.046176446839946816,0.15797201982733444,-0.00043886454735431196,0.00915779141823418,0.04974955844718735,0.14575542713716794,-0.07745512447942483,0.03602037797489091,-0.03438345042831764,-0.002397123333654444,-0.004570369639869882,0.008067216390483214,-0.005286675093448915,0.00030634895902445996,1.6560665234337346e-06
-355.36,0.92,0.025,0.009797958971132711,0.5248792922602417,0.5278473586035246,-0.01693040702986032,0.05464109821548933,0.18664920682749261,-0.0005185047416356448,0.000152288475925682,0.0005303071242847136,5.745731687955084e-05,1.5090494550702024e-07,-0.014329896510073777,0.04624822552959017,0.15797988865878976,-0.00043886241332040973,0.00921175213864451,0.04980604027248083,0.14576269914433923,-0.07745896046789534,0.036037767138354056,-0.03445835519872038,-0.0024088476355700094,-0.004592708985965299,0.008067216390483216,-0.005286675093448916,0.0003078312265637131,1.6636389802117506e-06
-355.2,0.92,0.025,0.009797958971132711,0.5248792922602417,0.5278473586035246,-0.016905989228009042,0.054725991814377296,0.18665854719410127,-0.0005185021179105934,0.00015293426449183045,0.0005308628903322257,5.773765856883962e-05,1.5156759097696848e-07,-0.014309229282586855,0.046320079471688945,0.15798779434508733,-0.0004388601925995263,0.009265830372615736,0.049862549326195306,0.14577000524844336,-0.07746281435192333,0.03605511531384687,-0.03453337141632786,-0.0024206065931362602,-0.004615114305123496,0.008067216390483212,-0.005286675093448915,0.0003093176974757284,1.67123058072971e-06
-355.04,0.92,0.025,0.009797958971132711,0.5248792922602417,0.5278473586035246,-0.016881467995645695,0.054810974349497776,0.18666793122497657,-0.0005184993911083466,0.00015358135763126655,0.0005314188270440585,5.801882764879544e-05,1.5223188646382647e-07,-0.014288474511514517,0.04639200868941492,0.1579957369888202,-0.0004388578846341046,0.00932002629494625,0.04991908554395955,0.14577734554455038,-0.07746668618103256,0.036072422354053106,-0.03460849919032885,-0.0024324002800799227,-0.004637585737677903,0.008067216390483214,-0.0052866750934489155,0.0003108083792960264,1.6788413511825349e-06
-354.88,0.92,0.025,0.009797958971132711,0.5248792922602417,0.5278473586035246,-0.01685684312389225,0.05489604584808635,0.18667735904202015,-0.0005184965605677945,0.00015422975717304012,0.0005319749335356568,5.830082588556479e-05,1.5289783540975593e-07,-0.014267632020062402,0.04646401320582029,0.15800371669316587,-0.00043885548886458123,0.00937434008060566,0.049975648861171236,0.14578472012827148,-0.07747057600502998,0.036089688111373794,-0.03468373862992832,-0.00244422877054064,-0.004660123424750673,0.008067216390483212,-0.0052866750934489155,0.00031230327960052133,1.6864713179588249e-06
-354.72,0.92,0.025,0.009797958971132711,0.5248792922602417,0.5278473586035246,-0.016832114403577896,0.054981206337236826,0.18668683076782705,-0.0005184936256253749,0.00015487946494781348,0.0005325312089197744,5.8583655055122116e-05,1.5356544129074527e-07,-0.014246701631188331,0.046536093043837254,0.15801173356188883,-0.00043885300472931737,0.009428771904734767,0.0500322392129964,0.1457921290957611,-0.07747448387400696,0.036106912437926915,-0.03475908984434726,-0.0024560921390694435,-0.004682727508249877,0.008067216390483214,-0.005286675093448916,0.0003138024060052436,1.6941205076414786e-06
-354.56,0.92,0.025,0.009797958971132711,0.5248792922602417,0.5278473586035246,-0.0168072816252388,0.05506645584390085,0.18669634652569003,-0.0005184905856151223,0.00015553048278786133,0.0005330876523064686,5.8867316943243464e-05,1.5423470761627137e-07,-0.014225683167602119,0.04660824822627768,0.15801978769934405,-0.00043885043166463954,0.009483321942645596,0.05008885653436903,0.14579957254372047,-0.07747840983834094,0.03612409518554697,-0.034834552942822415,-0.002467990460627671,-0.004705398130867375,0.008067216390483212,-0.0052866750934489155,0.00031530576616610717,1.7017889470046062e-06
-354.4,0.92,0.025,0.009797958971132711,0.5248792922602417,0.5278473586035246,-0.016782344579117824,0.055151794394887474,0.18670590643960078,-0.0005184874398686928,0.00015618281252707068,0.000533644262803096,5.915181334547203e-05,1.5490563792967208e-07,-0.014204576451765327,0.046680478775832764,0.15802787921047812,-0.0004388477691048616,0.009537990369821451,0.0501455007599906,0.1458070505693982,-0.07748235394869607,0.036141236205784626,-0.034910128034606115,-0.0024799238105854843,-0.004728135436076084,0.008067216390483214,-0.0052866750934489155,0.00031681336777863956,1.7094766630141324e-06
-354.24,0.92,0.025,0.009797958971132711,0.5248792922602417,0.5278473586035246,-0.016757303055164288,0.055237222016862667,0.18671551063425446,-0.0005184841877153001,0.00015683645600094017,0.0005342010395143071,5.943714606708666e-05,1.555782358080594e-07,-0.014183381305891054,0.04675278471507256,0.15803600820083297,-0.00043884501648223,0.009592777361916906,0.05020217182432966,0.1458145632705943,-0.07748631625602502,0.036158335349906354,-0.034985815228966,-0.0024918922647205475,-0.004750939568127468,0.00806721639048321,-0.0052866750934489155,0.0003183252185777203,1.717183682825774e-06
-354.08,0.92,0.025,0.009797958971132711,0.5248792922602417,0.5278473586035246,-0.01673215684303369,0.055322738736348964,0.18672515923505337,-0.0005184808284817754,0.00015749141504658038,0.000534757981542042,5.9723316923070704e-05,1.5625250486227852e-07,-0.014162097551943715,0.04682516606644577,0.15804417477654917,-0.0004388421732269747,0.009647683094757858,0.050258869661621366,0.14582211074566276,-0.0774902968115705,0.03617539246889402,-0.03506161463518486,-0.00250389589921672,-0.004773810672049037,0.008067216390483214,-0.005286675093448916,0.0003198413263373231,1.7249100337834914e-06
-353.92,0.92,0.025,0.009797958971132711,0.5248792922602417,0.5278473586035246,-0.016706905732087485,0.05540834457972499,0.1867348523681068,-0.0005184773614925209,0.00015814769150271322,0.0005353150879855251,6.001032773807563e-05,1.5692844873711787e-07,-0.014140725011638848,0.04689762285227923,0.15805237904436562,-0.0004388392387672697,0.009702707744341526,0.05031559420586705,0.14582969309351146,-0.0774942956668652,0.03619240741344451,-0.035137526362560345,-0.002515934790662507,-0.004796748893641464,0.008067216390483216,-0.005286675093448916,0.00032136169887023543,1.7326557434190655e-06
-353.76,0.92,0.025,0.009797958971132711,0.5248792922602417,0.5278473586035246,-0.01668154951139278,0.055494039573225025,0.18674459016023776,-0.0005184737860695689,0.00015880528720967215,0.0005358723579412602,6.029818034639089e-05,1.5760607111119786e-07,-0.01411926350644285,0.046970155094777664,0.15806062111162525,-0.00043883621252928314,0.009757851486836487,0.05037234539083375,0.14583731041360745,-0.07749831287373456,0.03620938003396936,-0.03521355052040482,-0.0025280090160497964,-0.0048197543794761665,0.008067216390483216,-0.005286675093448916,0.0003228863440277993,1.7404208394501343e-06
-353.6,0.92,0.025,0.009797958971132711,0.5248792922602417,0.5278473586035246,-0.016656087969722108,0.05557982374293855,0.18675437273898157,-0.0005184701015325229,0.00015946420400940147,0.0005364297905030259,6.058687659190487e-05,1.5828537569711672e-07,-0.014097712857572792,0.047042762816023195,0.158068901086274,-0.0004388330939371274,0.009813114498582675,0.05042912315005376,0.14584496280597595,-0.07750234848429621,0.03622631018059435,-0.03528968721804506,-0.002540118652772204,-0.004842827276892201,0.008067216390483212,-0.0052866750934489155,0.0003244152696996178,1.7482053497793712e-06
-353.44,0.92,0.025,0.009797958971132711,0.5248792922602417,0.5278473586035246,-0.016630520895553166,0.05566569711480987,0.18676420023259158,-0.0005184663071986002,0.00016012444374545646,0.0005369873847618711,6.0876418328074774e-05,1.5896636624142557e-07,-0.0140760728859962,0.04711544603797508,0.1580772190768655,-0.0004388298824128952,0.009868496956091469,0.050485927416824235,0.14585265037120462,-0.07750640255096235,0.0362431977031592,-0.03536593656482213,-0.0025522637786238042,-0.0048659677339938515,0.008067216390483214,-0.0052866750934489155,0.00032594848381329737,1.7560093024929595e-06
-353.28,0.92,0.025,0.009797958971132711,0.5248792922602417,0.5278473586035246,-0.016604848077068548,0.055751659714637615,0.18677407277003927,-0.0005184624023826328,0.00016078600826300291,0.0005375451398061087,6.116680741788696e-05,1.596490465246457e-07,-0.014054343412430819,0.04718820478246928,0.15808557519256125,-0.0004388265773766604,0.009923999036045628,0.05054275812420668,0.14586037321044387,-0.07751047512643973,0.03626004245121707,-0.03544229867009101,-0.0025644444717974617,-0.004889175899647472,0.008067216390483214,-0.005286675093448916,0.00032748599433414635,1.7638327258591438e-06
-353.12,0.92,0.025,0.009797958971132711,0.5248792922602417,0.5278473586035246,-0.016579069302155497,0.055837711568074315,0.18678399048101768,-0.0005184583863970445,0.00016144889940881703,0.0005381030547213123,6.145804573382368e-05,1.6033342036145199e-07,-0.014032524257344412,0.047261039071218106,0.15809396954313337,-0.0004388231782464585,0.009979620915299369,0.05059961520502648,0.14586813142540933,-0.07751456626373114,0.036276844274034256,-0.035518773643220536,-0.002576660810883409,-0.004912451923478833,0.008067216390483214,-0.005286675093448916,0.0003290278092649035,1.771675648327681e-06
-352.96,0.92,0.025,0.009797958971132711,0.5248792922602417,0.5278473586035246,-0.016553184358405637,0.055923852700626005,0.18679395349594363,-0.0005184542585518886,0.00016211311903128515,0.0005386611285903104,6.175013515782316e-05,1.6101949160051537e-07,-0.014010615240954531,0.04733394892580985,0.1581024022389667,-0.0004388196844383185,0.010035362770878376,0.050656498591872594,0.1458759251183837,-0.07751867601613628,0.03629360302058982,-0.03559536159359308,-0.002588912874867587,-0.004935795955869936,0.008067216390483217,-0.005286675093448919,0.00033057393664543143,1.7795380985274773e-06
-352.8,0.92,0.025,0.009797958971132711,0.5248792922602417,0.5278473586035246,-0.016527193033114725,0.056010083137651726,0.18680396194595855,-0.0005184500181548291,0.00016277866898040344,0.0005392193604931817,6.204307758124582e-05,1.6170726412464652e-07,-0.013988616183228305,0.047406934367708424,0.15811087339105934,-0.0004388160953662474,0.010091224779979823,0.05071340821709691,0.14588375439221743,-0.07752280443725214,0.03631031853957513,-0.035672062630604316,-0.0026012007431301964,-0.004959208147956309,0.008067216390483216,-0.005286675093448917,0.00033212438455244473,1.7874201052658493e-06
-352.64,0.92,0.025,0.009797958971132711,0.5248792922602417,0.5278473586035246,-0.016501095113282394,0.056096402904363116,0.1868140159629316,-0.0005184456645111443,0.00016344555110777779,0.0005397777495072502,6.23368749048327e-05,1.6239674185082983e-07,-0.013966526903882219,0.04747999541825294,0.1581193831110253,-0.00043881241044223257,0.010147207119972378,0.050770344012813926,0.14589161935033101,-0.07752695158097422,0.03632699067939356,-0.03574887686366305,-0.002613524495443956,-0.004982688651623707,0.008067216390483217,-0.005286675093448916,0.00033367916109919266,1.795321697527083e-06
-352.48,0.92,0.025,0.009797958971132711,0.5248792922602417,0.5278473586035246,-0.016474890385611892,0.056182812025823994,0.18682411567946075,-0.0005184411969237675,0.0001641137672666234,0.0005403362947070802,6.263152903866999e-05,1.6308792873009628e-07,-0.013944347222381906,0.047553132098657434,0.15812793151109558,-0.0004388086290762768,0.010203309968396258,0.0508273059109003,0.145899520096716,-0.07753111750149716,0.03634361928816007,-0.03582580440219095,-0.002625884211972612,-0.005006237619505264,0.008067216390483214,-0.005286675093448916,0.00033523827443517664,1.8032429044703084e-06
-352.32,0.92,0.025,0.009797958971132711,0.5248792922602417,0.5278473586035246,-0.016448578636509805,0.05626931052694983,0.1868342612288747,-0.0005184366146932189,0.00016478331931176466,0.0005408949951644719,6.292704190214624e-05,1.637808287478301e-07,-0.0139220769579419,0.047626344430010334,0.15813651870411954,-0.0004388047506763405,0.0102595335029632,0.05088429384299427,0.14590745673593636,-0.07753530225331526,0.03636020421370083,-0.03590284535562234,-0.0026382799732691115,-0.005029855204978092,0.008067216390483217,-0.005286675093448917,0.000336801732745827,1.811183755429379e-06
-352.15999999999997,0.92,0.025,0.009797958971132711,0.5248792922602417,0.5278473586035246,-0.016422159652085842,0.05635589843250741,0.18684445274523426,-0.0005184319171176862,0.0001654542090996347,0.000541453849948455,6.322341542391688e-05,1.644754459236621e-07,-0.013899715929525458,0.047699632433274276,0.15814514480356628,-0.00043880077464840964,0.010315877901556534,0.05094130774049536,0.14591542937312962,-0.0775395058912233,0.036376745303552775,-0.035979999833403956,-0.0026507118602741176,-0.0050535415621604475,0.008067216390483214,-0.0052866750934489155,0.0003383695442522197,1.819144279910915e-06
-352.0,0.92,0.025,0.009797958971132711,0.5248792922602417,0.5278473586035246,-0.016395633218152544,0.05644257576711432,0.18685469036333385,-0.0005184271034929897,0.00016612643848827542,0.0005420128581252862,6.352065154186e-05,1.6517178431129724e-07,-0.013877263955844314,0.04777299612928556,0.1581538099235258,-0.0004387967003964665,0.010372343342231145,0.05099834753456381,0.14592343811400807,-0.07754372847031704,0.03639324240496339,-0.03605726794499474,-0.0026631799543141567,-0.005077296845908191,0.008067216390483217,-0.005286675093448919,0.0003399417172107453,1.8271245075916518e-06
-351.84,0.92,0.025,0.009797958971132711,0.5248792922602417,0.5278473586035246,-0.016368999120225037,0.05652934255523854,0.1868649742187027,-0.0005184221731125987,0.00016680000933733677,0.0005425720187584417,6.381875220303642e-05,1.6586984799892397e-07,-0.013854720855358472,0.0478464355387539,0.15816251417871,-0.0004387925273225036,0.010428930003213568,0.051055413156120215,0.14593148306485967,-0.07754797004599376,0.0364096953648901,-0.03613464979986556,-0.0026756843370999085,-0.00510112121181162,0.008067216390483219,-0.005286675093448917,0.00034151825991280023,1.8351244683190572e-06
-351.68,0.92,0.025,0.009797958971132711,0.5248792922602417,0.5278473586035246,-0.016342257143520774,0.05661619882119797,0.1868753044476061,-0.0005184171252676443,0.00016747492350807703,0.0005431313309086137,6.411771936364969e-05,1.6656964110897734e-07,-0.013832086446275984,0.047919950682261965,0.1581712576844538,-0.0004387882548265342,0.01048563806290192,0.05111250453584496,0.14593956433254893,-0.07755223067395275,0.03642610403000009,-0.03621214550749906,-0.002688225090724534,-0.005125014816192264,0.008067216390483216,-0.005286675093448917,0.0003430991806844786,1.8431441921084778e-06
-351.52,0.92,0.025,0.009797958971132711,0.5248792922602417,0.5278473586035246,-0.016315407072959275,0.056703144589159996,0.18688568118704665,-0.0005184119592468903,0.000168151182863362,0.0005436907936337054,6.441755498900005e-05,1.6727116779811787e-07,-0.01380936054655273,0.047993541580265024,0.1581800405567163,-0.000438783882306568,0.010542467699865983,0.051169621604177894,0.14594768202451802,-0.07755651041019584,0.036442468246669746,-0.03628975517738934,-0.0027008022976617438,-0.00514897781609921,0.008067216390483217,-0.005286675093448917,0.0003446844878862302,1.8511837091412682e-06
-351.36,0.92,0.025,0.009797958971132711,0.5248792922602417,0.5278473586035246,-0.016288448693161883,0.05679017988314107,0.1868961045747645,-0.0005184066743368027,0.0001688287892676651,0.0005442504059888253,6.471826105344687e-05,1.6797443225750093e-07,-0.013786542973892217,0.048067208253090604,0.15818886291208067,-0.0004387794091586698,0.010599419092847192,0.05122676429131775,0.14595583624878694,-0.07756080931102756,0.036458787860984415,-0.03636747891904181,-0.002713416040764185,-0.005173010369306116,0.008067216390483214,-0.0052866750934489155,0.0003462741899125653,1.8592430497647902e-06
-351.2,0.92,0.025,0.009797958971132711,0.5248792922602417,0.5278473586035246,-0.016261381788451486,0.056877304727006195,0.18690657474923908,-0.0005184012698214891,0.00016950774458706684,0.0005448101670262832,6.501983954035898e-05,1.686794387125445e-07,-0.013763633545745339,0.04814095072093805,0.15819772486775596,-0.00043877483477690836,0.010656492420758662,0.051283932527221764,0.14596402711395481,-0.07756512743305578,0.036475062718737954,-0.03644531684197289,-0.002726066403261378,-0.005197112634307232,0.008067216390483216,-0.005286675093448916,0.00034786829519169155,1.867322244489288e-06
-351.04,0.92,0.025,0.009797958971132711,0.5248792922602417,0.5278473586035246,-0.01623420614285227,0.056964519144468546,0.18691709184968858,-0.0005183957449827653,0.00017018805068925468,0.0005453700757955842,6.532229244207561e-05,1.693861914231687e-07,-0.013740632079310162,0.04821476900387818,0.1582066265415764,-0.0004387701585534126,0.010713687862685192,0.05134112624160521,0.14597225472919945,-0.07756946483319155,0.036491292665432315,-0.03652326905570984,-0.002738753468758041,-0.005221284770314301,0.008067216390483219,-0.005286675093448916,0.00034946681218521236,1.875421323987703e-06
-350.88,0.92,0.025,0.009797958971132711,0.5248792922602417,0.5278473586035246,-0.01620692154008948,0.05705182315908901,0.18692765601607228,-0.0005183900991001363,0.0001708697094435226,0.0005459301313434246,6.562562175985818e-05,1.7009469468364799e-07,-0.013717538391531735,0.04828866312185294,0.1582155680520036,-0.00043876537987835537,0.010771005597883304,0.051398345363940924,0.14598051920427924,-0.07757382156865003,0.0365074775462772,-0.036601335669790416,-0.0027514773212320783,-0.005245526937252695,0.008067216390483216,-0.005286675093448916,0.00035106974938776855,1.8835403190930748e-06
-350.72,0.92,0.025,0.009797958971132711,0.5248792922602417,0.5278473586035246,-0.01617952776358912,0.05713921679427568,0.1869382673890891,-0.0005183843314507603,0.00017155272272077087,0.0005464903327136865,6.59298295038463e-05,1.7080495282255042e-07,-0.013694352299101833,0.04836263309467494,0.15822454951812503,-0.0004387604981399235,0.010828445805781243,0.05145558982345884,0.14598882064953206,-0.07757819769694994,0.036523617206189705,-0.0366795167937628,-0.0027642380450327284,-0.005269839295757908,0.008067216390483217,-0.005286675093448917,0.0003526771153267113,1.8916792607964987e-06
-350.56,0.92,0.025,0.009797958971132711,0.5248792922602417,0.5278473586035246,-0.01615202459647774,0.05722670007328348,0.18694892611017985,-0.0005183784413095606,0.00017223709239350574,0.0005470506789474328,6.623491769301231e-05,1.7151697020306547e-07,-0.013671073618458759,0.04843667894202714,0.15823357105965624,-0.0004387555127244121,0.010886008665979016,0.05151285954914557,0.14599715917587683,-0.07758259327591448,0.036539711489793854,-0.03675781253718521,-0.0027770357248786204,-0.005294222007171934,0.008067216390483217,-0.0052866750934489155,0.0003542889185617584,1.899838180247346e-06
-350.4,0.92,0.025,0.009797958971132711,0.5248792922602417,0.5278473586035246,-0.01612441182158215,0.05731427301921365,0.1869596323215252,-0.0005183724279491386,0.0001729228203358392,0.0005476111690829021,6.654088835511282e-05,1.7223075122278324e-07,-0.013647702165787133,0.04851080068346244,0.15824263279693895,-0.00043875042301615093,0.010943694358248343,0.05157015446974386,0.14600553489481216,-0.0775870083636705,0.036555760241420265,-0.036836223009625774,-0.0027898704458557536,-0.005318675233539398,0.008067216390483219,-0.005286675093448918,0.00035590516768464276,1.9080171087501993e-06
-350.24,0.92,0.025,0.009797958971132711,0.5248792922602417,0.5278473586035246,-0.016096689221429185,0.05740193565501336,0.18697038616604822,-0.0005183662906398134,0.00017360990842348845,0.0005481718021555041,6.684774352664239e-05,1.7294630031361516e-07,-0.013624237757017663,0.04858499833840331,0.1582517348509432,-0.00043874522839753807,0.011001503062532775,0.05162747451375228,0.1460139479184182,-0.07759144301864947,0.036571763305105746,-0.03691474832066222,-0.002802742293415551,-0.005343199137603848,0.008067216390483217,-0.005286675093448917,0.0003575258713187636,1.91621607776274e-06
-350.08,0.92,0.025,0.009797958971132711,0.5248792922602417,0.5278473586035246,-0.016068856578245423,0.057489688003475176,0.18698118778741224,-0.0005183600286496705,0.00017429835853377567,0.0005487325771978142,6.715548525278572e-05,1.736636219421958e-07,-0.013600680207826926,0.04865927192614139,0.15826087734326572,-0.0004387399282490811,0.011059434958947612,0.05168481960942459,0.14602239835935496,-0.07759589729958684,0.036587720524592936,-0.036993388579881714,-0.0028156513533728104,-0.005367793882803958,0.008067216390483217,-0.005286675093448917,0.00035915103811883723,1.924435118896274e-06
-349.92,0.92,0.025,0.009797958971132711,0.5248792922602417,0.5278473586035246,-0.016040913673956957,0.057577530087236664,0.18699203733002254,-0.0005183536412444946,0.00017498817254562785,0.0005492934932395687,6.746411558736753e-05,1.7438272060930936e-07,-0.013577029333637169,0.04873362146583712,0.1582700603961311,-0.0004387345219493403,0.011117490227779962,0.05174218968476937,0.1460308863308637,-0.07760037126552242,0.03660363174332988,-0.03707214389688052,-0.002828597711903641,-0.005392459633269502,0.008067216390483219,-0.005286675093448919,0.0003607806767705287,1.9326742639107134e-06
-349.76,0.92,0.025,0.009797958971132711,0.5248792922602417,0.5278473586035246,-0.01601286029018911,0.05766546192877994,0.18700293493902412,-0.0005183471276878455,0.00017567935233957625,0.0005498545493076595,6.77736365928057e-05,1.7510360085051855e-07,-0.013553284949616063,0.048808046976519345,0.15827928413239,-0.00043872900887499244,0.011175669049488784,0.05179958466754959,0.14603941194676504,-0.07760486497579978,0.03661949680446964,-0.03715101438126387,-0.0028415814555434386,-0.005417196553817647,0.008067216390483216,-0.005286675093448917,0.0003624147959901074,1.940933544716383e-06
-349.6,0.92,0.025,0.009797958971132711,0.5248792922602417,0.5278473586035246,-0.015984696208266203,0.05775348355043118,0.18701388076030373,-0.0005183404872410444,0.00017637189979775628,0.0005504157444261295,6.80840503400589e-05,1.7582626723567074e-07,-0.013529446870676514,0.04888254847708495,0.15828854867552108,-0.00043872338840082004,0.011233971604704825,0.05185700448528207,0.14604797532146077,-0.07760937849006685,0.03663531555086993,-0.03723000014264567,-0.0028546026711847175,-0.005442004809948741,0.008067216390483216,-0.005286675093448918,0.0003640534045240654,1.9492129933694863e-06
-349.44,0.92,0.025,0.009797958971132711,0.5248792922602417,0.5278473586035246,-0.015956421209211268,0.057841594974360165,0.18702487494048695,-0.0005183337191631821,0.00017706581680390675,0.0005509770776161673,6.839535890857735e-05,1.765507243691651e-07,-0.013505514911476418,0.04895712598629844,0.15829785414962816,-0.0004387176598997173,0.011292398074230709,0.05191444906523704,0.14605657656993132,-0.07761391186827486,0.03665108782509275,-0.03730910129064827,-0.002867661446075016,-0.005466884567842402,0.008067216390483217,-0.005286675093448916,0.0003656965111487603,1.9575126420718083e-06
-349.28,0.92,0.025,0.009797958971132711,0.5248792922602417,0.5278473586035246,-0.01592803507374584,0.057929796222579856,0.18703591762693986,-0.0005183268227111188,0.00017776110524337014,0.0005515385478961018,6.870756438625066e-05,1.7727697688993744e-07,-0.013481488886418478,0.04903177952279159,0.1583072006794419,-0.000438711822742691,0.011350948639040905,0.05197191833443772,0.1460652158077373,-0.07761846517067902,0.036666813469403904,-0.037388317934902195,-0.0028807578678146967,-0.005491835994353349,0.008067216390483216,-0.005286675093448917,0.00036734412467003463,1.965832523168771e-06
-349.12,0.92,0.025,0.009797958971132711,0.5248792922602417,0.5278473586035246,-0.015899537582289645,0.05801808731694591,0.1870470089677664,-0.0005183197971395181,0.00017845776700309163,0.0005521001542813982,6.902066886935696e-05,1.7800502947132252e-07,-0.013457368609649956,0.04910650910506302,0.1583165883903175,-0.0004387058762988881,0.011409623480281753,0.052029412219659794,0.14607389315101713,-0.0776230384578374,0.03668249232577273,-0.037467650185045984,-0.0028938920243548184,-0.00551685925700734,0.008067216390483217,-0.005286675093448918,0.0003689962539228501,1.9741726691469894e-06
-348.96,0.92,0.025,0.009797958971132711,0.5248792922602417,0.5278473586035246,-0.01587092851496038,0.058106468279156234,0.18705814911180876,-0.0005183126417008484,0.00017915580397161906,0.0005526618957846515,6.933467446250962e-05,1.7873488682122833e-07,-0.013433153895062465,0.04918131475147784,0.15832601740823493,-0.0004386998199355981,0.011468422779271485,0.05208693064743099,0.1460826087164877,-0.0776276317906111,0.03669812423587161,-0.03754709815072583,-0.0029070640039948747,-0.005541954523996923,0.008067216390483216,-0.005286675093448918,0.0003706529077709012,1.9825331126333366e-06
-348.8,0.92,0.025,0.009797958971132711,0.5248792922602417,0.5278473586035246,-0.015842207651573445,0.058194939130750516,0.1870693382086461,-0.0005183053556454086,0.00017985521803910267,0.0005532237714155829,6.964958327860342e-05,1.7946655368191102e-07,-0.013408844556291764,0.04925619648026724,0.15833548785979806,-0.0004386936530182738,0.011527346717500223,0.052144473544030595,0.14609136262144307,-0.07763224523016382,0.03671370904107567,-0.03762666194159549,-0.002920273895380544,-0.005567121964177132,0.008067216390483219,-0.005286675093448919,0.00037231409510623056,1.9909138863919425e-06
-348.64,0.92,0.025,0.009797958971132711,0.5248792922602417,0.5278473586035246,-0.015813374771641693,0.058283499893109776,0.18708057640859355,-0.0005182979382212789,0.0001805560110972944,0.0005537857801810336,6.996539743876206e-05,1.8020003483020301e-07,-0.01338444040671753,0.049331154309528114,0.15834499987223358,-0.0004386873749104905,0.011586395476629988,0.052202040835488975,0.1461001549837538,-0.0776368788379613,0.03672924658246229,-0.03770634166731589,-0.0029335217875014613,-0.005592361747061303,0.008067216390483217,-0.005286675093448917,0.0003739798248488495,1.9993150233234773e-06
-348.48,0.92,0.025,0.009797958971132711,0.5248792922602417,0.5278473586035246,-0.01578442965437516,0.05837215058745587,0.18709186386270027,-0.0005182903886744273,0.00018125818503954795,0.0005543479210849602,7.028211907228203e-05,1.8093533507746097e-07,-0.013359941259463137,0.04940618825722266,0.1583545535733895,-0.00043868098497403527,0.011645569238494729,0.05225963244758713,0.14610898592186547,-0.07764153267577067,0.036744736700810784,-0.037786137437555,-0.002946807769688854,-0.005617674042816596,0.008067216390483216,-0.005286675093448918,0.0003756501059463413,2.007736556463202e-06
-348.32,0.92,0.025,0.009797958971132711,0.5248792922602417,0.5278473586035246,-0.015755372078680826,0.05846089123485111,0.1871032007227504,-0.0005182827062486642,0.00018196174176081799,0.00055491019312843,7.059975031657971e-05,1.8167245926938463e-07,-0.013335346927395452,0.04948129834117798,0.15836414909173596,-0.00043867448256886937,0.01170486818510032,0.05231724830585624,0.14611785555479934,-0.07764620680566084,0.03676017923660203,-0.03786604936198752,-0.002960131931613332,-0.005643059022259765,0.008067216390483216,-0.005286675093448919,0.0003773249473734754,2.0161785189780313e-06
-348.15999999999997,0.92,0.025,0.009797958971132711,0.5248792922602417,0.5278473586035246,-0.01572620182316234,0.058549721856197695,0.18711458714125917,-0.0005182748901856358,0.0001826666831576599,0.0005554725953096148,7.091829331713119e-05,1.8241141228611012e-07,-0.013310657223124604,0.04955648457908573,0.15837378655636178,-0.0004386678670531222,0.011764292498624587,0.05237488833557716,0.14612676400214927,-0.07765090129000074,0.03677557403001797,-0.03794607755029465,-0.002973494363282341,-0.0056685168568523505,0.008067216390483216,-0.005286675093448918,0.00037900435813179197,2.0246409441651006e-06
-348.0,0.92,0.025,0.009797958971132711,0.5248792922602417,0.5278473586035246,-0.015696918666119778,0.05863864247223733,0.18712602327147235,-0.0005182669397249092,0.00018337301112822954,0.0005560351266237871,7.123775022742063e-05,1.8315219904236753e-07,-0.01328587195900378,0.04963174698850168,0.1583834660969742,-0.00043866113778316315,0.011823842361417288,0.05243255246177997,0.14613571138408146,-0.07765561619145933,0.03679092092094135,-0.03802622211216388,-0.0029868951550379766,-0.005694047718696575,0.008067216390483216,-0.005286675093448917,0.0003806883472492249,2.0331238654509317e-06
-347.84,0.92,0.025,0.009797958971132711,0.5248792922602417,0.5278473586035246,-0.01566752238554939,0.058727653103550714,0.18713750926736536,-0.0005182588541039118,0.00018408072757228282,0.0005565977860633141,7.155812320887947e-05,1.8389482448706598e-07,-0.013260990947129006,0.04970708558684533,0.15839318784389805,-0.00043865429411355097,0.011883517956000131,0.052490240609243496,0.14614469782133355,-0.0776603515730051,0.03680621974895523,-0.03810648315728869,-0.0030003343975544537,-0.005719651780530466,0.008067216390483216,-0.005286675093448917,0.000382376923779677,2.0416273163871166e-06
-347.68,0.92,0.025,0.009797958971132711,0.5248792922602417,0.5278473586035246,-0.015638012759143324,0.05881675377055709,0.18714904528364093,-0.0005182506325579773,0.00018478983439117517,0.0005571605726176531,7.187941443083e-05,1.8463929360376386e-07,-0.01323601399933891,0.049782500391399524,0.1584029519280737,-0.000438647335397072,0.011943319465066826,0.052547952702494856,0.1461537234352129,-0.07766510749790517,0.03682147035334266,-0.03818686079536838,-0.0030138121818356943,-0.005745329215723374,0.008067216390483217,-0.005286675093448917,0.0003840700968026209,2.0501513306510267e-06
-347.52,0.92,0.025,0.009797958971132711,0.5248792922602417,0.5278473586035246,-0.0156083895642894,0.05890594449351381,0.18716063147572623,-0.0005182422743203897,0.00018550033348786122,0.0005577234852733458,7.220162607042702e-05,1.8538561141024393e-07,-0.013210940927214549,0.04985799141931009,0.15841275848105468,-0.00043864026098477786,0.012003247071483033,0.05260568866580898,0.1461627883475943,-0.07766988402972407,0.036836672573086204,-0.0382673551361077,-0.0030273285992128995,-0.005771080198271293,0.008067216390483214,-0.005286675093448916,0.0003857678754226896,2.0586959420417195e-06
-347.36,0.92,0.025,0.009797958971132711,0.5248792922602417,0.5278473586035246,-0.01557865257807082,0.0589952252925158,0.18717226799977396,-0.0005182337786223138,0.00018621222676689438,0.0005582865230140141,7.252476031259699e-05,1.8613378295871762e-07,-0.013185771542079143,0.049933558687585373,0.15842260763500868,-0.0004386330702259264,0.012063300958286408,0.05266344842320814,0.14617189268092085,-0.07767468123232425,0.03685182624686766,-0.03834796628921676,-0.0030408837413419734,-0.005796904902792023,0.008067216390483214,-0.005286675093448916,0.00038747026876924704,2.0672611844788636e-06
-347.2,0.92,0.025,0.009797958971132711,0.5248792922602417,0.5278473586035246,-0.015548801577265937,0.059084596187495175,0.18718395501265675,-0.0005182251446929218,0.00018692551613442654,0.0005588496848203541,7.284881934997958e-05,1.8688381333581725e-07,-0.01316050565499789,0.05000920221309592,0.15843249952271268,-0.00043862576246808904,0.0121234813086866,0.05272123189846149,0.14618103655819947,-0.07767949916986377,0.036866931213067576,-0.03842869436441065,-0.0030544777002010585,-0.00582280350452049,0.008067216390483212,-0.005286675093448916,0.0003891772859959832,2.0758470920010785e-06
-347.04,0.92,0.025,0.009797958971132711,0.5248792922602417,0.5278473586035246,-0.015518836338347998,0.05917405719822067,0.18719569267196728,-0.000518216371759299,0.00018764020349820734,0.0005594129696701314,7.317380538286625e-05,1.8763570766229638e-07,-0.013135143076777746,0.05008492201257398,0.1584424342775531,-0.00043861833705707067,0.012183788306065252,0.05277903901508454,0.14619022010300117,-0.07768433790679635,0.03688198730976489,-0.03850953947140925,-0.0030681105680879727,-0.005848776179303846,0.008067216390483214,-0.005286675093448916,0.0003908889362804824,2.0844536987621226e-06
-346.88,0.92,0.025,0.009797958971132711,0.5248792922602417,0.5278473586035246,-0.015488756637484873,0.05926360834429729,0.18720748113601604,-0.0005182074590465205,0.00018835629076758423,0.0005599763765381759,7.349972061913943e-05,1.8838947109336277e-07,-0.013109683617967197,0.05016071810261322,0.15845241203352398,-0.00043861079333697503,0.012244222133976029,0.05283686969633877,0.14619944343945912,-0.07768919750787041,0.03689699437473654,-0.03859050171993698,-0.0030817824376176187,-0.005874823103596613,0.008067216390483217,-0.005286675093448917,0.000392605228823799,2.0930810390308543e-06
-346.72,0.92,0.025,0.009797958971132711,0.5248792922602417,0.5278473586035246,-0.015458562250538814,0.05935324964516573,0.1872193205638274,-0.0005181984057776817,0.00018907377985350157,0.0005605399043963762,7.382656727421008e-05,1.891451088185322e-07,-0.013084127088856052,0.05023659049966828,0.15846243292522352,-0.00043860313065022987,0.012304782976144598,0.0528947238652311,0.14620870669226566,-0.07769407803812757,0.03691195224545705,-0.038671581219722535,-0.0030954934017193678,-0.005900944454455703,0.008067216390483216,-0.005286675093448916,0.0003943261728500281,2.101729147188543e-06
-346.56,0.92,0.025,0.009797958971132711,0.5248792922602417,0.5278473586035246,-0.015428252953066199,0.05944298112010198,0.18723121111513905,-0.0005181892111738506,0.00018979267266850061,0.0005611035522136758,7.415434757095485e-05,1.899026260614064e-07,-0.013058473299475232,0.05031253922005432,0.1584724970878537,-0.0004385953483375472,0.01236547101646864,0.0529526014445134,0.1462180099866718,-0.07769897956290235,0.03692686075909817,-0.03875277808049867,-0.0031092435536344276,-0.005927140409535391,0.008067216390483216,-0.005286675093448917,0.00039605177760586633,2.1103980577255483e-06
-346.4,0.92,0.025,0.009797958971132711,0.5248792922602417,0.5278473586035246,-0.015397828520317255,0.05953280278821683,0.18724315295039817,-0.0005181798744541348,0.0001905129711267188,0.0005616673189560663,7.448306373965358e-05,1.9066202807991193e-07,-0.013032722059596526,0.05038856427994672,0.15848260465721703,-0.00043858744573797967,0.012426286439017904,0.05301050235668208,0.14622735344848434,-0.0777039021478206,0.03694171975252847,-0.0388340924120019,-0.003123032986913188,-0.0059534111470823286,0.008067216390483216,-0.005286675093448916,0.0003977820523601812,2.119087805240757e-06
-346.24,0.92,0.025,0.009797958971132711,0.5248792922602417,0.5278473586035246,-0.015367288727235839,0.05962271466845534,0.18725514623075945,-0.0005181703948356841,0.00019123467714388933,0.000562231203586583,7.48127180179244e-05,1.9142332016610184e-07,-0.013006873178732415,0.0504646656953806,0.1584927557697148,-0.000438579422188923,0.012487229428034123,0.05306842652397754,0.1462367372040641,-0.0777088458587987,0.0369565290623129,-0.038915524323972245,-0.003136861795412507,-0.005979756845930369,0.008067216390483216,-0.005286675093448917,0.0003995170064035642,2.1277984244384806e-06
-346.08,0.92,0.025,0.009797958971132711,0.5248792922602417,0.5278473586035246,-0.015336633348459142,0.05971271677959648,0.18726719111808193,-0.000518160771533706,0.00019195779263734086,0.0005627952050652999,7.514331265065829e-05,1.9218650764627818e-07,-0.01298092646613582,0.050540843482250464,0.15850295056234456,-0.0004385712770261288,0.012548300167931103,0.05312637386838374,0.1462461613803237,-0.07771381076204237,0.03697128852471245,-0.03899707392615304,-0.0031507300732929416,-0.006006177685495337,0.008067216390483214,-0.005286675093448917,0.0004012566490478824,2.1365299501271043e-06
-345.92,0.92,0.025,0.009797958971132711,0.5248792922602417,0.5278473586035246,-0.015305862158317472,0.05980280914025256,0.18727928777492658,-0.0005181510037614587,0.00019268231952599693,0.0005633593223493242,7.547484988995616e-05,1.9295159588072062e-07,-0.012954881730799908,0.05061709765630977,0.15851318917269785,-0.0004385630095836987,0.012609498843294686,0.05318434431162771,0.14625562610472545,-0.07771879692404549,0.036985997975683756,-0.03907874132829064,-0.003164637915016116,-0.00603267384577,0.008067216390483217,-0.005286675093448918,0.00040300098962584236,2.1452824172156085e-06
-345.76,0.92,0.025,0.009797958971132711,0.5248792922602417,0.5278473586035246,-0.015274974930833978,0.05989299176886881,0.18729143636455284,-0.0005181410907303278,0.00019340825973037558,0.0005639235543927914,7.58073319950604e-05,1.9371859026382698e-07,-0.01292873878145788,0.050693428233170565,0.15852347173895753,-0.0004385546191941495,0.012670825638882756,0.05324233777517911,0.1462651315052787,-0.07772380441158887,0.03700065725087866,-0.039160526640134134,-0.0031785854153418315,-0.006059245507318608,0.008067216390483217,-0.005286675093448916,0.0004047500374905261,2.1540558607124036e-06
-345.6,0.92,0.025,0.009797958971132711,0.5248792922602417,0.5278473586035246,-0.015243971439724394,0.05998326468372285,0.18730363705091616,-0.0005181310316497883,0.00019413561517258893,0.0005644879001468596,7.614076123228853e-05,1.9448749622405584e-07,-0.012902497426582728,0.05076983522830302,0.15853379839989545,-0.00043854610518838085,0.01273228073962525,0.05330035418024964,0.14627467771053798,-0.07772883329173912,0.037015266185643846,-0.03924242997143516,-0.0031925726693252687,-0.006085892851271597,0.008067216390483217,-0.005286675093448916,0.0004065038020149365,2.162850315722872e-06
-345.44,0.92,0.025,0.009797958971132711,0.5248792922602417,0.5278473586035246,-0.015212851458396797,0.0600736279029243,0.1873158899986647,-0.0005181208257274293,0.00019486438777634266,0.0005650523585597053,7.647513987496666e-05,1.952583192237549e-07,-0.01287615747438705,0.05084631865703513,0.1585441692948698,-0.00043853746689569617,0.01279386433062417,0.05335839344779274,0.1462842648496003,-0.07773388363184738,0.03702982461502046,-0.03932445143194761,-0.0032065997723142044,-0.006112616059320271,0.008067216390483217,-0.005286675093448918,0.00040826229259154296,2.1716658174464447e-06
-345.28,0.92,0.025,0.009797958971132711,0.5248792922602417,0.5278473586035246,-0.015181614759951334,0.06016408144441421,0.1873281953731358,-0.0005181104721689894,0.00019559457946693545,0.0005656169285765167,7.681047020335999e-05,1.9603106475931417e-07,-0.012849718732822809,0.050922878534552185,0.15855458456382215,-0.00043852870364383264,0.012855576597153568,0.05341645549850292,0.14629389305210252,-0.07773895549954783,0.03704433237374365,-0.03940659113142739,-0.0032206668199460664,-0.006139415313711258,0.008067216390483217,-0.005286675093448917,0.0004100255186318117,2.1805024011753988e-06
-345.12,0.92,0.025,0.009797958971132711,0.5248792922602417,0.5278473586035246,-0.01515026111717998,0.06025462532596462,0.1873405533403531,-0.0005180999701783774,0.00019632619217125865,0.0005661816091394898,7.714675450460568e-05,1.9680573836098498e-07,-0.012823181009581136,0.05099951487589646,0.15856504434727486,-0.0004385198147589786,0.012917417724659574,0.05347454025281541,0.14630356244821896,-0.07774404896275657,0.03705878929624225,-0.03948884917963211,-0.0032347739081451236,-0.006166290797241146,0.008067216390483216,-0.005286675093448917,0.0004117934895657471,2.1893601022918563e-06
-344.96,0.92,0.025,0.009797958971132711,0.5248792922602417,0.5278473586035246,-0.015118790302566276,0.060345259565178104,0.18735296406702273,-0.0005180893189576754,0.00019705922781779571,0.0005667463991878231,7.748399507264095e-05,1.9758234559292924e-07,-0.012796544112092096,0.05107622769596675,0.15857554878632804,-0.00043851079956577646,0.012979387898760367,0.05353264763090562,0.14631327316865844,-0.07774916408966998,0.037073195216638315,-0.03957122568632091,-0.0032489211331194457,-0.006193242693250744,0.008067216390483217,-0.005286675093448916,0.0004135662148414095,2.1982389562659216e-06
-344.8,0.92,0.025,0.009797958971132711,0.5248792922602417,0.5278473586035246,-0.015087202088285094,0.06043598417948726,0.18736542772053025,-0.0005180785177071543,0.00019779368833662192,0.0005673112976577112,7.782219420813524e-05,1.983608920529748e-07,-0.012769807847524505,0.05115301700951801,0.1585860980226568,-0.0004385016573873354,0.0130414873052462,0.05359077755268871,0.1463230253446619,-0.07775430094876352,0.03708754996874677,-0.03965372076125415,-0.0032631085913580743,-0.006220271185619662,0.008067216390483216,-0.005286675093448917,0.00041534370392445316,2.2071389986523194e-06
-344.64,0.92,0.025,0.009797958971132711,0.5248792922602417,0.5278473586035246,-0.015055496246202348,0.06052679918615421,0.18737794446893644,-0.0005180675656253076,0.00019852957565940347,0.0005678763034823411,7.816135421841789e-05,1.991413833727464e-07,-0.012742972022785667,0.05122988283116092,0.1585966921985078,-0.0004384923875452604,0.013103716130079393,0.05364892993781903,0.14633281910799917,-0.07775945960879005,0.037101853386074975,-0.03973633451419319,-0.0032773363796279567,-0.006247376458760535,0.008067216390483217,-0.005286675093448916,0.00041712596629764234,2.216060265089037e-06
-344.48,0.92,0.025,0.009797958971132711,0.5248792922602417,0.5278473586035246,-0.015023672547874766,0.06061770460227019,0.18739051448097457,-0.0005180564619088738,0.00019926689171939746,0.0005684414155918855,7.850147741740632e-05,1.99923825217578e-07,-0.012716036444521203,0.05130682517536149,0.1586073314566969,-0.0004384829893596708,0.013166074559394345,0.05370710470568972,0.14634265459096668,-0.0777646401387786,0.037116105301822355,-0.03981906705490005,-0.0032916045949709294,-0.006274558697613291,0.008067216390483214,-0.0052866750934489155,0.0004189130114603668,2.225002791294747e-06
-344.32,0.92,0.025,0.009797958971132711,0.5248792922602417,0.5278473586035246,-0.01499173076454963,0.060708700444754966,0.1874031379260458,-0.0005180452057528247,0.00020000563845145098,0.0005690066329134993,7.884256612553466e-05,2.0070822328644551e-07,-0.012689000919114807,0.05138384405644061,0.15861801594060518,-0.0004384734621491908,0.013228562779497511,0.05376530177543215,0.14635253192638395,-0.0777698426080326,0.03713030554888002,-0.039901918493137255,-0.0033059133347007196,-0.006301818087639457,0.008067216390483217,-0.005286675093448917,0.0004207048489281639,2.233966613066311e-06
-344.15999999999997,0.92,0.025,0.009797958971132711,0.5248792922602417,0.5278473586035246,-0.014959670667164512,0.06079978673035648,0.1874158149742153,-0.000518033796350418,0.00020074581779200095,0.0005695719543713126,7.918462266968084e-05,2.0149458331190518e-07,-0.012661865252688044,0.05146093948857373,0.15862874579417585,-0.0004384638052309938,0.013291180976867434,0.05382352106591553,0.1463624512475906,-0.07777506708612825,0.03714445395983029,-0.039984888938667494,-0.0033202626963998736,-0.0063291548148163256,0.008067216390483216,-0.0052866750934489155,0.0004225014882322305,2.24295176627641e-06
-344.0,0.92,0.025,0.009797958971132711,0.5248792922602417,0.5278473586035246,-0.014927492026347041,0.06089096347565022,0.18742854579620927,-0.0005180222328932211,0.0002014874316790733,0.0005701373788864264,7.95276493830917e-05,2.02282911059977e-07,-0.012634629251100137,0.05153811148579035,0.15863952116191155,-0.0004384540179208224,0.01335392933815471,0.0538817624957463,0.1463724126884438,-0.07778031364291331,0.03715855036694639,-0.04006797850125338,-0.003334652777916615,-0.00635656906563098,0.008067216390483216,-0.005286675093448916,0.0004243029389189231,2.251958286870783e-06
-343.84,0.92,0.025,0.009797958971132711,0.5248792922602417,0.5278473586035246,-0.014895194612414613,0.060982230697038856,0.18744133056340995,-0.0005180105145710765,0.00020223048205228282,0.0005707029053769073,7.987164860530946e-05,2.0307321233014807e-07,-0.012607292719947729,0.05161536006197369,0.1586503421888702,-0.00043844409953295915,0.013416808050182036,0.0539400259832678,0.14638241638331465,-0.07778558234850501,0.037172594602191966,-0.04015118729065726,-0.0033490836773617406,-0.006384061027074422,0.008067216390483216,-0.005286675093448917,0.0004261092105492677,2.26098621086602e-06
-343.68,0.92,0.025,0.009797958971132711,0.5248792922602417,0.5278473586035246,-0.014862778195374177,0.061073588410751695,0.18745416944785187,-0.0005179986405721818,0.0002029749708528322,0.0005712685327577821,8.021662268209705e-05,2.0386549295530927e-07,-0.012579855464564704,0.051692685230860236,0.15866120902066183,-0.0004384340493802947,0.013479817299944158,0.05399831144655965,0.14639246246708498,-0.0777908732732886,0.03718658649722078,-0.040234515416640804,-0.0033635554931054864,-0.006411630886635609,0.008067216390483214,-0.0052866750934489155,0.0004279203126984632,2.2700355743472233e-06
-343.52,0.92,0.025,0.009797958971132711,0.5248792922602417,0.5278473586035246,-0.014830242544921959,0.06116503663284418,0.187467062622218,-0.0005179866100830925,0.00020372090002351192,0.0005718342599410325,8.056257396536136e-05,2.0465975880167653e-07,-0.012552317290021946,0.051770087006039314,0.1586721218034453,-0.00043842386677432946,0.013542957274607885,0.054056618803437304,0.14640255107514447,-0.0777961864879157,0.0372005258833762,-0.04031796298896488,-0.003378068323774294,-0.006439278832295328,0.008067216390483219,-0.005286675093448916,0.0004297362549553723,2.2791064134653817e-06
-343.36,0.92,0.025,0.009797958971132711,0.5248792922602417,0.5278473586035246,-0.014797587430443208,0.061256575379197466,0.18748001025983455,-0.0005179744222887391,0.00020446827150869944,0.0005724000858355893,8.090950481307767e-05,2.054560157685586e-07,-0.012524678001127132,0.051847565400952735,0.15868308068392398,-0.00043841355102518877,0.013606228161512118,0.054114947971451624,0.1464126823433866,-0.07780152206330228,0.03721441259169087,-0.040401530117389214,-0.0033926222682476494,-0.006467005052520146,0.008067216390483217,-0.005286675093448916,0.00043155704692202193,2.2881987644340008e-06
-343.2,0.92,0.025,0.009797958971132711,0.5248792922602417,0.5278473586035246,-0.014764812621011945,0.06134820466551786,0.18749301253466832,-0.0005179620763724378,0.00020521708725435887,0.0005729660093473286,8.125741758921311e-05,2.0625426978873872e-07,-0.012496937402424512,0.05192512042889432,0.15869408580934327,-0.00043840310144163143,0.013669630148167806,0.05417329886788829,0.14642285640820646,-0.07780688007062739,0.03722824645288632,-0.04048521691167219,-0.003407217425654823,-0.006494809736256323,0.008067216390483216,-0.005286675093448916,0.00043338269821309303,2.2973126635289305e-06
-343.04,0.92,0.025,0.009797958971132711,0.5248792922602417,0.5278473586035246,-0.014731917885390713,0.061439924507336374,0.18750606962132021,-0.00051794957151592,0.0002059673492080401,0.0005735320293790652,8.160631466364641e-05,2.0705452682781464e-07,-0.0124690952981947,0.05200275210300951,0.15870513732748542,-0.0004383925173310747,0.013733163422257968,0.05423167140976738,0.14643307340649567,-0.07781226058133069,0.03724202729737254,-0.04056902348157047,-0.0034218538953715476,-0.006522693072923379,0.008067216390483217,-0.005286675093448916,0.00043521321845539906,2.306448147082696e-06
-342.88,0.92,0.025,0.009797958971132711,0.5248792922602417,0.5278473586035246,-0.014698902992030319,0.06153173492000825,0.18751918169502232,-0.000517936906899371,0.00020671905931887876,0.0005740981448305476,8.195619841209237e-05,2.0785679288458824e-07,-0.012441151492454462,0.05208046043629498,0.1587162353866669,-0.00043838179799962764,0.013796828171637692,0.0542900655138429,0.14644333347564023,-0.07781766366711118,0.037255754955247564,-0.04065294993683887,-0.003436531777016799,-0.006550655252408075,0.008067216390483219,-0.005286675093448917,0.0004370486172873818,2.3156052514844567e-06
-342.72,0.92,0.025,0.009797958971132711,0.5248792922602417,0.5278473586035246,-0.01466576770906958,0.0616236359187124,0.1875323489316327,-0.0005179240817014125,0.00020747221953759526,0.0005746643545984526,8.23070712160211e-05,2.0866107399067684e-07,-0.012413105788956493,0.05215824544159818,0.15872738013573393,-0.0004383709427520755,0.013860624584334107,0.054348481096602216,0.1464536367535163,-0.07782308939992506,0.037269429256297074,-0.040736996387229996,-0.0034512511704494265,-0.006578696465057959,0.008067216390483219,-0.005286675093448917,0.00043888890435858386,2.3247840131756396e-06
-342.56,0.92,0.025,0.009797958971132711,0.5248792922602417,0.5278473586035246,-0.014632511804335073,0.061715627518451,0.1875455715076308,-0.0005179110950991654,0.00020822683181649437,0.0005752306575763805,8.26589354625783e-05,2.094673762106857e-07,-0.012384957991189207,0.05223610713161693,0.1587385717240587,-0.00043835995089193364,0.013924552848546422,0.054406918074265634,0.14646398337848668,-0.07782853785198389,0.03728305002999404,-0.040821162942494,-0.00346601217576478,-0.006606816901675,0.008067216390483217,-0.005286675093448916,0.0004407340893291263,2.3339844686487663e-06
-342.4,0.92,0.025,0.009797958971132711,0.5248792922602417,0.5278473586035246,-0.014599135045340883,0.06180770973404892,0.18755884960011332,-0.0005178979462682523,0.00020898289810946462,0.0005757970526548494,8.301179354450624e-05,2.102757056419313e-07,-0.012356707902376524,0.05231404551889901,0.15874981030153593,-0.0004383488217214487,0.013988613152645853,0.05446537636278587,0.14647437348939746,-0.07783400909575285,0.03729661710549828,-0.04090544971237831,-0.003480814893291405,-0.006635016753509276,0.008067216390483216,-0.005286675093448915,0.00044258418186918794,2.343206654443741e-06
-342.24,0.92,0.025,0.009797958971132711,0.5248792922602417,0.5278473586035246,-0.014565637199288332,0.061899882580153276,0.1875721833867885,-0.000517884634382804,0.00020974042037197788,0.0005763635387212899,8.336564786005934e-05,2.1108606841437738e-07,-0.012328355325477644,0.052392060615841736,0.1587610960185778,-0.00043833755454160536,0.014052805685175711,0.05452385587784756,0.14648480722557375,-0.0778395032039484,0.037310130311656045,-0.04098985680662741,-0.003495659423587485,-0.006663296212252235,0.00806721639048322,-0.005286675093448916,0.00044443919165846024,2.352450607145235e-06
-342.08,0.92,0.025,0.009797958971132711,0.5248792922602417,0.5278473586035246,-0.014532018033065756,0.061992146071232955,0.18758557304597165,-0.0005178711586155182,0.0002104994005610886,0.0005769301146600396,8.372050081292662e-05,2.1189847069079716e-07,-0.012299900063186856,0.052470152434691573,0.1587724290261104,-0.00043832614865217467,0.014117130634851318,0.05458235653486683,0.1464952847268159,-0.07784502024953656,0.037323589476999666,-0.04107438433498248,-0.0035105458674375687,-0.0066916554700304975,0.008067216390483219,-0.005286675093448918,0.0004462991283856359,2.3617163633814756e-06
-341.92,0.92,0.025,0.009797958971132711,0.5248792922602417,0.5278473586035246,-0.014498277313248233,0.06208450022157806,0.18759901875658097,-0.0005178575181376547,0.0002112598406354333,0.0005774967793523385,8.407635481214565e-05,2.1271291866615647e-07,-0.012271341917933306,0.052548320987543674,0.15878380947557014,-0.00043831460335171096,0.014181588190560044,0.054640878248990714,0.14650580613339645,-0.07785056030573104,0.03733699442974712,-0.041159032407181204,-0.0035254743258489873,-0.0067200947193989825,0.008067216390483217,-0.005286675093448916,0.0004481640017478512,2.371003959818605e-06
-341.76,0.92,0.025,0.009797958971132711,0.5248792922602417,0.5278473586035246,-0.014464414806097328,0.06217694504529944,0.18761252069813178,-0.0005178437121190666,0.00021202174255523012,0.0005780635316763225,8.443321227202142e-05,2.13529418568171e-07,-0.012242680691880779,0.05262656628634145,0.15879523751889874,-0.00043830291793757795,0.014246178541361277,0.05469942093509671,0.14651637158605552,-0.07785612344599097,0.0373503449978016,-0.041243801132957454,-0.0035404449000483954,-0.006748614153334438,0.008067216390483219,-0.005286675093448918,0.0004500338214501584,2.380313433161485e-06
-341.6,0.92,0.025,0.009797958971132711,0.5248792922602417,0.5278473586035246,-0.01443043027756084,0.06226948055632822,0.18762607905073136,-0.0005178297397282367,0.00021278510828227792,0.0005786303705070192,8.479107561204121e-05,2.143479766567032e-07,-0.012213916186927496,0.05270488834287621,0.15880671330853904,-0.00043829109170597956,0.014310901876486438,0.05475798450779226,0.14652698122599672,-0.07786170974401883,0.03736364100875118,-0.04132869062204105,-0.003555457691478228,-0.006777213965228627,0.008067216390483219,-0.005286675093448918,0.000451908597204976,2.3896448201482616e-06
-341.44,0.92,0.025,0.009797958971132711,0.5248792922602417,0.5278473586035246,-0.014396323493272562,0.06236210676841526,0.1876396939950744,-0.0005178156001322398,0.00021354993977995606,0.0005791972947163415,8.514994725679126e-05,2.1516859922391368e-07,-0.012185048204705897,0.05278328716878668,0.158818236997431,-0.0004382791239519278,0.014375758385338971,0.05481656888141432,0.1465376351948837,-0.07786731927375848,0.037376882289868345,-0.041413700984157455,-0.003570512801793184,-0.006805894348881682,0.008067216390483217,-0.005286675093448917,0.00045378833873154666,2.398998157548787e-06
-341.28,0.92,0.025,0.009797958971132711,0.5248792922602417,0.5278473586035246,-0.014362094218552019,0.06245482369513069,0.1876533657124379,-0.000517801292496877,0.00021431623901322361,0.0005797643031730837,8.550982963587085e-05,2.159912925941e-07,-0.01215607654658243,0.05286176277555862,0.15882980873900746,-0.0004382670139693567,0.014440748257494316,0.05487517397002877,0.146548333634836,-0.07787295210939311,0.037390068668109656,-0.04149883232902754,-0.003585610332856615,-0.0068346554984952445,0.00806721639048322,-0.005286675093448919,0.00045567305575538287,2.4083734821617624e-06
-341.12,0.92,0.025,0.009797958971132711,0.5248792922602417,0.5278473586035246,-0.014327742218404216,0.0625476313498634,0.1876670943846753,-0.000517786815986584,0.00021508400794861864,0.000580331394742914,8.587072518380655e-05,2.1681606312351868e-07,-0.012127001013657329,0.05294031517452438,0.15884142868718917,-0.0004382547610510447,0.014505871682699914,0.054933799687429986,0.1465590766884246,-0.07787860832534291,0.03740319997011525,-0.04158408476636726,-0.003600750386736924,-0.006863497608665599,0.008067216390483217,-0.005286675093448917,0.0004575627580077154,2.41777083081127e-06
-340.96,0.92,0.025,0.009797958971132711,0.5248792922602417,0.5278473586035246,-0.014293267257519377,0.0626405297458205,0.18768088019421203,-0.0005177721697645461,0.00021585324855425783,0.0005808985682883714,8.623263633996578e-05,2.1764291720052918e-07,-0.012097821406764402,0.05301894437686248,0.15885309699638106,-0.0004382423644887118,0.014571128850875229,0.05499244594714033,0.14656986449866832,-0.07788428799626314,0.03741627602220853,-0.04166945840588744,-0.003615933065703917,-0.006892420874376799,0.008067216390483219,-0.005286675093448917,0.0004594574552249353,2.4271902403454797e-06
-340.8,0.92,0.025,0.009797958971132711,0.5248792922602417,0.5278473586035246,-0.014258669100272719,0.06273351889602691,0.1876947233240397,-0.0005177573529926389,0.00021662396279983583,0.0005814658226688585,8.65955655484701e-05,2.1847186124516622e-07,-0.01206853752647083,0.05309765039359718,0.1588648138214672,-0.0004382298235729696,0.014636519952111677,0.05505111266240963,0.1465806972090294,-0.07788999119704185,0.037429296650395724,-0.041754953357293456,-0.0036311584722251815,-0.006921425490993706,0.008067216390483219,-0.005286675093448918,0.00046135715714803663,2.4366317476319096e-06
-340.64,0.92,0.025,0.009797958971132711,0.5248792922602417,0.5278473586035246,-0.014223947510724165,0.06282659881332478,0.1877086239577109,-0.0005177423648315361,0.00021739615265662445,0.0005820331567406374,8.69595152581067e-05,2.1930290170912534e-07,-0.012039149173076934,0.0531764332355981,0.15887657931780652,-0.0004382171375934122,0.014702045176672668,0.05510979974621474,0.1465915749634092,-0.07789571800279764,0.037442261680365456,-0.04184056973028497,-0.0036464267089623584,-0.006950511654254945,0.00806721639048322,-0.005286675093448918,0.0004632618735220499,2.4460953895552643e-06
-340.48,0.92,0.025,0.009797958971132711,0.5248792922602417,0.5278473586035246,-0.014189102252618116,0.062919769510373,0.1877225822793334,-0.0005177272044406803,0.00021816982009747234,0.0005826005693568235,8.7324487922241e-05,2.201360450759776e-07,-0.012009656146615973,0.05325529291357971,0.15888839364122778,-0.0004382043058385918,0.01476770471499358,0.05516850711125893,0.14660249790614377,-0.07790146848887741,0.03745517093748837,-0.041926307634555675,-0.0036617378787674407,-0.006979679560265921,0.008067216390483219,-0.005286675093448918,0.0004651716140954823,2.4555812030161867e-06
-340.32,0.92,0.025,0.009797958971132711,0.5248792922602417,0.5278473586035246,-0.014154133089383182,0.06301303099964671,0.18773659847356536,-0.0005177118709782916,0.00021894496709680395,0.0005831680593673803,8.769048599872586e-05,2.2097129786048605e-07,-0.011980058246853926,0.053334229438100976,0.15890025694802573,-0.000438191327596026,0.01483349875768176,0.055227234669971544,0.14661346618200027,-0.07790724273085431,0.037468024246816715,-0.042012167179792975,-0.003677092084679005,-0.007008929405491548,0.008067216390483217,-0.005286675093448917,0.00046708638861973613,2.4650892249252444e-06
-340.15999999999997,0.92,0.025,0.009797958971132711,0.5248792922602417,0.5278473586035246,-0.014119039784131959,0.0631063832934368,0.1877506727256095,-0.0005176963636014699,0.00021972159563061924,0.0005837356256191145,8.805751194981341e-05,2.2180866660901415e-07,-0.01195035527328929,0.053413242819564916,0.1589121693949559,-0.0004381782021522841,0.014899427495516473,0.055285982334507336,0.14662447993617214,-0.07791304080452542,0.03748082143308397,-0.04209814847567774,-0.0036924894299184634,-0.007038261386749234,0.008067216390483216,-0.005286675093448916,0.00046900620684854665,2.4746194922030325e-06
-340.0,0.92,0.025,0.009797958971132711,0.5248792922602417,0.5278473586035246,-0.014083822099660736,0.06319982640384939,0.18776480522120717,-0.0005176806814661319,0.00022049970767649299,0.0005843032669556698,8.842556824206418e-05,2.226481578990451e-07,-0.011920547025152847,0.05349233306821812,0.15892413113922976,-0.000438164928792934,0.014965491119448946,0.055344750016746096,0.14663553931427453,-0.07791886278590923,0.037493562320704374,-0.04218425163188403,-0.0037079300178862757,-0.007067675701201602,0.00806721639048322,-0.005286675093448918,0.00047093107853740424,2.484172041775094e-06
-339.84,0.92,0.025,0.009797958971132711,0.5248792922602417,0.5278473586035246,-0.014048479798449282,0.06329336034280535,0.18777899614663332,-0.0005176648237270883,0.000221279305213574,0.0005848709822175218,8.879465734625565e-05,2.234897783392478e-07,-0.011890633301407473,0.05357150019415045,0.15893614233851044,-0.00043815150680260754,0.015031689820602349,0.055403537628292115,0.1466466444623404,-0.07792470875124366,0.03750624673377255,-0.04227047675807878,-0.003723413952158084,-0.007097172546349189,0.008067216390483216,-0.005286675093448916,0.00047286101344297106,2.493746910570069e-06
-339.68,0.92,0.025,0.009797958971132711,0.5248792922602417,0.5278473586035246,-0.014013012642660558,0.06338698512203972,0.18779324568869044,-0.00051764878953806,0.00022206039022258463,0.0005854387702419729,8.916478173729083e-05,2.2433353456939162e-07,-0.011860613900747897,0.05365074420729442,0.1589482031509076,-0.00043813793546501406,0.015098023790271725,0.05546234508047362,0.1466577955268158,-0.07793057877698358,0.03751887449606314,-0.042356823963921576,-0.003738941336480873,-0.007126752120023155,0.008067216390483217,-0.005286675093448917,0.00047479602132250175,2.5033441355169213e-06
-339.52,0.92,0.025,0.009797958971132711,0.5248792922602417,0.5278473586035246,-0.013977420394140497,0.0634807007531013,0.18780755403470326,-0.000517632578051691,0.00022284296468582003,0.0005860066298631467,8.953594389410753e-05,2.2517943325996258e-07,-0.011830488621600518,0.053730065117424945,0.15896031373497285,-0.0004381242140629513,0.015164493219924054,0.05552117228434234,0.1466689926545555,-0.07793647293979857,0.03753144543103035,-0.042443293359064355,-0.0037545122747691816,-0.007156414620378016,0.008067216390483216,-0.005286675093448917,0.0004767361119332662,2.512963753540556e-06
-339.36,0.92,0.025,0.009797958971132711,0.5248792922602417,0.5278473586035246,-0.013941702814417728,0.06357450724735211,0.1878219213725124,-0.0005176161884195811,0.0002236270305871474,0.000586574559911982,8.990814629958263e-05,2.2602748111237474e-07,-0.011800257262123165,0.05380946293415883,0.15897247424969452,-0.00043811034187833344,0.015231098301198209,0.05558001915067304,0.14668023599281843,-0.07794239131657042,0.03754395936180752,-0.04252988505315105,-0.00377012687110104,-0.007186160245884022,0.008067216390483219,-0.005286675093448917,0.0004786812950319468,2.5226058015606066e-06
-339.2,0.92,0.025,0.009797958971132711,0.5248792922602417,0.5278473586035246,-0.013905859664703346,0.0636684046159668,0.18783634789046919,-0.0005175996197923197,0.00022441258991200556,0.0005871425592162278,9.028139144043998e-05,2.2687768485853618e-07,-0.011769919620204912,0.0538889376669543,0.15898468485449313,-0.0004380963181922194,0.015297839225904924,0.05563888558996287,0.1466915256892631,-0.07794833398439092,0.037556416111206775,-0.04261659915581741,-0.0037857852297141395,-0.00721598919531977,0.008067216390483216,-0.005286675093448917,0.0004806315803740549,2.5322703164868303e-06
-339.04,0.92,0.025,0.009797958971132711,0.5248792922602417,0.5278473586035246,-0.01386989070589065,0.06376239286993228,0.1878508337774298,-0.0005175828713194984,0.00022519964464740388,0.0005877106266004386,9.065568180715681e-05,2.277300512609935e-07,-0.011739475493465847,0.05396848932511068,0.1589969457092166,-0.0004380821422848234,0.01536471618602681,0.055697771512431056,0.14670286189194343,-0.0779543010205595,0.03756881550171862,-0.04270343577669069,-0.003801487455001864,-0.007245901667764757,0.008067216390483217,-0.005286675093448917,0.00048258697771333804,2.5419573352175036e-06
-338.88,0.92,0.025,0.009797958971132711,0.5248792922602417,0.5278473586035246,-0.013833795698554887,0.06385647202004706,0.1878653792227489,-0.0005175659421497366,0.0002259881967819222,0.0005882787608859675,9.103101989386854e-05,2.2858458711257596e-07,-0.011708924679256856,0.054048117917767834,0.15900925697413468,-0.0004380678134355371,0.015431729373718322,0.05575667682801821,0.14671424474930356,-0.07796029250258066,0.037581157355511464,-0.04279039502538934,-0.0038172336515093146,-0.007275897862591757,0.008067216390483217,-0.005286675093448916,0.00048454749680118417,2.551666894635208e-06
-338.72,0.92,0.025,0.009797958971132711,0.5248792922602417,0.5278473586035246,-0.013797574402953004,0.06395064207692086,0.18787998441627424,-0.0005175488314307146,0.0002267782483057097,0.0005888469608909617,9.140740819827153e-05,2.2944129923637897e-07,-0.011678266974659424,0.05412782345390582,0.1590216188099345,-0.00043805333092295683,0.015498878981305775,0.05581560144638596,0.14672567441017362,-0.07796630850816162,0.03759344149443126,-0.042877477011522745,-0.003833023923929216,-0.007305977979459061,0.008067216390483219,-0.005286675093448918,0.000486513147386009,2.5613990316043594e-06
-338.56,0.92,0.025,0.009797958971132711,0.5248792922602417,0.5278473586035246,-0.0137612265790234,0.06404490305097404,0.18789464954834062,-0.0005175315383091982,0.00022756980121048416,0.0005894152254303567,9.178484922153168e-05,2.303001944855659e-07,-0.011647502176485407,0.05420760594234443,0.15903403137771552,-0.0004380386940249054,0.015566165201287292,0.055874545276916376,0.1467371510237651,-0.07797234911521009,0.03760566774000109,-0.042964681844690905,-0.0038488583770980725,-0.007336142218303169,0.008067216390483217,-0.005286675093448916,0.0004884839392126785,2.571153782967881e-06
-338.4,0.92,0.025,0.009797958971132711,0.5248792922602417,0.5278473586035246,-0.01372475198638568,0.06413925495243708,0.18790937480976438,-0.000517514061931079,0.00022836285748953155,0.0005899835533158711,9.216334546818201e-05,2.311612797432312e-07,-0.01161663008127684,0.05428746539174275,0.1590464948389846,-0.0004380239020184653,0.015633588226332804,0.05593350822871147,0.14674867473966643,-0.07797841440183177,0.03761783591342077,-0.04305200963448421,-0.003864737115991873,-0.007366390779330619,0.008067216390483219,-0.005286675093448917,0.0004904598820218712,2.5809311855440553e-06
-338.24,0.92,0.025,0.009797958971132711,0.5248792922602417,0.5278473586035246,-0.013688150384340394,0.06423369779135008,0.18792416039183593,-0.0005174964014413563,0.00022915741913770524,0.0005905519433560007,9.254289944603063e-05,2.320245619222923e-07,-0.01158565048530571,0.05436740181059871,0.15905900935564993,-0.000438008954179964,0.015701148249284036,0.055992490210592744,0.1467602457078372,-0.07798450444632747,0.03762994583556642,-0.04313946049048311,-0.0038806602457222145,-0.007396723863010621,0.008067216390483219,-0.005286675093448918,0.0004924409855495008,2.590731276123583e-06
-338.08,0.92,0.025,0.009797958971132711,0.5248792922602417,0.5278473586035246,-0.013651421531868784,0.06432823157756225,0.18793900648631603,-0.0005174785559842105,0.00022995348815142515,0.0005911203943560131,9.292351366605916e-05,2.3289004796533696e-07,-0.011554563184573739,0.05444741520724869,0.1590715750900179,-0.0004379938497850358,0.015768845463154504,0.0560514911311006,0.14677186407860507,-0.07799061932719142,0.03764199732699002,-0.04322703452225781,-0.0038966278715320394,-0.007427141670066957,0.008067216390483216,-0.005286675093448917,0.0004944272595260786,2.6005540914664167e-06
-337.92,0.92,0.025,0.009797958971132711,0.5248792922602417,0.5278473586035246,-0.013614565187632542,0.06442285632073134,0.18795391328542765,-0.0005174605247030164,0.0002307510665286771,0.000591688905117943,9.330519064232634e-05,2.337577448443858e-07,-0.011523367974812184,0.05452750558986701,0.15908419220478598,-0.0004379785881086331,0.015836680061129475,0.05611051089849383,0.1467835300026597,-0.07799675912310813,0.03765399020791912,-0.04331473183936805,-0.0039126400987915914,-0.007457644401470265,0.008067216390483219,-0.005286675093448919,0.0004964187136761162,2.6103996682981807e-06
-337.76,0.92,0.025,0.009797958971132711,0.5248792922602417,0.5278473586035246,-0.013577581109973567,0.06451757203032327,0.1879688809818513,-0.0005174423067403602,0.00023155015626901245,0.0005922574744405852,9.368793289186921e-05,2.346276595609495e-07,-0.011492064651481627,0.05460767296646562,0.15909686086303895,-0.00043796316842504093,0.01590465223656597,0.05616954942074927,0.1467952436310488,-0.07800292391295034,0.03766592429825627,-0.043402552551362765,-0.0039286970329942454,-0.007488232258430167,0.008067216390483217,-0.005286675093448918,0.0004984153577175053,2.62026804330804e-06
-337.6,0.92,0.025,0.009797958971132711,0.5248792922602417,0.5278473586035246,-0.013540469056913697,0.0646123787156114,0.18798390976871868,-0.000517423901238072,0.00023235075937354664,0.0005928261011194906,9.407174293460265e-05,2.3549979914563045e-07,-0.011460653009771754,0.05468791734489349,0.1591095812282435,-0.00043794759000790413,0.015972762182992723,0.05622860660556103,0.14680700511517328,-0.0780091137757764,0.03767779941757873,-0.04349049676777978,-0.003944798779752311,-0.007518905442387216,0.008067216390483217,-0.005286675093448916,0.000500417201360894,2.630159253144212e-06
-337.44,0.92,0.025,0.009797958971132711,0.5248792922602417,0.5278473586035246,-0.013503228786154464,0.06470727638567615,0.18799899983960602,-0.0005174053073372386,0.00023315287784495925,0.0005933947839469594,9.445662329321942e-05,2.3637417065802133e-07,-0.011429132844601139,0.054768238732836295,0.15912235346424256,-0.0004379318521302388,0.016041010094110193,0.05628768236034021,0.14681881460678212,-0.07801532879082776,0.03768961538513802,-0.04357856459814559,-0.0039609454447928245,-0.00754966415500493,0.008067216390483216,-0.005286675093448916,0.0005024242543090669,2.6400733344110282e-06
-337.28,0.92,0.025,0.009797958971132711,0.5248792922602417,0.5278473586035246,-0.013465860055076849,0.06480226504940446,0.18801415138852867,-0.0005173865241782725,0.00023395651368749264,0.0005939635217120368,9.484257649308946e-05,2.372507811867533e-07,-0.011397503950617045,0.05484863713781594,0.15913517773525068,-0.0004379159540644899,0.016109396163790517,0.05634677659221425,0.14683067225796784,-0.07802156903752641,0.03770137201985948,-0.04366675615197499,-0.0039771371339533046,-0.00758050859816174,0.008067216390483216,-0.005286675093448917,0.0005044365262563189,2.650010323666898e-06
-337.12,0.92,0.025,0.009797958971132711,0.5248792922602417,0.5278473586035246,-0.013428362620741026,0.06489734471548929,0.18802936460993422,-0.0005173675509008885,0.0002347616689069517,0.0005945323132005066,9.522960506215863e-05,2.3812963784902542e-07,-0.011365766122195205,0.05492911256719014,0.15914805420584832,-0.00043789989508251207,0.016177920586077536,0.05640588920802653,0.14684257822116142,-0.07802783459547238,0.03771306914034193,-0.04375507153877085,-0.003993373953177523,-0.0076114389739429045,0.008067216390483217,-0.005286675093448916,0.0005064540268878292,2.6599702574193016e-06
-336.96,0.92,0.025,0.009797958971132711,0.5248792922602417,0.5278473586035246,-0.013390736239886125,0.06499251539242899,0.1880446396986979,-0.0005173483866441581,0.00023556834551070272,0.0005951011571948856,9.561771153084809e-05,2.390107477907678e-07,-0.011333919153439617,0.055009665028151904,0.1591609830409779,-0.00043788367445561546,0.016246583555186715,0.05646502011433572,0.14685453264912854,-0.07803412554444171,0.03772470656485715,-0.04384351086802377,-0.004009656008511251,-0.007642455484632471,0.008067216390483214,-0.0052866750934489155,0.0005084767658790338,2.66995317212332e-06
-336.8,0.92,0.025,0.009797958971132711,0.5248792922602417,0.5278473586035246,-0.013352980668929964,0.06508777708852691,0.18805997685011414,-0.00051732903054654,0.00023637654550767292,0.0005956700524744191,9.600689843194965e-05,2.398941181860785e-07,-0.011301962838182323,0.05509029452772918,0.15917396440593662,-0.00043786729145459146,0.01631538526550516,0.05652416921741538,0.14686653569496294,-0.07804044196438299,0.03773628411134961,-0.04393207424921183,-0.004025983406097897,-0.007673558332704899,0.008067216390483217,-0.005286675093448917,0.0005105047528949864,2.6799591041762744e-06
-336.64,0.92,0.025,0.009797958971132711,0.5248792922602417,0.5278473586035246,-0.013315095663968808,0.06518312981189078,0.18807537625989254,-0.0005173094817458711,0.00023718627090834943,0.000596238997815074,9.639716830052481e-05,2.4077975623740134e-07,-0.0112698969699832,0.05517100107278436,0.15918699846637305,-0.00043785074534970534,0.01638432591159161,0.056583336423253444,0.14687858751208335,-0.07804678393541571,0.037747801597435925,-0.04402076179180028,-0.004042356252174236,-0.007704747720817023,0.008067216390483216,-0.005286675093448917,0.0005125379975897287,2.689988089916155e-06
-336.48,0.92,0.025,0.009797958971132711,0.5248792922602417,0.5278473586035246,-0.013277080980777118,0.06527857357043225,0.1880908381241505,-0.0005172897393794671,0.0002379975237247788,0.0005968079919895341,9.678852367380042e-05,2.416676691752099e-07,-0.011237721342129752,0.05525178467001386,0.15920008538828098,-0.00043783403541078103,0.01645340568817639,0.0566425216375516,0.1468906882542277,-0.07805315153782734,0.037759258840404514,-0.044109573605241204,-0.004058774653066042,-0.007736023851799694,0.008067216390483214,-0.005286675093448916,0.0005145765096056509,2.700040165617751e-06
-336.32,0.92,0.025,0.009797958971132711,0.5248792922602417,0.5278473586035246,-0.013238936374807308,0.06537410837186632,0.18810636263940797,-0.0005172698025840582,0.000238810305970566,0.0005973770337671945,9.71809670910645e-05,2.425578642578072e-07,-0.011205435747636907,0.05533264532594765,0.15921322533799492,-0.00043781716090714694,0.016522624790161387,0.05670172476572489,0.14690283807544893,-0.07805954485207106,0.03777065565721518,-0.044198509798973315,-0.004075238715183708,-0.007767386928649462,0.008067216390483214,-0.0052866750934489155,0.0005166202985728481,2.7101153674889117e-06
-336.15999999999997,0.92,0.025,0.009797958971132711,0.5248792922602417,0.5278473586035246,-0.013200661601189488,0.06546973422371083,0.1881219500025792,-0.0005172496704958982,0.00023962461966087393,0.0005979461219141558,9.757450109356226e-05,2.4345034877129297e-07,-0.011173039979246784,0.05541358304694885,0.15922641848218305,-0.00043780012110772825,0.016591983412620068,0.05676094571290115,0.14691503713010853,-0.0780659639587624,0.03778199186449868,-0.04428757048242158,-0.00409174854501788,-0.00779883715452028,0.008067216390483214,-0.005286675093448916,0.0005186693741084872,2.720213731668238e-06
-336.0,0.92,0.025,0.009797958971132711,0.5248792922602417,0.5278473586035246,-0.013162256414731222,0.06556545113328592,0.18813760041097,-0.0005172293422507362,0.0002404404668124223,0.0005985152551932183,9.7969128224391e-05,2.443451300291218e-07,-0.011140533829428508,0.055494597839213206,0.159239664987845,-0.0004377829152810232,0.01666148175079739,0.05682018438392047,0.14692728557287446,-0.07807240893867827,0.037793267278556336,-0.04437675576499695,-0.004108304249135047,-0.007830374732715084,0.008067216390483217,-0.005286675093448919,0.0005207237458161516,2.7303352942201005e-06
-335.84000000000003,0.92,0.025,0.009797958971132711,0.5248792922602417,0.5278473586035246,-0.013123720569917268,0.06566125910771359,0.18815331406226826,-0.0005172088169838754,0.00024125784944348694,0.0005990844323638772,9.836485102839354e-05,2.4524221537222183e-07,-0.011107917090377976,0.055575689708768784,0.15925296502230388,-0.00043776554269515217,0.016731120000109866,0.056879440683334746,0.14693958355871378,-0.07807887987275285,0.03780448171535959,-0.04446606575609609,-0.004124905934173058,-0.007861999866677304,0.008067216390483216,-0.005286675093448916,0.0005227834232851983,2.7404800911329945e-06
-335.68,0.92,0.025,0.009797958971132711,0.5248792922602417,0.5278473586035246,-0.01308505382090934,0.06575715815391697,0.18816909115453964,-0.0005171880938301923,0.0002420767695738994,0.0005996536521823159,9.876167205205359e-05,2.461416121685184e-07,-0.011075189554017666,0.05565685866147533,0.15926631875320235,-0.00043774800261787484,0.01680089835614548,0.056938714515407086,0.14695193124288902,-0.07808537684207593,0.03781563499054958,-0.04455550056510103,-0.004141553706836738,-0.007893712759982482,0.008067216390483214,-0.005286675093448917,0.0005248484160901107,2.7506481583145567e-06
-335.52,0.92,0.025,0.009797958971132711,0.5248792922602417,0.5278473586035246,-0.01304625592154585,0.06585314827862,0.1881849318862208,-0.0005171671719241451,0.00024289722922504547,0.0006002229134014016,9.915959384338846e-05,2.470433278130841e-07,-0.011042351011996408,0.055738104703023976,0.1592797263484973,-0.00043773029431659643,0.016870817014663655,0.0569980057841113,0.14696432878095317,-0.07809189992789023,0.037826726919436816,-0.04464506030137891,-0.004158247673893363,-0.007925513616329724,0.008067216390483214,-0.005286675093448917,0.0005269187337898454,2.760839531589894e-06
-335.36,0.92,0.025,0.009797958971132711,0.5248792922602417,0.5278473586035246,-0.01300732662534166,0.0659492294883468,0.18820083645611294,-0.0005171460503998442,0.00024371923041986503,0.000600792214770679,9.955861895184133e-05,2.479473697275917e-07,-0.011009401255689182,0.05581942783893674,0.159293187976454,-0.0004377124170584282,0.01694087617159529,0.057057314393131484,0.14697677632874437,-0.0780984492115886,0.037837757317000655,-0.04473474507428164,-0.004174987942168167,-0.007957402639533064,0.008067216390483212,-0.005286675093448918,0.0005289943859271753,2.771054246696373e-06
-335.2,0.92,0.025,0.009797958971132711,0.5248792922602417,0.5278473586035246,-0.012968265685487847,0.06604540178942114,0.18821680506337687,-0.0005171247283910377,0.00024454277518285073,0.0006013615550363644,9.995874992817444e-05,2.4885374536032e-07,-0.010976340076196914,0.05590082807456606,0.15930670380564219,-0.0004376943701101743,0.017011076023042686,0.05711664024586134,0.14698927404238224,-0.07810502477471212,0.03784872599788895,-0.044824554993145665,-0.004191774618539833,-0.007989380033512955,0.008067216390483214,-0.005286675093448917,0.0005310753820280342,2.7812923392810974e-06
-335.03999999999996,0.92,0.025,0.009797958971132711,0.5248792922602417,0.5278473586035246,-0.01292907285485145,0.06614166518796592,0.18823283790752524,-0.0005171032050311613,0.00024536786554004754,0.0006019309329413412,0.00010035998932436133,2.497624621860402e-07,-0.010943167264346267,0.05598230541509436,0.15932027400492937,-0.00043767615273837497,0.017081416765279522,0.05717598324540378,0.1470018220782616,-0.07811162669894685,0.03785963277641761,-0.04491449016729158,-0.004208607809935965,-0.00802144600228765,0.008067216390483214,-0.005286675093448918,0.000533161731600865,2.791553844897985e-06
-334.88,0.92,0.025,0.009797958971132711,0.5248792922602417,0.5278473586035246,-0.0128897478859752,0.06623801968990263,0.18824893518841715,-0.0005170814794533612,0.0002461945035190517,0.0006025003472251532,0.00010076233969347709,2.506735277055578e-07,-0.01090988261068941,0.05606385986553359,0.15933389874347628,-0.00043765776420932493,0.017151898594750865,0.05723534329457037,0.14701442059304848,-0.0781182550661216,0.0378704774665702,-0.04500455070602389,-0.004225487623328506,-0.008053600749964432,0.008067216390483212,-0.0052866750934489155,0.0005352534441359511,2.8018387990028624e-06
-334.72,0.92,0.025,0.009797958971132711,0.5248792922602417,0.5278473586035246,-0.012850290531077299,0.06633446530095082,0.18826509710625222,-0.0005170595507905284,0.0002470226911490101,0.0006030697966239991,0.00010116580358959084,2.515869494456998e-07,-0.010876485905503826,0.056145491430724774,0.1593475781907319,-0.00043763920378910324,0.0172225217080731,0.05729472029588077,0.1470270697436752,-0.07812490995820567,0.0378812598819975,-0.04509473671863069,-0.004242414165729199,-0.008085844480731018,0.00806721639048321,-0.005286675093448917,0.0005373505291047606,2.812147236951006e-06
-334.56,0.92,0.025,0.009797958971132711,0.5248792922602417,0.5278473586035246,-0.012810700542051159,0.06643100202662756,0.18828132386156413,-0.0005170374181753144,0.00024785243046061926,0.0006036392798707279,0.00010157038356765419,2.525027349591484e-07,-0.010842976938792102,0.05622720011533757,0.15936131251642788,-0.00043762047074358615,0.017293286302033948,0.05735411415156227,0.14703976968733548,-0.07813159145730596,0.03789197983601716,-0.045185048314383365,-0.0042593875441849114,-0.00811817739884666,0.008067216390483214,-0.005286675093448918,0.0005394529959592728,2.8224791939937783e-06
-334.4,0.92,0.025,0.009797958971132711,0.5248792922602417,0.5278473586035246,-0.012770977670465155,0.06652762987224695,0.1882976156552138,-0.0005170150807401693,0.00024868372348612456,0.0006042087956948316,0.00010197608218339312,2.534208918240448e-07,-0.010809355500281708,0.05630898592386982,0.15937510189057297,-0.00043760156433847935,0.01736419257359242,0.057413524763549224,0.14705252058147913,-0.07813829964566436,0.03790263714161314,-0.045275485602536254,-0.004276407865773099,-0.008150599708633495,0.008067216390483212,-0.005286675093448918,0.0005415608541313235,2.8328347052741674e-06
-334.24,0.92,0.025,0.009797958971132711,0.5248792922602417,0.5278473586035246,-0.012731121667562382,0.06662434884291947,0.18831397268838562,-0.0005169925376173705,0.00024951657225931944,0.0006047783428224413,0.00010238290199319687,2.5434142764402475e-07,-0.0107756213794248,0.05639084886064704,0.1593889464834496,-0.00043758248383934245,0.017435240719878762,0.05747295203348257,0.14706532258380897,-0.07814503460565622,0.03791323161143549,-0.04536604869232641,-0.004293475237597135,-0.008183111614467678,0.008067216390483216,-0.005286675093448919,0.0005436741130319261,2.843213805824487e-06
-334.08,0.92,0.025,0.009797958971132711,0.5248792922602417,0.5278473586035246,-0.012691132284260404,0.06672115894355157,0.18833039516257843,-0.0005169697879390327,0.00025035097881554445,0.0006053479199763198,0.0001027908455540069,2.5526435004771736e-07,-0.010741774365398006,0.056472788929822056,0.1594028464656064,-0.00043756322851159736,0.017506430938194484,0.05753239586270926,0.14707817585227378,-0.07815179641978644,0.03792376305779975,-0.04545673769297324,-0.004310589766781658,-0.008215713320770493,0.008067216390483214,-0.005286675093448918,0.000545792782050609,2.853616530561298e-06
-333.92,0.92,0.025,0.009797958971132711,0.5248792922602417,0.5278473586035246,-0.012651009271151006,0.06681806017884503,0.188346883279601,-0.0005169468308371743,0.0002511869451916866,0.0006059175258758579,0.00010319991542320601,2.5618966668886487e-07,-0.010707814247102211,0.05655480613537444,0.1594168020078543,-0.0004375437976205844,0.017577763426012288,0.05759185615228176,0.14709108054506478,-0.07815858517068792,0.03793423129268666,-0.04554755271367822,-0.004327751560467904,-0.008248405031999513,0.008067216390483217,-0.005286675093448921,0.0005479168705547412,2.8640429142837015e-06
-333.76,0.92,0.025,0.009797958971132711,0.5248792922602417,0.5278473586035246,-0.012610752378499948,0.06691505255329651,0.18836343724156598,-0.0005169236654436969,0.0002520244734261782,0.0006064871592370666,0.00010361011415850652,2.5711738524584724e-07,-0.010673740813162356,0.05663690048111017,0.15943081328126146,-0.00043752419043154505,0.017649238380976043,0.05765133280295751,0.14710403682061096,-0.07816540094111883,0.03794463612774165,-0.04563849386362457,-0.004344960725809022,-0.00828118695263965,0.008067216390483214,-0.005286675093448918,0.0005500463878888581,2.8744929916682373e-06
-333.6,0.92,0.025,0.009797958971132711,0.5248792922602417,0.5278473586035246,-0.012570361356246713,0.06701213607119691,0.18838005725088364,-0.0005169002908904702,0.0002528635655589963,0.0006070568187725734,0.00010402144431783727,2.580475134214879e-07,-0.01063955385192722,0.05671907197066107,0.15944488045714791,-0.000437504406209694,0.017720856000900804,0.05771082571519845,0.14711704483757404,-0.07817224381396022,0.03795497737427451,-0.045729561251977,-0.004362217369965332,-0.008314059287194132,0.008067216390483214,-0.005286675093448919,0.0005521813433739819,2.8849667972655877e-06
-333.44,0.92,0.025,0.009797958971132711,0.5248792922602417,0.5278473586035246,-0.012529835954004273,0.06710931073663089,0.1883967435102558,-0.0005168767063092975,0.0002537042236316616,0.000607626503191615,0.00010443390845923252,2.589800589430852e-07,-0.010605253151469218,0.056801320607484385,0.1594590037070805,-0.0004374844442201894,0.017792616483772693,0.057770334789170374,0.14713010475484375,-0.07817911387221345,0.0379652548432589,-0.04582075498788131,-0.004379521600099646,-0.008347022240175632,0.008067216390483214,-0.005286675093448921,0.0005543217463069526,2.8954643654981522e-06
-333.28,0.92,0.025,0.009797958971132711,0.5248792922602417,0.5278473586035246,-0.012489175921058821,0.06720657655347637,0.18841349622267,-0.0005168529108319754,0.0002545464496872376,0.0006081962112000331,0.0001048475091407182,2.5991502956182216e-07,-0.010570838499584187,0.056883646394862396,0.1594731832028679,-0.000437464303728184,0.01786452002774897,0.057829859924742585,0.1471432167315334,-0.07818601119899783,0.03797546834533199,-0.04591207518046419,-0.0043968735233725145,-0.00838007601609716,0.008067216390483216,-0.00528667509344892,0.0005564676059597442,2.9059857306545645e-06
-333.12,0.92,0.025,0.009797958971132711,0.5248792922602417,0.5278473586035246,-0.012448381006369552,0.06730393352540384,0.18843031559139273,-0.0005168289035903572,0.0002553902457703299,0.0006087659415002672,0.0001052622489201978,2.6085243305283013e-07,-0.01053630968379119,0.05696604933590181,0.1594874191165548,-0.0004374439839988783,0.017936566831157928,0.057889401021487145,0.14715638092697433,-0.07819293587754785,0.03798561769079398,-0.04600352193883282,-0.004414273246937421,-0.00841322081946297,0.008067216390483217,-0.005286675093448921,0.0005586189315787824,2.9165309268877135e-06
-332.96,0.92,0.025,0.009797958971132711,0.5248792922602417,0.5278473586035246,-0.012407450958568383,0.067401381655876,0.18844720181996535,-0.0005168046837163075,0.00025623561392708506,0.00060933569279135,0.00010567813035534078,2.6179227721477756e-07,-0.01050166649133228,0.05704852943353345,0.15950171162041868,-0.00043742348429748264,0.018008757092498908,0.05794895797867857,0.1471695975007129,-0.0781998879912115,0.03799570268960773,-0.04609509537207459,-0.004431720877936106,-0.00844645685475962,0.008067216390483214,-0.00528667509344892,0.0005607757323842687,2.927099988209905e-06
-332.8,0.92,0.025,0.009797958971132711,0.5248792922602417,0.5278473586035246,-0.012366385525959736,0.06749892094814706,0.18846415511219589,-0.0005167802503417934,0.00025708255620518987,0.0006099054637689014,0.0001060951560034649,2.627345698698134e-07,-0.010466908709172322,0.05713108669051168,0.1595160608869626,-0.000437402803889294,0.018081091010442227,0.05800853069529314,0.14718286661250396,-0.07820686762344689,0.03800572315139832,-0.04618679558925683,-0.0044492165234936215,-0.008479784326446586,0.008067216390483216,-0.00528667509344892,0.0005629380175694855,2.9376929484903267e-06
-332.64,0.92,0.025,0.009797958971132711,0.5248792922602417,0.5278473586035246,-0.012325184456520283,0.06759655140526229,0.188481175672155,-0.0005167556025988732,0.0002579310746538704,0.0006104752531251227,0.00010651332842142642,2.636793188631107e-07,-0.010432036123998768,0.057213721109414,0.159530467088912,-0.00043738194203968625,0.018153568783829174,0.05806811907000842,0.14719618842230772,-0.07821387485782072,0.03801567888545267,-0.04627862269942642,-0.004466760290713733,-0.008513203438947478,0.008067216390483217,-0.005286675093448922,0.000565105796300129,2.9483098414501013e-06
-332.48,0.92,0.025,0.009797958971132711,0.5248792922602417,0.5278473586035246,-0.012283847497898688,0.06769427303005741,0.18849826370416906,-0.0005167307396197643,0.00025878117132389103,0.0006110450595487909,0.00010693265016550086,2.6462653206291223e-07,-0.01039704852222145,0.0572964326926406,0.1595449303992087,-0.0004373608980141685,0.018226190611671987,0.05812772300120276,0.14720956309028438,-0.07822090977800528,0.038025569700719034,-0.04637057681160954,-0.004484352286673899,-0.008546714396640521,0.008067216390483216,-0.005286675093448921,0.0005672790777136044,2.9589507006601926e-06
-332.32,0.92,0.025,0.009797958971132711,0.5248792922602417,0.5278473586035246,-0.012242374397415367,0.0677920858251581,0.18851541941281497,-0.0005167056605367976,0.0002596328482675536,0.0006116148817252528,0.00010735312379127088,2.655762173600009e-07,-0.010361945689972367,0.057379221442413815,0.1595594509910066,-0.0004373396710783455,0.018298956693153796,0.05818734238695473,0.14722299077678994,-0.07822797246777644,0.038035395405806666,-0.04646265803481134,-0.004501992618420584,-0.008580317403849581,0.008067216390483217,-0.005286675093448922,0.0005694578709183513,2.9696155595359776e-06
-332.15999999999997,0.92,0.025,0.009797958971132711,0.5248792922602417,0.5278473586035246,-0.012200764902062265,0.06788998979297939,0.18853264300291397,-0.0005166803644825629,0.0002604861075386966,0.0006121847183364199,0.00010777475185350826,2.665283826676955e-07,-0.010326727413105502,0.05746208736077776,0.1595740290376664,-0.00043731826049804123,0.01837186722762857,0.05824697712504258,0.1472364716423715,-0.0782350630110111,0.03804515580898537,-0.046554866478015586,-0.004519681392964286,-0.008614012664834754,0.008067216390483216,-0.005286675093448921,0.0005716421849931438,2.9803044513351314e-06
-332.0,0.92,0.025,0.009797958971132711,0.5248792922602417,0.5278473586035246,-0.012159018758502563,0.06798798493572518,0.1885499346795256,-0.0005166548505898177,0.00026134095119269393,0.0006127545680607616,0.00010819753690605916,2.6748303592144035e-07,-0.01029139347719657,0.057545030449597794,0.1595886647127505,-0.00043729666553922177,0.01844492241462117,0.05830662711294375,0.14725000584776227,-0.07824218149168469,0.03805485071818505,-0.04664720225018441,-0.004537418717274745,-0.00864780038378318,0.008067216390483212,-0.00528667509344892,0.0005738320289864061,2.9910174091526914e-06
-331.84000000000003,0.92,0.025,0.009797958971132711,0.5248792922602417,0.5278473586035246,-0.012117135713070477,0.06808607125538758,0.18856729464794333,-0.0005166291179915858,0.0002621973812864544,0.0006133244295733008,0.00010862148150172914,2.684401850786399e-07,-0.010255943667542853,0.057628050710560055,0.15960335819001925,-0.00043727488546807823,0.018518122453827206,0.05836629224783428,0.14726359355387852,-0.07824932799386941,0.03806447994099534,-0.04673966546025798,-0.004555204698276095,-0.008681680764799861,0.008067216390483214,-0.005286675093448922,0.0005760274119155248,3.001754465917969e-06
-331.68,0.92,0.025,0.009797958971132711,0.5248792922602417,0.5278473586035246,-0.012075115511770988,0.06818424875374653,0.18858472311368701,-0.0005166031658211593,0.00026305539987842036,0.000613894301545607,0.0001090465881921648,2.693998381184729e-07,-0.010220377769162965,0.05771114814517106,0.15961810964342468,-0.0004372529195510293,0.018591467545113084,0.05842597242658833,0.1472772349218134,-0.07825650260173113,0.038074043284665175,-0.04683225621715412,-0.004573039442841904,-0.008715654011898206,0.008067216390483214,-0.00528667509344892,0.0005782283427661508,3.012515654391077e-06
-331.52,0.92,0.025,0.009797958971132711,0.5248792922602417,0.5278473586035246,-0.012032957900279608,0.06828251743236904,0.1886022202824993,-0.0005165769932121512,0.0002639150090285671,0.000614464182645791,0.00010947285952773665,2.703620030414847e-07,-0.01018469556679666,0.05779432275475716,0.1596329192471074,-0.0004372307670547648,0.018664957888515923,0.0584856675457776,0.14729093011283406,-0.07826370539952797,0.038083540556102316,-0.04692497462976807,-0.004590923057790269,-0.008749720328990669,0.008067216390483214,-0.005286675093448922,0.0005804348304914988,3.0233010071583857e-06
-331.36,0.92,0.025,0.009797958971132711,0.5248792922602417,0.5278473586035246,-0.011990662623942121,0.06838087729260883,0.18861978636033747,-0.0005165505992984828,0.0002647762107984016,0.0006150340715384991,0.00010990029805742358,2.71326687869429e-07,-0.010148896844904613,0.05787757454046412,0.15964778717538963,-0.0004372084272462358,0.01873859368424355,0.058545377501670846,0.14730467928837554,-0.07827093647160682,0.03809297156187298,-0.04701782080697214,-0.004608855649878959,-0.008783879919879507,0.008067216390483212,-0.005286675093448921,0.0005826468840116684,3.034110556629229e-06
-331.2,0.92,0.025,0.009797958971132711,0.5248792922602417,0.5278473586035246,-0.011948229427774364,0.06847932833560562,0.1886374215533712,-0.0005165239832144636,0.0002656390072509619,0.0006156039668849074,0.00011032890632869463,2.722939006451159e-07,-0.010112981387668222,0.0579609035032566,0.1596627136027734,-0.000437185899392722,0.018812375132674426,0.058605102190233294,0.14731848261003871,-0.07827819590240269,0.03810233610820143,-0.047110794857615344,-0.0046268373258004465,-0.008818132988247357,0.008067216390483214,-0.00528667509344892,0.0005848645122129339,3.0449443350327622e-06
-331.03999999999996,0.92,0.025,0.009797958971132711,0.5248792922602417,0.5278473586035246,-0.011905658056461951,0.06857787056228465,0.18865512606797388,-0.0005164971440947805,0.00026650340045081586,0.0006161738673427159,0.00011075868688739105,2.732636494318881e-07,-0.010076948978989395,0.05804430964391773,0.1596776987039331,-0.00043716318276182224,0.018886302434357655,0.05866484150712613,0.1473323402395837,-0.07828548377643482,0.038111634000969494,-0.047203896890523206,-0.004644868192176979,-0.008852479737647774,0.008067216390483216,-0.0052866750934489224,0.0005870877239470563,3.05580237441273e-06
-330.88,0.92,0.025,0.009797958971132711,0.5248792922602417,0.5278473586035246,-0.01186294825436005,0.06867650397335616,0.18867290011071938,-0.0005164700810745296,0.00026736939246406027,0.000616743771566143,0.00011118964227760811,2.742359423136651e-07,-0.010040799402490348,0.05812779296304866,0.1596927426537129,-0.00043714027662148183,0.018960375790012935,0.05872459534770596,0.14734625233892717,-0.07829280017830566,0.03812086504571621,-0.04729712701449729,-0.0046629483555556,-0.008886920371495825,0.008067216390483214,-0.005286675093448921,0.0005893165280305773,3.066684706625255e-06
-330.72,0.92,0.025,0.009797958971132711,0.5248792922602417,0.5278473586035246,-0.011820099765493128,0.06877522856931474,0.18869074388837534,-0.0005164427932892558,0.00026823698535832,0.0006173136782059191,0.00011162177504157747,2.752107873943845e-07,-0.010004532441513383,0.058211353461068004,0.1597078456271209,-0.00043711718024002613,0.019034595400530475,0.05878436360702427,0.14736021907013727,-0.07830014519269796,0.03813002904763734,-0.04739048533831495,-0.004681077922403231,-0.008921455093058656,0.008067216390483214,-0.005286675093448921,0.0005915509332441281,3.0775913633335566e-06
-330.56,0.92,0.025,0.009797958971132711,0.5248792922602417,0.5278473586035246,-0.01177711233355471,0.06887404435043883,0.18870865760789848,-0.0005164152798749847,0.0002691061812027468,0.0006178835859092817,0.00011205508771954915,2.7618819279809365e-07,-0.009968147879120707,0.058294991138211426,0.15972300779932527,-0.0004370938928861871,0.019108961466971018,0.05884414617982686,0.1473742405954297,-0.07830751890437287,0.03813912581158502,-0.047483971970729046,-0.004699256999101695,-0.008956084105446084,0.008067216390483214,-0.0052866750934489224,0.0005937909483317309,3.08852237600604e-06
-330.4,0.92,0.025,0.009797958971132711,0.5248792922602417,0.5278473586035246,-0.011733985701907127,0.06897295131679014,0.18872664147642904,-0.0005163875399682259,0.00026997698206801855,0.0006184534933199684,0.00011248958284967041,2.7716816666821387e-07,-0.009931645498094192,0.058378705994531176,0.15973822934564955,-0.00043707041382910647,0.01918347419056577,0.058903942960553374,0.14738831707716354,-0.07831492139816776,0.03814815514206724,-0.047577587020467556,-0.004717485691942673,-0.008990807611600898,0.008067216390483214,-0.005286675093448922,0.0005960365820000866,3.099477775909905e-06
-330.24,0.92,0.025,0.009797958971132711,0.5248792922602417,0.5278473586035246,-0.011690719613581304,0.06907194946821313,0.18874469570128558,-0.0005163595727060477,0.00027084939002633814,0.0006190233990782123,0.00011292526296786989,2.781507171677739e-07,-0.009895025080935217,0.058462498029895595,0.15975351044156813,-0.00043704674233839883,0.01925813377271637,0.05896375384333671,0.14740244867783714,-0.07832235275899398,0.038157116843247546,-0.047671330596233276,-0.0047357641071228,-0.009025625814289617,0.008067216390483212,-0.005286675093448921,0.00059828784291789,3.1104575941101793e-06
-330.08,0.92,0.025,0.009797958971132711,0.5248792922602417,0.5278473586035246,-0.011647313811276467,0.06917103880433438,0.18876282048996004,-0.0005163313772260386,0.00027172340715143233,0.0006195933018207356,0.00011336213060773578,2.7913585247876445e-07,-0.009858286409864402,0.05854636724398862,0.15976885126270218,-0.0004370228776841191,0.01933294041499485,0.05902357872200248,0.1474166355600842,-0.07832981307183488,0.03816601071894448,-0.047765202806703495,-0.004754092350738588,-0.009060538916092742,0.008067216390483212,-0.005286675093448921,0.0006005447397151142,3.1214618614636643e-06
-329.92,0.92,0.025,0.009797958971132711,0.5248792922602417,0.5278473586035246,-0.011603768037359928,0.06927021932456207,0.18878101605011194,-0.0005163029526663875,0.00027259903551855126,0.0006201632001807437,0.00011380018830039783,2.801235808020682e-07,-0.009821429266821443,0.058630313636309335,0.15978425198481475,-0.0004369988191368304,0.01940789431914357,0.05908341749006843,0.14743087788666914,-0.07833730242174348,0.03817483657263126,-0.0478592037605297,-0.004772470528781454,-0.009095547119395324,0.008067216390483216,-0.0052866750934489224,0.0006028072809823185,3.1324906086163917e-06
-329.76,0.92,0.025,0.009797958971132711,0.5248792922602417,0.5278473586035246,-0.011560082033866855,0.06936949102808544,0.18879928258956402,-0.0005162742981659104,0.0002734762772044665,0.0006207330927879193,0.000114239438574407,2.811139103570699e-07,-0.009784453433464907,0.05871433720617152,0.159799712783807,-0.00043697456596762657,0.019482995687075243,0.059143270040744066,0.147445175820484,-0.07834482089384066,0.038183594207435306,-0.04795333356633716,-0.004790898747132687,-0.009130650626377364,0.00806721639048321,-0.005286675093448921,0.0006050754752699383,3.1435438659991387e-06
-329.6,0.92,0.025,0.009797958971132711,0.5248792922602417,0.5278473586035246,-0.011516255542499985,0.06946885391387417,0.18881762031629679,-0.0005162454128640458,0.00027435513428747117,0.0006213029782684175,0.00011467988395561688,2.821068493814687e-07,-0.009747358691171989,0.0587984379527031,0.1598152338357136,-0.0004369501174481284,0.019558244720872798,0.05920313626692986,0.14745952952454375,-0.07835236857331292,0.03819228342613786,-0.04804759233272472,-0.004809377111558464,-0.009165849639004315,0.008067216390483216,-0.005286675093448922,0.000607349331087591,3.154621663823999e-06
-329.44,0.92,0.025,0.009797958971132711,0.5248792922602417,0.5278473586035246,-0.011472288304629418,0.06956830798067783,0.18883602943844327,-0.0005162162959008898,0.000275235608847378,0.0006218728552448582,0.00011512152696706194,2.8310240613088584e-07,-0.00971014482103834,0.058882615874845716,0.1598308153166984,-0.0004369254728505132,0.019633641622789435,0.05926301606121689,0.14747393916198245,-0.07835994554541023,0.03820090403117349,-0.0481419801682644,-0.004827905727704748,-0.009201144359017359,0.008067216390483216,-0.005286675093448922,0.0006096288569033644,3.165724032079937e-06
-329.28,0.92,0.025,0.009797958971132711,0.5248792922602417,0.5278473586035246,-0.011428180061292377,0.06966785322702537,0.18885451016428503,-0.000516186946417266,0.0002761177029655188,0.0006224427223363219,0.00011556437012883839,2.841005888787571e-07,-0.009672811603877868,0.05896687097135428,0.15984645740305087,-0.00043690063144757397,0.01970918659524852,0.0593229093158863,0.14748840489605006,-0.07836755189544443,0.038209455824629694,-0.048236497181501053,-0.004846484701092284,-0.009236534987923895,0.008067216390483216,-0.005286675093448922,0.0006119140611431143,3.1768510005299874e-06
-329.12,0.92,0.025,0.009797958971132711,0.5248792922602417,0.5278473586035246,-0.011383930553192924,0.06976748965122448,0.1888730627022464,-0.0005161573635546858,0.0002770014187247433,0.0006230125781583434,0.00011600841595798372,2.851014059158727e-07,-0.00963535882022249,0.0590512032407964,0.15986216027118136,-0.00043687559251268603,0.01978487984084355,0.05938281592290861,0.14750292689010783,-0.07837518770878692,0.038217938608246564,-0.048331143480952105,-0.004865114137111553,-0.009272021726987897,0.008067216390483216,-0.005286675093448922,0.000614204952189763,3.1880025987062634e-06
-328.96,0.92,0.025,0.009797958971132711,0.5248792922602417,0.5278473586035246,-0.011339539520701759,0.06986721725136102,0.18889168726088995,-0.0005161275464554321,0.00027788675820941775,0.000623582421322905,0.0001164536669683559,2.861048655502199e-07,-0.009597786250321969,0.05913561268155197,0.15987792409761725,-0.00043685035531987776,0.019860721562338136,0.059442735773943274,0.14751750530762484,-0.07838285307086662,0.03822635218341618,-0.048425919175107156,-0.0048837941410177005,-0.009307604777220273,0.008067216390483216,-0.005286675093448922,0.0006165015383825933,3.19917885590695e-06
-328.8,0.92,0.025,0.009797958971132711,0.5248792922602417,0.5278473586035246,-0.011295006703855961,0.06996703602529857,0.18891038404891156,-0.0005160974942625588,0.0002787737235054248,0.000624152250438432,0.00011690012567051346,2.8711097610646847e-07,-0.009560093674143686,0.05922009929181271,0.15989374905899875,-0.0004368249191438298,0.019936711962665932,0.05950266876033819,0.14753214031217415,-0.07839054806716825,0.03823469635118238,-0.04852082437242768,-0.004902524817925521,-0.009343284339369257,0.008067216390483216,-0.0052866750934489224,0.0006188038280165466,3.2103798011911454e-06
-328.64,0.92,0.025,0.009797958971132711,0.5248792922602417,0.5278473586035246,-0.01125033184235875,0.07006694597067768,0.18892915327513646,-0.0005160672061199235,0.0002796623167001613,0.0006247220641097861,0.00011734779457159408,2.881197459260004e-07,-0.009522280871372446,0.05930466306958159,0.1599096353320755,-0.00043679928325990325,0.020012851244930623,0.05956261477312902,0.14754683206742966,-0.0783982727832305,0.03824297091224018,-0.04861585918134672,-0.004921306272804343,-0.00937906061391074,0.008067216390483216,-0.0052866750934489224,0.0006211118293415143,3.221605463376683e-06
-328.48,0.92,0.025,0.009797958971132711,0.5248792922602417,0.5278473586035246,-0.01120551467557923,0.07016694708491544,0.1889479951485136,-0.0005160366811722122,0.00028055253988253814,0.0006252918609382595,0.00011779667617519389,2.8913118336653974e-07,-0.00948434762141026,0.059389304012672436,0.15992558309370192,-0.0004367734469441604,0.02008913961240582,0.0596225737030387,0.1475615807371616,-0.07840602730464372,0.038251175666935436,-0.048711023710268496,-0.004940138610472972,-0.0094149338010386,0.008067216390483217,-0.005286675093448925,0.0006234255505616365,3.2328558710358516e-06
-328.32,0.92,0.025,0.009797958971132711,0.5248792922602417,0.5278473586035246,-0.011160554942552164,0.07026703936520488,0.18896690987811246,-0.0005160059185649856,0.0002814443951429785,0.0006258616395215691,0.00011824677298124662,2.90145296801534e-07,-0.009446293703376152,0.05947402211870942,0.1599415925208344,-0.00043674740947340383,0.0201655772685351,0.05968254544047698,0.1475763864852342,-0.07841381171704874,0.03825931041526439,-0.0488063180675681,-0.004959021935594643,-0.009450904100655041,0.008067216390483217,-0.005286675093448925,0.0006257449998345925,3.2441310524898192e-06
-328.15999999999997,0.92,0.025,0.009797958971132711,0.5248792922602417,0.5278473586035246,-0.011115452381977732,0.07036722280851435,0.18898589767311647,-0.0005159749174446571,0.0002823378845734173,0.0006264313984538505,0.00011869808748590202,2.911620946203023e-07,-0.009408118896105953,0.05955881738512654,0.15995766379052578,-0.0004367211701251578,0.02024216441693189,0.05974252987553969,0.14759124947560037,-0.07842162610613415,0.03826737495687322,-0.048901742361591186,-0.004977956352671899,-0.009486971712360893,0.008067216390483217,-0.005286675093448923,0.0006280701852709025,3.2554310358069863e-06
-328.0,0.92,0.025,0.009797958971132711,0.5248792922602417,0.5278473586035246,-0.01107020673222128,0.07046749741158694,0.18900495874282058,-0.0005159436769585822,0.0002832330102673,0.0006270011363256527,0.00011915062218140553,2.921815852274191e-07,-0.00936982297815209,0.059643689809167184,0.15997379707992335,-0.000436694728177744,0.020318901261379422,0.05980252689800838,0.14760616987229994,-0.07842947055763524,0.038275369091057665,-0.048997296700653635,-0.004996941966041557,-0.009523136835445974,0.008067216390483219,-0.005286675093448924,0.0006304011149332191,3.2667558487975774e-06
-327.84000000000003,0.92,0.025,0.009797958971132711,0.5248792922602417,0.5278473586035246,-0.011024817731313072,0.07056786317094002,0.18902409329662614,-0.0005159121962550506,0.00028412977431958137,0.0006275708517239311,0.00011960437955597742,2.932037770425628e-07,-0.009331405727783385,0.059728639387883635,0.15998999256626437,-0.00043666808291027486,0.020395788005830764,0.05986253639734965,0.14762114783945549,-0.07843734515733203,0.038283292616762554,-0.049092981193041146,-0.00501597887986963,-0.009559399668879448,0.008067216390483217,-0.005286675093448923,0.0006327377968356287,3.2781055190104374e-06
-327.68,0.92,0.025,0.009797958971132711,0.5248792922602417,0.5278473586035246,-0.010979285116948073,0.0706683200828645,0.18904330154403656,-0.0005158804744833162,0.00028502817882672415,0.0006281405432320426,0.000120059362093689,2.942286785002439e-07,-0.009292866922984849,0.059813666118136516,0.16000625042687255,-0.0004366412336026788,0.02047282485440867,0.05992255826271461,0.14763618354126906,-0.07844524999104735,0.0382911453325814,-0.04918879594700898,-0.005035067198146143,-0.009595760411299925,0.008067216390483216,-0.005286675093448923,0.0006350802389429335,3.289480073729271e-06
-327.52,0.92,0.025,0.009797958971132711,0.5248792922602417,0.5278473586035246,-0.010933608626485689,0.07076886814342442,0.18906258369465304,-0.0005158485107936086,0.00028592822588669874,0.0006287102094297393,0.00012051557227434467,2.952562980493291e-07,-0.009254206341457488,0.059898769996594436,0.16002257083915433,-0.0004366141795357104,0.020550012011405577,0.059982592382938404,0.1476512771420188,-0.07845318514464521,0.03829892703675598,-0.049284741070781624,-0.005054207024680189,-0.00963221926100602,0.008067216390483217,-0.0052866750934489224,0.0006374284491699664,3.3008795399678305e-06
-327.36,0.92,0.025,0.009797958971132711,0.5248792922602417,0.5278473586035246,-0.010887787996949535,0.07086950734845625,0.1890819399581703,-0.0005158163043372014,0.00028682991759898134,0.0006292798488931622,0.00012097301257335832,2.962866441529248e-07,-0.009215423760618086,0.05998395101973337,0.16003895398059534,-0.00043658691999100724,0.020627349681283602,0.0600426386465396,0.14766642880605552,-0.07846115070402902,0.03830663752717585,-0.0493808166725524,-0.005073398463094737,-0.009668776415946498,0.008067216390483216,-0.005286675093448923,0.0006397824353808765,3.3123039444671212e-06
-327.2,0.92,0.025,0.009797958971132711,0.5248792922602417,0.5278473586035246,-0.010841822965027167,0.07097023769356832,0.1891013705443735,-0.0005157838542663951,0.00028773325606455306,0.0006298494601948359,0.00012143168546163268,2.9731972528779763e-07,-0.009176518957598995,0.06006920918383623,0.16005540002875773,-0.0004365594542510768,0.02070483806867441,0.0601026969417196,0.14768163869780035,-0.07846914675514037,0.03831427660137802,-0.04947702286048312,-0.005092641616821591,-0.00970543207371061,0.008067216390483219,-0.005286675093448923,0.0006421422053884259,3.3237533136899e-06
-327.03999999999996,0.92,0.025,0.009797958971132711,0.5248792922602417,0.5278473586035246,-0.010795713267069892,0.07107105917414033,0.18912087566313254,-0.0005157511597345783,0.000288638243385899,0.0006304190419036622,0.00012189159340543693,2.983555499444358e-07,-0.009137491709247957,0.060154544484992384,0.1600719091612754,-0.0004365317815993471,0.0207824773783792,0.06016276715636218,0.14769690698174023,-0.07847717338395664,0.03832184405654639,-0.04957335974270385,-0.005111936589096236,-0.00974218643151832,0.008067216390483219,-0.005286675093448925,0.000644507766953289,3.3352276738188727e-06
-326.88,0.92,0.025,0.009797958971132711,0.5248792922602417,0.5278473586035246,-0.010749458639092484,0.07117197178532274,0.18914045552439984,-0.0005157182198962207,0.00028954488166700685,0.0006309885925849142,0.0001223527388662877,2.993941266265049e-07,-0.009098341792127878,0.06023995691909717,0.16008848155585204,-0.00043650390132016117,0.02086026781536871,0.06022284917803292,0.14771223382242624,-0.07848523067649012,0.03832933968951146,-0.04966982742731244,-0.0051312834829528595,-0.009779039686210793,0.008067216390483216,-0.0052866750934489224,0.0006468791277833572,3.3467270507514357e-06
-326.72,0.92,0.025,0.009797958971132711,0.5248792922602417,0.5278473586035246,-0.01070305881677296,0.07127297552203606,0.189160110338205,-0.0005156850339069391,0.000290453173013366,0.0006315581108002309,0.00012281512430082522,3.0043546385047933e-07,-0.009059068982516634,0.06032544648185132,0.16010511739025673,-0.0004364758126988333,0.02093820958478305,0.06028294289397853,0.1477276193844693,-0.07849331871878591,0.038336763296749836,-0.0497664260223743,-0.005150682401219162,-0.009815992034240491,0.008067216390483217,-0.005286675093448922,0.0006492562955330289,3.3582514700956004e-06
-326.56,0.92,0.025,0.009797958971132711,0.5248792922602417,0.5278473586035246,-0.010656513535452343,0.07137407037897042,0.18917984031465243,-0.0005156516009234797,0.000291363119531966,0.0006321275951076103,0.0001232787521606932,3.014795701455074e-07,-0.009019673056406864,0.06041101316876057,0.16012181684232182,-0.00043644751502163327,0.021016302891931748,0.06034304819112643,0.14774306383253838,-0.07850143759692078,0.03834411467438376,-0.049863155635921926,-0.005170133446511318,-0.00985304367166158,0.008067216390483219,-0.005286675093448923,0.0006516392778025131,3.369800957166881e-06
-326.4,0.92,0.025,0.009797958971132711,0.5248792922602417,0.5278473586035246,-0.010609822530134413,0.071475256350585,0.1891996456639166,-0.0005156179201037667,0.0002922747233312962,0.0006326970440614039,0.0001237436248924167,3.0252645405295846e-07,-0.008980153789505767,0.06049665697513515,0.160138580089939,-0.00043641900757582816,0.021094547942293672,0.06040316495608417,0.14775856733135678,-0.07850958739700149,0.03835139361818072,-0.04996001637595471,-0.005189636721228852,-0.009890194794120158,0.008067216390483219,-0.0052866750934489224,0.0006540280821371264,3.3813755369837395e-06
-326.24,0.92,0.025,0.009797958971132711,0.5248792922602417,0.5278473586035246,-0.010562985535485481,0.0715765334311073,0.18921952659623822,-0.0005155839906069358,0.00029318798652134355,0.0006332664562123112,0.00012420974493728153,3.035761241259965e-07,-0.008940510957234912,0.06058237789608922,0.16015540731105604,-0.00043639028964971045,0.021172944941516954,0.06046329307513883,0.14777413004569917,-0.07851776820516299,0.03835859992355307,-0.050057008350438456,-0.005209192327549599,-0.009927445596844612,0.008067216390483217,-0.005286675093448923,0.0006564227160266004,3.3929752342631538e-06
-326.08,0.92,0.025,0.009797958971132711,0.5248792922602417,0.5278473586035246,-0.010516002285834129,0.07167790161453269,0.18923948332192195,-0.0005155498115933477,0.00029410291121359224,0.0006338358301073728,0.00012467711473121282,3.0462858892966346e-07,-0.008900744334730008,0.060668175926540474,0.16017229868367475,-0.0004363613605326095,0.021251494095418967,0.06052343243425649,0.1477897521403895,-0.07852598010756755,0.038365733385557536,-0.050154131667305146,-0.005228800367424582,-0.009964796274635934,0.008067216390483217,-0.0052866750934489224,0.0006588231869043776,3.4046000734187626e-06
-325.92,0.92,0.025,0.009797958971132711,0.5248792922602417,0.5278473586035246,-0.010468872515170983,0.07177936089462371,0.18925951605133162,-0.0005155153822246089,0.0002950194995210222,0.000634405164289965,0.00012514573670465348,3.056838570401252e-07,-0.00886085369684072,0.06075405106120951,0.16018925438584708,-0.00043633221951490896,0.021330195609986242,0.06058358291908162,0.14780543378029778,-0.07853422319040296,0.03837279379889476,-0.050251386434452525,-0.0052484609425729484,-0.01000224702185798,0.008067216390483219,-0.005286675093448924,0.000661229502146917,3.4162500785546725e-06
-325.76,0.92,0.025,0.009797958971132711,0.5248792922602417,0.5278473586035246,-0.010421595957148479,0.07188091126490964,0.18927962499488754,-0.0005154807016636226,0.0002959377535581081,0.0006349744572997938,0.00012561561328244404,3.0674193704452444e-07,-0.008820838818130472,0.06084000329461953,0.16020627459567283,-0.0004363028658880902,0.021409049691374464,0.06064374441493668,0.1478211751303374,-0.07854249753988125,0.03837978095790897,-0.050348772759743775,-0.00526817415447692,-0.010039798032427879,0.00806721639048322,-0.005286675093448923,0.0006636416690730006,3.4279252734625697e-06
-325.6,0.92,0.025,0.009797958971132711,0.5248792922602417,0.5278473586035246,-0.010374172345080614,0.07198255271868573,0.18929981036306284,-0.0005154457690745742,0.00029685767544081795,0.0006355437076728883,0.0001260867468837,3.0780283754056723e-07,-0.008780699472876232,0.060926032621095604,0.1602233594912964,-0.00043627329894471966,0.02148805654590834,0.06070391680682131,0.14783697635546272,-0.0785508032422373,0.03838669465658743,-0.05044629075100718,-0.005287940104376658,-0.010077449499806221,0.00806721639048322,-0.005286675093448926,0.0006660596949430308,3.439625681617186e-06
-325.44,0.92,0.025,0.009797958971132711,0.5248792922602417,0.5278473586035246,-0.010326601411942709,0.07208428524901277,0.18932007236638063,-0.000515410583622993,0.00029777926728661214,0.0006361129139415957,0.00012655913992169334,3.088665671363695e-07,-0.008740435435068309,0.06101213903476441,0.16024050925090458,-0.00043624351797850135,0.021567216380081643,0.060764099979412026,0.14785283762066653,-0.07855914038372763,0.038393534688560126,-0.050543940516035765,-0.005307758893265285,-0.01011520161698759,0.00806721639048322,-0.005286675093448925,0.0006684835869583474,3.4513513261734596e-06
-325.28,0.92,0.025,0.009797958971132711,0.5248792922602417,0.5278473586035246,-0.01027888289037118,0.07218610884871639,0.18934041121541012,-0.0005153751444757503,0.00029870253121444204,0.0006366820746345742,0.00012703279480372873,3.099331344500114e-07,-0.008700046478410167,0.06109832252955355,0.16025772405272312,-0.00043621352228427504,0.02164652940055705,0.060824293817061496,0.14786875909097713,-0.07856750905062894,0.03840030084709921,-0.05064172216258696,-0.0053276306218837,-0.010153054576490678,0.008067216390483219,-0.005286675093448923,0.0006709133522605225,3.463102229961891e-06
-325.12,0.92,0.025,0.009797958971132711,0.5248792922602417,0.5278473586035246,-0.010231016512663279,0.07228802351038649,0.1893608271207642,-0.0005153394508011276,0.0002996274693447489,0.0006372511882767879,0.0001275077139310257,3.1100254810908874e-07,-0.0086595323763182,0.06118458309919113,0.16027500407501483,-0.00043618331115807444,0.02172599581416616,0.060884498203797995,0.14788474093145645,-0.07857590932923694,0.03840699292511871,-0.050739635798382234,-0.005347555390715655,-0.010191008570348837,0.008067216390483219,-0.005286675093448925,0.0006733489979306807,3.4748784154841824e-06
-324.96,0.92,0.025,0.009797958971132711,0.5248792922602417,0.5278473586035246,-0.010183002010776883,0.07239002922637677,0.1893813202930959,-0.0005153035017687659,0.00030055408379946283,0.0006378202533895005,0.0001279838996985967,3.120748167505535e-07,-0.008618892901921554,0.0612709207372053,0.16029234949607638,-0.0004361528838970835,0.021805615827909446,0.06094471302332495,0.1479007833071972,-0.07858434130586507,0.03841361071517399,-0.05083768153110679,-0.005367533299982628,-0.010229063790100367,0.008067216390483219,-0.0052866750934489224,0.0006757905309888046,3.486679904909981e-06
-324.8,0.92,0.025,0.009797958971132711,0.5248792922602417,0.5278473586035246,-0.01013483911633023,0.07249212598880388,0.18940189094309604,-0.0005152672965497485,0.00030148237670200135,0.0006383892684902683,0.0001284613544951265,3.131499490203037e-07,-0.008578127828061907,0.06135733543692361,0.16030976049423648,-0.00043612223979970716,0.021885389648956092,0.06100493815902019,0.14791688638332107,-0.07859280506684341,0.03842015400946131,-0.05093585946840915,-0.00538756444963877,-0.010267220426778844,0.00806721639048322,-0.005286675093448926,0.0006782379583930411,3.4985067200727456e-06
-324.64,0.92,0.025,0.009797958971132711,0.5248792922602417,0.5278473586035246,-0.010086527560601686,0.07259431378954713,0.1894225392814893,-0.0005152308343166429,0.00030241235017726794,0.0006389582320929357,0.00012894008070285314,3.1422795357283664e-07,-0.008537236927293268,0.06144382719147269,0.16032723724785256,-0.00043609137816560657,0.02196531748464411,0.06106517349393563,0.14793305032497558,-0.07860130069851728,0.03842662259981749,-0.051034169717900806,-0.0054076489393659255,-0.01030547867090363,0.00806721639048322,-0.005286675093448924,0.0006806912870390258,3.510358882465908e-06
-324.48,0.92,0.025,0.009797958971132711,0.5248792922602417,0.5278473586035246,-0.010038067074529543,0.07269659262024765,0.18944326551903345,-0.0005151941142434689,0.0003033440063516515,0.0006395271427076284,0.00012942008069744668,3.1530883907096443e-07,-0.008496219971881805,0.06153039599377761,0.16034477993530993,-0.0004360602982956721,0.02204539954248009,0.06112541891079645,0.14794927529733365,-0.07860982828724673,0.038433016277719396,-0.05113261238715595,-0.005427786868568538,-0.010343838712470155,0.00806721639048322,-0.005286675093448926,0.0006831505237591827,3.522236413238971e-06
-324.32,0.92,0.025,0.009797958971132711,0.5248792922602417,0.5278473586035246,-0.009989457388711716,0.07279896247230792,0.1894640698665144,-0.0005151571355057435,0.0003042773473530245,0.0006400959988407468,0.00012990135684789049,3.163926141853892e-07,-0.008455076733805597,0.06161704183656143,0.1603623887350178,-0.0004360289994920613,0.022125636030139288,0.061185674292000725,0.14796556146558945,-0.0786183879194046,0.03843933483428353,-0.051231187583711014,-0.005447978336368686,-0.010382300740940447,0.008067216390483219,-0.005286675093448927,0.0006856156753220542,3.534139333193313e-06
-324.15999999999997,0.92,0.025,0.009797958971132711,0.5248792922602417,0.5278473586035246,-0.009940698233405558,0.07290142333689119,0.18948495253474434,-0.000515119897280514,0.0003052123753107419,0.0006406647989949613,0.00013038391151636039,3.174792875943674e-07,-0.008413806984754465,0.061703764712344705,0.16038006382540762,-0.00043599748105822703,0.0222060271554655,0.061245939519618764,0.14798190899495714,-0.07862697968137582,0.03844557806026562,-0.051329895415064435,-0.005468223441601022,-0.010420864945233456,0.008067216390483219,-0.005286675093448925,0.00068808674843161,3.546067662778317e-06
-324.0,0.92,0.025,0.009797958971132711,0.5248792922602417,0.5278473586035246,-0.009891789338527617,0.07300397520492076,0.18950591373456016,-0.0005150823987464029,0.0003061490923556403,0.000641233541669205,0.00013086774705810752,3.185688679834703e-07,-0.008372410496129776,0.06179056461344493,0.16039780538493173,-0.00043596574229895545,0.022286573126471004,0.06130621447539254,0.14799831805066954,-0.07863560365955666,0.03845174574606014,-0.05142873598867618,-0.005488522282807844,-0.010459531513715701,0.00806721639048322,-0.005286675093448926,0.0006905637497265747,3.5580214220881025e-06
-323.84000000000003,0.92,0.025,0.009797958971132711,0.5248792922602417,0.5278473586035246,-0.009842730433653375,0.07310661806707953,0.18952695367681968,-0.000515044639083566,0.000307087500620036,0.0006418022253586677,0.00013135286582133574,3.1966136404511574e-07,-0.008330887039044216,0.06187744153197612,0.1604156135920602,-0.0004359337825203303,0.02236727415133653,0.061366499040735226,0.1480147887979752,-0.07864425994035332,0.038457837681699907,-0.05152770941196745,-0.005508874958233981,-0.010498300634191467,0.00806721639048322,-0.005286675093448923,0.0006930466857797352,3.5700006308567332e-06
-323.68,0.92,0.025,0.009797958971132711,0.5248792922602417,0.5278473586035246,-0.009793521248017025,0.07320935191380928,0.18954807257240067,-0.0005150066174737894,0.00030802760223772426,0.0006423708485547907,0.0001318392701470866,3.2075678447816185e-07,-0.00828923638432161,0.06196439545984818,0.16043348862527992,-0.00043590160102981537,0.022448130438411155,0.06142679309673046,0.1480313214021376,-0.07865294861018152,0.03846385365685564,-0.05162681579232033,-0.005529281565821972,-0.010537172493893592,0.008067216390483219,-0.005286675093448924,0.0006955355630972808,3.5820053084542984e-06
-323.52,0.92,0.025,0.009797958971132711,0.5248792922602417,0.5278473586035246,-0.009744161510511235,0.07331217673531015,0.18956927063219636,-0.0005149683331004709,0.00030896939934397784,0.0006429394097452599,0.0001323269623691166,3.2185513798779753e-07,-0.00824745830249671,0.06205142638876652,0.160451430663091,-0.0004358691971362386,0.022529142196212288,0.06148709652413191,0.14804791602843165,-0.07866166975546454,0.038469793460835525,-0.05172605523707742,-0.005549742203206903,-0.01057614727947368,0.008067216390483217,-0.005286675093448923,0.0006980303881181124,3.59403547388414e-06
-323.36,0.92,0.025,0.009797958971132711,0.5248792922602417,0.5278473586035246,-0.009694650949686922,0.07341509252153998,0.189590548067116,-0.0005149297851486437,0.0003099128940755458,0.0006435079074140003,0.00013281594481378257,3.22956433284942e-07,-0.008205552563815012,0.06213853431023144,0.160469439884007,-0.00043583657014981207,0.022610309633425554,0.06154740920336266,0.14806457284214414,-0.07867042346263357,0.03847565688258481,-0.051825427853541474,-0.005570256967711623,-0.010615225176992921,0.00806721639048322,-0.005286675093448925,0.0007005311672131819,3.6060911457776254e-06
-323.2,0.92,0.025,0.009797958971132711,0.5248792922602417,0.5278473586035246,-0.009644989293752996,0.0735180992622138,0.18961190508808037,-0.0005148909728050217,0.000310858088570652,0.000644076340041169,0.00013330621979992154,3.240606790860829e-07,-0.008163518938232537,0.06222571921553776,0.16048751646655124,-0.0004358037193821704,0.022691632958904803,0.06160773101451467,0.1480812920085701,-0.07867920981812597,0.0384814437106853,-0.051924933748975034,-0.005590825956341708,-0.01065440637191249,0.00806721639048322,-0.005286675093448924,0.0007030379066848178,3.618172342391396e-06
-323.03999999999996,0.92,0.025,0.009797958971132711,0.5248792922602417,0.5278473586035246,-0.009595176270576137,0.07362119694680307,0.1896333419060209,-0.0005148518952580223,0.00031180498496899433,0.0006446447061031499,0.000133797789638733,3.2516788411281303e-07,-0.008121357195415643,0.06231298109577412,0.1605056605892561,-0.00043577064414639013,0.022773112381671977,0.061668061837348145,0.14809807369301228,-0.0786880289083847,0.03848715373335497,-0.052024573030600096,-0.0056114492657805175,-0.010693691049084145,0.00806721639048322,-0.005286675093448925,0.0007055506127660532,3.63027908160288e-06
-322.88,0.92,0.025,0.009797958971132711,0.5248792922602417,0.5278473586035246,-0.009545211607680544,0.07372438556453526,0.18965485873187798,-0.000514812551697753,0.00031275358541174277,0.0006452130040725475,0.00013429065663366085,3.262780570913741e-07,-0.008079067104740814,0.06240031994182264,0.16052387243066155,-0.0004357373437569782,0.022854748110917086,0.061728401551291015,0.14811491806077967,-0.0786968808198578,0.03849278673844754,-0.0521243458055977,-0.005632126992384279,-0.010733079392740765,0.008067216390483217,-0.005286675093448923,0.0007080692916199552,3.642411380905744e-06
-322.72,0.92,0.025,0.009797958971132711,0.5248792922602417,0.5278473586035246,-0.009495095032247722,0.07382766510439306,0.18967645577659803,-0.0005147729413160591,0.0003137038920415385,0.0006457812324181805,0.00013478482308027856,3.273912067525592e-07,-0.008036648435294473,0.06248773574435829,0.16054215216931259,-0.00043570381752991243,0.022936540355998118,0.0617887500354383,0.14813182527718532,-0.07870576563899716,0.03849834251345204,-0.05222425218110766,-0.0056528592321772346,-0.01077257158648719,0.008067216390483222,-0.005286675093448925,0.0007105939493389774,3.6545692574075574e-06
-322.56,0.92,0.025,0.009797958971132711,0.5248792922602417,0.5278473586035246,-0.009444826271116244,0.07393103555511397,0.18969813325113252,-0.0005147330633065776,0.0003146559070024925,0.0006463493896050756,0.00013528029126617025,3.285073418311162e-07,-0.00799410095587279,0.06257522849384847,0.16056049998375857,-0.00043567006478268733,0.02301848932644101,0.061849107168551694,0.14814879550754548,-0.07871468345225816,0.038503820845492295,-0.0523242922642281,-0.0056736460808466975,-0.010812167813290698,0.00806721639048322,-0.005286675093448924,0.0007131245919442839,3.6667527278247373e-06
-322.4,0.92,0.025,0.009797958971132711,0.5248792922602417,0.5278473586035246,-0.009394405050781486,0.07403449690518954,0.18971989136643577,-0.0005146929168647011,0.0003156096324401842,0.0006469174740944616,0.00013577706347081407,3.296264710655332e-07,-0.00795142443498145,0.06266279818055243,0.16057891605255126,-0.00043563608483428303,0.023100595231939556,0.0619094728290588,0.14816582891717786,-0.07872363434609875,0.03850922152132661,-0.052424466162015126,-0.0056944876337381425,-0.010851868255471703,0.00806721639048322,-0.005286675093448924,0.0007156612253850913,3.6789618084792637e-06
-322.24,0.92,0.025,0.009797958971132711,0.5248792922602417,0.5278473586035246,-0.009343831097395443,0.07413804914286479,0.18974173033346436,-0.0005146525011876341,0.0003165650705016603,0.0006474854843437632,0.00013627514196546642,3.3074860319759117e-07,-0.007908618640835504,0.06275044479452076,0.16059740055424424,-0.00043560187700521355,0.023182858282355327,0.06196984689505266,0.14818292567140118,-0.07873261840697916,0.03851454432734724,-0.0525247739814825,-0.005715383985850373,-0.010891673094694474,0.008067216390483219,-0.005286675093448924,0.0007182038555380097,3.6911965152944885e-06
-322.08,0.92,0.025,0.009797958971132711,0.5248792922602417,0.5278473586035246,-0.009293104136766426,0.07424169225613764,0.1897636503631734,-0.0005146118154744174,0.0003175222233354333,0.000648053418806595,0.00013677452901304793,3.3187374697204e-07,-0.007865683341359104,0.0628381683255949,0.16061595366738995,-0.0004355674406175469,0.023265278687717647,0.06203022924429113,0.1482000859355323,-0.07874163572136052,0.038519789049580005,-0.05262521582960126,-0.005736335231830734,-0.010931582511958027,0.00806721639048322,-0.005286675093448926,0.0007207524882064063,3.703456863791592e-06
-321.92,0.92,0.025,0.009797958971132711,0.5248792922602417,0.5278473586035246,-0.009242223894358904,0.07434542623275832,0.18978565166651767,-0.0005145708589259267,0.0003184810930914799,0.0006486212759327549,0.00013727522686802446,3.3300191113619906e-07,-0.007822618304185376,0.06292596876340664,0.16063457557054056,-0.0004355327749949044,0.023347856658223486,0.06209061975419641,0.14821730987488713,-0.0787506863757052,0.038524955473683835,-0.052725791813299276,-0.005757341465970133,-0.010971596687586608,0.008067216390483222,-0.005286675093448925,0.0007233071291197236,3.7157428690853613e-06
-321.76,0.92,0.025,0.009797958971132711,0.5248792922602417,0.5278473586035246,-0.009191190095293214,0.07444925106022866,0.18980773445444826,-0.0005145296307449332,0.00031944168192124046,0.0006491890541682181,0.00013777723777629586,3.341331044396691e-07,-0.007779423296656177,0.06301384609737755,0.160653266442245,-0.00043549787946251146,0.023430592404237414,0.06215101830185434,0.14823459765477773,-0.07875977045647557,0.03853004338495031,-0.05282650203946101,-0.005778402782198382,-0.011011715801220817,0.00806721639048322,-0.005286675093448925,0.0007258677839328593,3.7280545458810347e-06
-321.6,0.92,0.025,0.009797958971132711,0.5248792922602417,0.5278473586035246,-0.009140002464345345,0.0745531667258016,0.18982989893791252,-0.0005144881301360706,0.00032040399197761667,0.0006497567519551313,0.00013828056397507742,3.3526733563387756e-07,-0.0077360980858219,0.06310180031671848,0.16067202646104917,-0.00043546275334717014,0.023513486136291537,0.062211424764013895,0.14825194944051262,-0.07876888805013392,0.038535052568303266,-0.05292734661492705,-0.005799519274079234,-0.0110519400318081,0.00806721639048322,-0.005286675093448925,0.0007284344582254933,3.7403919084697226e-06
-321.44,0.92,0.025,0.009797958971132711,0.5248792922602417,0.5278473586035246,-0.009088660725946706,0.07465717321648048,0.1898521453278517,-0.0005144463563059253,0.0003213680254149711,0.0006503243677318061,0.0001387852076927901,3.364046134717716e-07,-0.007692642438441292,0.06318983141042908,0.16069085580549367,-0.0004354273959773352,0.023596538065085413,0.062271839017086605,0.14826936539739466,-0.07877803924314151,0.038539982808298325,-0.053028325646493825,-0.005820691034805773,-0.011092269557593992,0.00806721639048322,-0.005286675093448925,0.0007310071575014724,3.7527549707252904e-06
-321.28,0.92,0.025,0.009797958971132711,0.5248792922602417,0.5278473586035246,-0.009037164604183913,0.07476127051901846,0.1898744738352008,-0.0005144043084629998,0.000322333784389125,0.0006508918999327131,0.00013929117114894326,3.375449467073922e-07,-0.0076490561209812645,0.06327793936729723,0.16070975465411397,-0.00043539180668308305,0.023679748401485946,0.06233226093714593,0.1482868456907211,-0.07878722412195857,0.0385448338891225,-0.05312943924091313,-0.005841918157195528,-0.011132704556112732,0.008067216390483222,-0.005286675093448925,0.0007335858871881464,3.7651437460999607e-06
-321.12,0.92,0.025,0.009797958971132711,0.5248792922602417,0.5278473586035246,-0.0089855138227985,0.07486545861991793,0.1898968846708873,-0.0005143619858177563,0.00032330127105735767,0.000651459346988475,0.00013979845655402167,3.3868834409547956e-07,-0.007605338899616651,0.06336612417589854,0.16072872318543902,-0.00043535598479614893,0.02376311735652743,0.06239269039992676,0.14830439048578242,-0.07879644277304369,0.03854960559459366,-0.05323068750489184,-0.0058632007336857275,-0.011173245204178237,0.008067216390483219,-0.005286675093448925,0.0007361706526357344,3.777558247620502e-06
-320.96,0.92,0.025,0.009797958971132711,0.5248792922602417,0.5278473586035246,-0.008933708105186735,0.07496973750542986,0.18991937804582965,-0.0005143193875826425,0.00032427048757840445,0.0006520267073258618,0.00014030706610937592,3.3983481439129834e-07,-0.007561490540230052,0.06345438582459584,0.16074776157799023,-0.0004353199296499486,0.023846645141411348,0.062453127280824756,0.1483219999478613,-0.07880569528285333,0.03855429770816024,-0.05333207054509155,-0.0058845388563287,-0.011213891677875325,0.00806721639048322,-0.005286675093448923,0.0007387614591167075,3.789998487885572e-06
-320.8,0.92,0.025,0.009797958971132711,0.5248792922602417,0.5278473586035246,-0.00888174717439937,0.07507410716155316,0.1899419541709368,-0.000514276512972105,0.000325241436112456,0.000652593979367783,0.00014081700200710494,3.409843663499178e-07,-0.007517510808411627,0.0635427243015386,0.1607668700102809,-0.0004352836405795897,0.023930331967506376,0.06251357145489579,0.14833967424223207,-0.07881498173784161,0.03855891001290065,-0.05343358846812811,-0.005905932616786981,-0.011254644152550331,0.008067216390483222,-0.005286675093448924,0.0007413583118251302,3.802464479060014e-06
-320.64,0.92,0.025,0.009797958971132711,0.5248792922602417,0.5278473586035246,-0.008829630753141419,0.07517856757403418,0.18996461325710717,-0.0005142333612026234,0.0003262141188211562,0.0006531611615332823,0.00014132826642994923,3.4213700872631923e-07,-0.0074733994694588975,0.06363113959466253,0.16078604866081553,-0.0004352471169219004,0.0240141780463483,0.06257402279685546,0.14835741353416013,-0.07882430222445984,0.03856344229152291,-0.05353524138057135,-0.005927382106328813,-0.011295502802802575,0.00806721639048322,-0.005286675093448924,0.0007439612158760591,3.814956232873767e-06
-320.48,0.92,0.025,0.009797958971132711,0.5248792922602417,0.5278473586035246,-0.008777358563771914,0.07528311872836593,0.1899873555152285,-0.0005141899314927095,0.00032718853786760133,0.0006537282522375315,0.00014184086155117495,3.432927502744786e-07,-0.007429156288376548,0.06371963169168893,0.1608052977080894,-0.00043521035801542937,0.024098183589639926,0.06263448118107837,0.14837521798890152,-0.07883365682915654,0.03856789432636428,-0.05363702938894467,-0.005948887415823324,-0.011336467802475075,0.008067216390483219,-0.005286675093448923,0.0007465701763048912,3.827473760615106e-06
-320.32,0.92,0.025,0.009797958971132711,0.5248792922602417,0.5278473586035246,-0.008724930328303656,0.07538776060978758,0.19001018115617643,-0.0005141462230629349,0.00032816469541633843,0.0006542952498918236,0.00014235478953446642,3.44451599747426e-07,-0.007384781029876214,0.06380820058012421,0.16082461733058775,-0.00043517336320046814,0.024182348809251023,0.06269494648159761,0.1483930877717021,-0.07884304563837685,0.03857226589939064,-0.05373895259972463,-0.005970448635735999,-0.011377539324645972,0.00806721639048322,-0.005286675093448924,0.0007491851980667641,3.840017073129305e-06
-320.15999999999997,0.92,0.025,0.009797958971132711,0.5248792922602417,0.5278473586035246,-0.008672345768403034,0.07549249320328376,0.1900330903908141,-0.0005141022351359735,0.00032914259363336375,0.0006548621529035673,0.00014287005253381385,3.456135658965858e-07,-0.007340273458376328,0.06389684624725937,0.16084400770678506,-0.000435136131819088,0.024266673917218238,0.06275541857210419,0.14841102304779694,-0.0788524687385624,0.03857655679219624,-0.053841011119340663,-0.005992065856124002,-0.011418717541619532,0.00806721639048322,-0.005286675093448925,0.0007518062860359254,3.852586180813484e-06
-320.0,0.92,0.025,0.009797958971132711,0.5248792922602417,0.5278473586035246,-0.00861960460538973,0.07559731649358402,0.1900560834299921,-0.0005140579669365789,0.00033012223468612147,0.0006554289596762799,0.00014338665269340379,3.467786574715641e-07,-0.007295633338001869,0.06398556868016951,0.16086346901514534,-0.00043509866321512044,0.024351159125745044,0.06281589732594645,0.14842902398241065,-0.07886192621615125,0.03858076678600313,-0.05394320505417458,-0.006013739166631579,-0.0114600026249174,0.008067216390483219,-0.005286675093448923,0.0007544334450051174,3.865181093613597e-06
-319.84000000000003,0.92,0.025,0.009797958971132711,0.5248792922602417,0.5278473586035246,-0.008566706560236545,0.07570223046516213,0.19007916048454748,-0.0005140134176916597,0.0003311036207435025,0.0006559956686095819,0.00014390459214751013,3.4794688321973275e-07,-0.007250860432584212,0.06407436786571323,0.160883001434121,-0.0004350609567342208,0.024435804647201628,0.06287638261612942,0.14844709074075613,-0.07887141815757752,0.0385848956616608,-0.05404553451056033,-0.006035468656485495,-0.011501394745269884,0.008067216390483217,-0.0052866750934489224,0.0007570666796849702,3.8778018210207905e-06
-319.68,0.92,0.025,0.009797958971132711,0.5248792922602417,0.5278473586035246,-0.008513651353569133,0.07580723510223546,0.19010232176530353,-0.0005139685866302477,0.0003320867539758427,0.0006565622780991905,0.00014442387302038612,3.4911825188584945e-07,-0.007205954505660915,0.06416324379053209,0.16090260514215293,-0.00043502301172384166,0.024520610694124822,0.06293687431531432,0.14846522348803481,-0.07888094464927138,0.038588943199645676,-0.0541479995947835,-0.006057254414490516,-0.011542894072607309,0.008067216390483219,-0.005286675093448925,0.0007597059947033959,3.890448372067516e-06
-319.52,0.92,0.025,0.009797958971132711,0.5248792922602417,0.5278473586035246,-0.008460438705665776,0.07591233038876448,0.19012556748307033,-0.000513923472983561,0.0003330716365549215,0.0006571287865369126,0.0001449444974261544,3.50292772211609e-07,-0.007160915320475514,0.06425219644105026,0.16092228031767072,-0.000434984827533286,0.024605577479218103,0.06299737229581795,0.14848342238943682,-0.07889050577765924,0.03859290918006072,-0.05425060041308101,-0.006079096529024814,-0.011584500776051231,0.008067216390483219,-0.005286675093448924,0.0007623513946049717,3.903120755323639e-06
-319.36,0.92,0.025,0.009797958971132711,0.5248792922602417,0.5278473586035246,-0.008407068336457154,0.07601751630845191,0.19014889784864272,-0.0005138780759849778,0.0003340582706539605,0.0006576951923106399,0.00014546646746870092,3.5147045293529935e-07,-0.0071157426399773354,0.0643412258034737,0.1609420271390912,-0.0004349464035136852,0.024690705215351383,0.06305787642961203,0.14850168761013946,-0.07890010162916283,0.038596793382634983,-0.05435333707164069,-0.0061009950880355195,-0.011626215023905947,0.008067216390483219,-0.005286675093448923,0.0007650028838503545,3.915818978892882e-06
-319.2,0.92,0.025,0.009797958971132711,0.5248792922602417,0.5278473586035246,-0.008353539965526121,0.07612279284474233,0.1901723130728023,-0.0005138323948700962,0.00033504665844762225,0.0006582614938043411,0.00014598978524156628,3.526513027915804e-07,-0.007070436226821309,0.06443033186378991,0.16096184578481987,-0.0004349077390180495,0.024775994115561046,0.06311838658832274,0.1485200193153088,-0.07890973229020029,0.03860059558672314,-0.054456209676600954,-0.006122950179034166,-0.011668036983649823,0.008067216390483219,-0.005286675093448923,0.0007676604668156657,3.9285430504100925e-06
-319.03999999999996,0.92,0.025,0.009797958971132711,0.5248792922602417,0.5278473586035246,-0.00829985331210747,0.07622815998082136,0.19019581336631602,-0.0005137864288767368,0.0003360368021120085,0.0006588276893980572,0.00014651445282784224,3.538353305107951e-07,-0.007024995843367763,0.0645195146077672,0.1609817364332499,-0.00043486883340127,0.024861444393049815,0.06317890264323002,0.14853841767009857,-0.07891939784718537,0.038604315571305094,-0.05455921833405037,-0.006144961889092383,-0.011709966821926987,0.008067216390483219,-0.005286675093448924,0.0007703241477919198,3.941292977036053e-06
-318.88,0.92,0.025,0.009797958971132711,0.5248792922602417,0.5278473586035246,-0.008246008095087696,0.07633361769961515,0.19021939893993667,-0.0005137401772449557,0.0003370287038246586,0.0006593937774678936,0.00014704047230006297,3.550225448188445e-07,-0.006979421251682226,0.06460877402095426,0.1610016992627624,-0.0004348296860201306,0.02494705626118669,0.06323942446526706,0.14855688283965032,-0.07892909838652766,0.03860795311498549,-0.05466236315002731,-0.006167030304837322,-0.01175200470453866,0.00806721639048322,-0.005286675093448924,0.0007729939309844163,3.954068765455137e-06
-318.72,0.92,0.025,0.009797958971132711,0.5248792922602417,0.5278473586035246,-0.008192004033004782,0.07643916598378972,0.19024307000440285,-0.0005136936392170939,0.0003380223657645484,0.0006599597563860152,0.00014756784572010097,3.5621295443668043e-07,-0.006933712213535248,0.06469811008867962,0.16102173445172657,-0.00043479029623334835,0.025032829933506858,0.06329995192501965,0.14857541498909382,-0.07893883399463278,0.0386115079959933,-0.054765644230519515,-0.006189155512447312,-0.011794150796434822,0.008067216390483219,-0.005286675093448923,0.0007756698205121611,3.966870421871225e-06
-318.56,0.92,0.025,0.009797958971132711,0.5248792922602417,0.5278473586035246,-0.00813784084404796,0.07654480481575027,0.19026682677043927,-0.0005136468140377399,0.00033901779011208876,0.0006605256245206391,0.00014809657513906415,3.5740656808002954e-07,-0.006887868490402194,0.06478752279605103,0.16104184217849982,-0.00043475066340154303,0.025118765623711608,0.06336048489272564,0.14859401428354688,-0.07894860475790236,0.03861497999218136,-0.054869061681463785,-0.006211337597647552,-0.011836405261705974,0.008067216390483217,-0.005286675093448924,0.000778351820407292,3.97969795200449e-06
-318.4,0.92,0.025,0.009797958971132711,0.5248792922602417,0.5278473586035246,-0.008083518246057464,0.07665053417764069,0.19029066944875708,-0.0005135997009538076,0.00034001497904912354,0.0006610913802360289,0.00014862666259718842,3.586033944587728e-07,-0.0068418898434630376,0.06487701212795507,0.161062022621428,-0.00043471078688730276,0.025204863545668314,0.06342102323827434,0.14861268088811574,-0.0789584107627342,0.03861836888102594,-0.05497261560874556,-0.006233576645705623,-0.011878768263574558,0.008067216390483217,-0.0052866750934489224,0.0007810399346144826,3.992551361086795e-06
-318.24,0.92,0.025,0.009797958971132711,0.5248792922602417,0.5278473586035246,-0.008029035956524344,0.0767563540513427,0.19031459825005426,-0.0005135522992145312,0.00034101393475892866,0.000661657021892488,0.00014915811012373902,3.5980344227692543e-07,-0.006795776033602205,0.06496657806905647,0.16108227595884594,-0.00043467066605517923,0.02529112391341023,0.06348156683120589,0.14863141496789548,-0.07896825209552252,0.038621674439626316,-0.05507630611819852,-0.006255872741427342,-0.011921239964387058,0.008067216390483219,-0.005286675093448925,0.0007837341669903919,4.005430653860045e-06
-318.08,0.92,0.025,0.009797958971132711,0.5248792922602417,0.5278473586035246,-0.007974393692590197,0.07686226441847552,0.19033861338501545,-0.0005135046080714706,0.00034201465942621033,0.0006622225478463534,0.00014969091973690403,3.6100672023186896e-07,-0.006749526821408343,0.06505622060379768,0.16110260236907709,-0.00043463030027169274,0.02537754694113655,0.06354211554071072,0.14865021668796968,-0.07897812884265783,0.038624896444704286,-0.055180133315604195,-0.006278225969152333,-0.01196382052560549,0.008067216390483217,-0.005286675093448924,0.0007864345213030778,4.018335834570567e-06
-317.92,0.92,0.025,0.009797958971132711,0.5248792922602417,0.5278473586035246,-0.007919591171046958,0.07696826526039492,0.1903627150643127,-0.0005134566267785327,0.00034301715523710354,0.0006627879564499898,0.000150225093443695,3.622132370141811e-07,-0.006703141967174146,0.06514593971639826,0.16112300203043428,-0.0004345896889053501,0.0254641328432122,0.06360266923562893,0.1486690862134112,-0.07898804109052732,0.03862803467260379,-0.05528409730669162,-0.006300636412749853,-0.012006510107799448,0.008067216390483217,-0.0052866750934489224,0.0007891410012314414,4.031266906966784e-06
-317.76,0.92,0.025,0.009797958971132711,0.5248792922602417,0.5278473586035246,-0.007864628108336654,0.07707435655819281,0.19038690349860707,-0.0005134083545920233,0.00034402142437917093,0.0006633532460517822,0.0001507606332398451,3.634230013074167e-07,-0.006656621230896145,0.0652357353908544,0.16114347512122104,-0.0004345488313266886,0.025550881834167864,0.06366322778444972,0.14868802370928327,-0.07899798892551543,0.038631088899290386,-0.05538819819713693,-0.0063231041556145165,-0.012049308870637963,0.008067216390483216,-0.005286675093448921,0.0007918536103646604,4.044223874296708e-06
-317.6,0.92,0.025,0.009797958971132711,0.5248792922602417,0.5278473586035246,-0.007809504220551206,0.07718053829269649,0.19041117889854756,-0.0005133597907706247,0.00034502746904140064,0.0006639184149961308,0.00015129754110970896,3.646360217872284e-07,-0.006609964372274541,0.06532560761093831,0.16116402181973066,-0.0004345077269082567,0.025637794128699817,0.06372379105531076,0.14870702934063867,-0.07900797243400359,0.03863405890035086,-0.05549243609256297,-0.0063456292806621534,-0.012092216972881481,0.008067216390483216,-0.005286675093448921,0.0007945723522016397,4.057206739301787e-06
-317.44,0.92,0.025,0.009797958971132711,0.5248792922602417,0.5278473586035246,-0.0077542192234321666,0.07728681044446806,0.19043554147477254,-0.0005133109345754428,0.0003460352914142052,0.0006644834616234437,0.00015183581902616241,3.658523071214216e-07,-0.006563171150712986,0.06541555636019776,0.16118464230424748,-0.0004344663750246548,0.025724869941669892,0.06378435891599762,0.14872610327252098,-0.07901799170237066,0.03863694445099279,-0.05559681109853886,-0.006368211870325571,-0.012135234572373862,0.008067216390483214,-0.005286675093448921,0.0007972972301504538,4.070215504215867e-06
-317.28,0.92,0.025,0.009797958971132711,0.5248792922602417,0.5278473586035246,-0.007698772832370513,0.07739317299380374,0.19045999143791084,-0.0005132617852699831,0.0003470448936894196,0.0006650483842701309,0.00015237546895050495,3.670718659693471e-07,-0.006516241325318402,0.0655055816219555,0.16120533675304774,-0.00043442477505251375,0.02581210948810536,0.06384493123394314,0.1487452456699652,-0.07902804681699346,0.03863974532604407,-0.05570132332057966,-0.006390852006550497,-0.012178361826034559,0.008067216390483216,-0.005286675093448921,0.0008000282475278053,4.083250170760457e-06
-317.12,0.92,0.025,0.009797958971132711,0.5248792922602417,0.5278473586035246,-0.007643164762406436,0.07749962592073331,0.1904845289985825,-0.0005132123421202252,0.0003480562780603002,0.0006656131812685983,0.00015291649283235938,3.6829470698176613e-07,-0.0064691746549008075,0.06559568337930868,0.16122610534440024,-0.0004343829263705587,0.02589951298319887,0.06390550787622695,0.14876445669799845,-0.07903813786424713,0.03864246129995248,-0.05580597286414597,-0.006413549770791364,-0.01222159888985061,0.008067216390483217,-0.005286675093448921,0.0008027654075584705,4.096310740142851e-06
-316.96,0.92,0.025,0.009797958971132711,0.5248792922602417,0.5278473586035246,-0.007587394728229056,0.07760616920501935,0.19050915436739882,-0.0005131626043946013,0.0003490694467215231,0.0006661778509472402,0.00015345889260957746,3.695208387999997e-07,-0.0064219708979730734,0.06568586161512838,0.16124694825656638,-0.0004343408283595905,0.025987080642308362,0.06396608870957472,0.14878373652164012,-0.0790482649305051,0.03864509214678521,-0.05591075983464353,-0.006436305244007398,-0.012264945918869067,0.008067216390483217,-0.005286675093448922,0.0008055087133747817,4.109397213050242e-06
-316.8,0.92,0.025,0.009797958971132711,0.5248792922602417,0.5278473586035246,-0.007531462444176263,0.07771280282615671,0.1905338677549641,-0.0005131125713640157,0.00035008440186918205,0.0006667423916304345,0.0001540026702081407,3.7075027005599024e-07,-0.006374629812750789,0.06577611631205904,0.1612678656678016,-0.0004342984804025029,0.02607481268095696,0.06402667360035766,0.14880308530590294,-0.07905842810213982,0.03864763764022851,-0.05601568433742281,-0.006459118506658437,-0.012308403067189085,0.008067216390483216,-0.005286675093448921,0.0008082581680160765,4.1225095896486535e-06
-316.64,0.92,0.025,0.009797958971132711,0.5248792922602417,0.5278473586035246,-0.007475367624234435,0.07781952676337181,0.19055866937187657,-0.0005130622423018849,0.0003511011457007878,0.0006673068016385348,0.0001545478275420662,3.719830093717576e-07,-0.006327151157152026,0.0658664474525179,0.16128885775635635,-0.00043425588188431545,0.026162709314832933,0.06408726241459188,0.14882250321579402,-0.07906862746552332,0.038650097553587094,-0.056120746477778684,-0.006481989638701002,-0.012351970487954379,0.008067216390483214,-0.00528667509344892,0.000811013774428178,4.135647869578913e-06
-316.48,0.92,0.025,0.009797958971132711,0.5248792922602417,0.5278473586035246,-0.007419109982038246,0.07792634099562197,0.19058355942872943,-0.0005130116164841121,0.0003521196804152656,0.0006678710792878654,0.00015509436651330898,3.7321906535892105e-07,-0.006279534688797172,0.06595685501869444,0.1613099247004766,-0.0004342130321921525,0.02625077075978954,0.06414785501793781,0.14884199041631538,-0.07907886310702729,0.03865247165978387,-0.0562259463609499,-0.006504918719584225,-0.012395648333345395,0.008067216390483216,-0.00528667509344892,0.0008137755354628581,4.148812051952645e-06
-316.32,0.92,0.025,0.009797958971132711,0.5248792922602417,0.5278473586035246,-0.0073626892308704325,0.07803324550159484,0.1906085381361118,-0.0005129606931891764,0.0003531400082129541,0.0006684352228907137,0.00015564228901167318,3.74458446618378e-07,-0.006231780165008734,0.06604733899254987,0.16133106667840505,-0.000434169930715319,0.02633899723184498,0.06420845127569959,0.14886154707246482,-0.07908913511302397,0.03865475973135934,-0.05633128409211885,-0.006527905828246134,-0.012439436754572245,0.008067216390483214,-0.005286675093448918,0.0008165434538773471,4.162002135349721e-06
-316.15999999999997,0.92,0.025,0.009797958971132711,0.5248792922602417,0.5278473586035246,-0.0073061050836615606,0.07814024025970767,0.1906336057046099,-0.0005129094716980596,0.0003541621312956038,0.0006689992307553242,0.00015619159691471283,3.757011617400446e-07,-0.006183887342811145,0.06613789935581657,0.16135228386838182,-0.00043412657684523766,0.026427388947182304,0.0642690510528245,0.14888117334923692,-0.07909944356988624,0.03865696154047124,-0.05643675977641105,-0.006550951043109486,-0.01248333590186673,0.008067216390483214,-0.00528667509344892,0.0008193175323337906,4.175218117815204e-06
-316.0,0.92,0.025,0.009797958971132711,0.5248792922602417,0.5278473586035246,-0.007249357252989796,0.07824732524810676,0.19065876234480866,-0.0005128579512943274,0.00035518605186637525,0.0006695631011858924,0.0001567422920876416,3.769472193022359e-07,-0.006135855978930564,0.06622853608999757,0.16137357644864606,-0.00043408296997551876,0.02651594612214933,0.06432965421390234,0.14890086941162406,-0.07910978856398843,0.038659076858894074,-0.05654237351889478,-0.006574054442078021,-0.012527345924475143,0.008067216390483216,-0.00528667509344892,0.0008220977733987494,4.1884599968551636e-06
-315.84000000000003,0.92,0.025,0.009797958971132711,0.5248792922602417,0.5278473586035246,-0.007192445451080703,0.07835450044466673,0.19068400826729312,-0.0005128061312641278,0.0003562117721298373,0.0006701268324825581,0.0001572943763832435,3.7819662787143245e-07,-0.006087685829794707,0.06631924917636592,0.16139494459743692,-0.0004340391095019578,0.026604668973258534,0.06439026062316479,0.1489206354246177,-0.07912017018170706,0.03866110545801866,-0.05664812542458071,-0.006597216102532716,-0.012571466970651115,0.008067216390483216,-0.005286675093448921,0.0008248841795427101,4.201727769434241e-06
-315.68,0.92,0.025,0.009797958971132711,0.5248792922602417,0.5278473586035246,-0.007135369389806977,0.0784617658269899,0.1907093436826491,-0.0005127540108962005,0.000357239294291966,0.000670690422941399,0.00015784785164177782,3.7944939600179773e-07,-0.0060393766515326255,0.06641003859596425,0.16141638849299422,-0.00043399499482254416,0.026693557717186987,0.06445087014448489,0.1489404715532089,-0.0791305885094209,0.03866304710885169,-0.05675401559842146,-0.006620436101327817,-0.012615699187648014,0.008067216390483212,-0.005286675093448919,0.0008276767531395656,4.215021431971867e-06
-315.52,0.92,0.025,0.009797958971132711,0.5248792922602417,0.5278473586035246,-0.007078128780688264,0.07856912137240558,0.19073476880146484,-0.0005127015894819061,0.0003582686205601424,0.000671253870854424,0.00015840271969089112,3.807055322349453e-07,-0.005990928199974547,0.0665009043296041,0.16143790831355984,-0.0004339506253374853,0.026782612570776205,0.06451148264137632,0.14896037796238937,-0.07914104363351179,0.038664901582015285,-0.05686004414531123,-0.006643714514787144,-0.012660042721711909,0.008067216390483216,-0.005286675093448919,0.0008304754964661331,4.228340980339988e-06
-315.36,0.92,0.025,0.009797958971132711,0.5248792922602417,0.5278473586035246,-0.007020723334890922,0.0786765670579696,0.19076028383433352,-0.0005126488663151958,0.00035929975314315157,0.0006718171745095676,0.0001589589823455297,3.8196504509931546e-07,-0.0059423402306516765,0.06659184635786547,0.1614595042373799,-0.0004339060004491817,0.02687183375103214,0.064572097976993,0.14898035481715377,-0.0791515356403657,0.038666668647746545,-0.0569662111700854,-0.006667051418700469,-0.012704497718074548,0.008067216390483216,-0.005286675093448919,0.0008332804117016676,4.24168640985846e-06
-315.2,0.92,0.025,0.009797958971132711,0.5248792922602417,0.5278473586035246,-0.006963152763227778,0.07878410286046342,0.19078588899185375,-0.0005125958406927267,0.00036033269425118024,0.0006723803321906824,0.00015951664140784902,3.832279431100866e-07,-0.005893612498795992,0.06668286466109624,0.16148117644270502,-0.0004338611195623239,0.026961221475125013,0.06463271601412819,0.14900040228249983,-0.07916206461637283,0.0386683480758971,-0.057072516777520094,-0.006690446888319689,-0.01274906432094614,0.008067216390483216,-0.005286675093448922,0.0008360915009273734,4.255057715293924e-06
-315.03999999999996,0.92,0.025,0.009797958971132711,0.5248792922602417,0.5278473586035246,-0.006905416776157916,0.07889172875639364,0.19081158448463081,-0.0005125425119137647,0.0003613674460958154,0.0006729433421775331,0.00016007569866712754,3.844942347684682e-07,-0.00584474475934006,0.06677395921941158,0.16150292510779152,-0.0004338159820838104,0.027050775960389267,0.06469333661521416,0.1490205205234294,-0.0791726306479283,0.03866993963593266,-0.057178961072331815,-0.006713900998355262,-0.012793742673508435,0.008067216390483214,-0.005286675093448922,0.0008389087661259326,4.268454890854562e-06
-314.88,0.92,0.025,0.009797958971132711,0.5248792922602417,0.5278473586035246,-0.00684751508378646,0.0789994447219913,0.19083737052328006,-0.0005124888792802786,0.000362404010890043,0.0006735062027457905,0.0001606361558996791,3.857639285614983e-07,-0.00579573676691686,0.06686513001269344,0.16152475041090425,-0.00043377058742282787,0.027140497424323496,0.06475395964232149,0.14904070970495115,-0.07918323382143344,0.03867144309693259,-0.057285544159177006,-0.006737413822972528,-0.012838532917907722,0.008067216390483214,-0.005286675093448921,0.0008417322091810201,4.28187793018826e-06
-314.72,0.92,0.025,0.009797958971132711,0.5248792922602417,0.5278473586035246,-0.006789447395864343,0.07910725073321116,0.19086324731842688,-0.0005124349420969021,0.00036344239084824603,0.0006740689121670242,0.00016119801486876972,3.8703703296167963e-07,-0.00574658827585958,0.06695637702058993,0.16154665253031653,-0.000433724934990818,0.027230386084590226,0.06481458495715832,0.14906096999208046,-0.07919387422329581,0.038672858227589424,-0.0573922661426517,-0.006760985435788235,-0.012883435195248186,0.008067216390483216,-0.0052866750934489224,0.0008445618318768566,4.2953268263795325e-06
-314.56,0.92,0.025,0.009797958971132711,0.5248792922602417,0.5278473586035246,-0.006731213421788089,0.07921514676573121,0.19088921508070894,-0.000512380699671005,0.0003644825881862026,0.0006746314687086966,0.00016176127732453176,3.8831355642652587e-07,-0.005697299040201439,0.0670477002225149,0.16156863164431207,-0.0004336790242015387,0.02732044215901599,0.06487521242107004,0.14908130154984112,-0.07920455193993019,0.03867418479620845,-0.05749912712729105,-0.006784615909866957,-0.012928449645585014,0.008067216390483217,-0.005286675093448922,0.0008473976358977378,4.308801571946354e-06
-314.4,0.92,0.025,0.009797958971132711,0.5248792922602417,0.5278473586035246,-0.0066728128705995805,0.0793231327949518,0.19091527402077915,-0.000512326151312658,0.00036552460512108474,0.0006751938706341561,0.00016232594500387797,3.89593507398138e-07,-0.005647868813675485,0.0671390995976472,0.16159068793118747,-0.0004336328544710337,0.02741066586559111,0.06493584189503837,0.14910170454326788,-0.07921526705775975,0.038675422570707205,-0.05760612721756895,-0.006808305317717501,-0.012973576407917546,0.008067216390483217,-0.005286675093448922,0.000850239622827563,4.322302158836676e-06
-314.24,0.92,0.025,0.009797958971132711,0.5248792922602417,0.5278473586035246,-0.00661424545098584,0.07943120879599516,0.19094142434930525,-0.0005122712963346622,0.0003665684438714565,0.0006757561162026313,0.0001628920196304243,3.9087689430290414e-07,-0.005598297349714416,0.0672305751249303,0.16161282156925197,-0.00043358642521765814,0.027501057422469673,0.06499647323968104,0.14912217913740583,-0.07922601966321594,0.03867657131861514,-0.057713266517897654,-0.006832053731289693,-0.01301881562018307,0.008067216390483216,-0.005286675093448922,0.0008530877941494231,4.335828578426119e-06
-314.08,0.92,0.025,0.009797958971132711,0.5248792922602417,0.5278473586035246,-0.006555510871278812,0.07953937474370461,0.1909676662769742,-0.0005122161340525906,0.00036761410665727204,0.0006763182036692237,0.00016345950291440345,3.9216372555114083e-07,-0.0055485844014503865,0.06732212678307159,0.16163503273683097,-0.00043353973586211266,0.02759161704796935,0.06505710631525086,0.14914272549731397,-0.07923680984274031,0.03867763080707306,-0.05782054513262731,-0.006855861221970748,-0.013064167419249921,0.008067216390483214,-0.005286675093448922,0.0008559421512451203,4.349380821515134e-06
-313.92,0.92,0.025,0.009797958971132711,0.5248792922602417,0.5278473586035246,-0.006496608839455134,0.07964763061264399,0.1909940000144922,-0.0005121606637847448,0.0003686615956998743,0.0006768801312849018,0.00016402839655258562,3.934540095364396e-07,-0.005498729721714826,0.06741375455054187,0.1616573216122662,-0.00043349278582740803,0.0276823449605714,0.06511774098163542,0.14916334378806528,-0.07924763768278448,0.03867860080283272,-0.057927963166045635,-0.006879727860581992,-0.01310963194091114,0.008067216390483216,-0.005286675093448922,0.000858802695394748,4.3629588783245175e-06
-313.76,0.92,0.025,0.009797958971132711,0.5248792922602417,0.5278473586035246,-0.006437539063135937,0.07975597637709693,0.19102042577258804,-0.0005121048848522498,0.00036971091322199285,0.0006774418972964938,0.00016459870222819997,3.9474775463570984e-07,-0.005448733063038258,0.06750545840557484,0.16167968837391852,-0.0004334455745389443,0.027773241378920465,0.0651783770983563,0.1491840341747492,-0.07925850326981156,0.03867948107225635,-0.05803552072237738,-0.00690365371737555,-0.013155209319878184,0.008067216390483216,-0.005286675093448924,0.0008616694277762561,4.376562738495077e-06
-313.6,0.92,0.025,0.009797958971132711,0.5248792922602417,0.5278473586035246,-0.006378301249586563,0.07986441201106631,0.191046943762014,-0.0005120487965789954,0.0003707620614477429,0.0006780034999466821,0.00016517042161085264,3.960449692084421e-07,-0.005398594177650067,0.06759723832616653,0.16170213320016866,-0.00043339810142446175,0.02786430652182462,0.06523901452456858,0.1492047968224724,-0.0792694066902966,0.038680271381316265,-0.05814321790578407,-0.006927638862030945,-0.013200899689774363,0.008067216390483216,-0.005286675093448922,0.0008645423494650143,4.390192391082604e-06
-313.44,0.92,0.025,0.009797958971132711,0.5248792922602417,0.5278473586035246,-0.006318895105716422,0.07997293748827336,0.1910735541935491,-0.0005119923982916695,0.0003718150426026228,0.0006785649374739958,0.00016574355635645463,3.9734566159654474e-07,-0.00534831281747838,0.06768909429007458,0.16172465626941995,-0.00043335036591406905,0.027955540608255076,0.06529965311906001,0.14922563189636126,-0.07928034803072782,0.03868097149559433,-0.058251054820363427,-0.006951683363652077,-0.013246703183129073,0.008067216390483216,-0.005286675093448924,0.0008674214614334153,4.4038478245563125e-06
-313.28,0.92,0.025,0.009797958971132711,0.5248792922602417,0.5278473586035246,-0.006259320338078726,0.08008155278215731,0.1911002572780006,-0.0005119356893197968,0.00037286985891351275,0.0006791262081128053,0.00016631810810713855,3.986498401237532e-07,-0.005297888734149834,0.06778102627481795,0.1617472577600997,-0.00043330236744027606,0.02804694385734626,0.06536029274025068,0.14924653956156322,-0.07929132737760738,0.03868158118028163,-0.05835903157014916,-0.006975787290763763,-0.01329261993137113,0.008067216390483216,-0.005286675093448923,0.0008703067645504283,4.4175290267949935e-06
-313.12,0.92,0.025,0.009797958971132711,0.5248792922602417,0.5278473586035246,-0.006199576652870257,0.08019025786587441,0.19112705322620566,-0.0005118786689957459,0.0003739265126086728,0.0006796873100933143,0.00016689407849118692,3.99957513095515e-07,-0.005247321678989386,0.0678730342576761,0.1617699378506605,-0.0004332541054379993,0.02813851648839561,0.06542093324619219,0.14926751998324778,-0.07930234481745191,0.03868210020017786,-0.05846714825911031,-0.006999950711308718,-0.013338650064823042,0.008067216390483216,-0.0052866750934489224,0.0008731982595812142,4.43123598508568e-06
-312.96,0.92,0.025,0.009797958971132711,0.5248792922602417,0.5278473586035246,-0.006139663755931197,0.08029905271229751,0.19115394224903468,-0.0005118213366547129,0.00037498500591774155,0.0006802482416415547,0.000167471469122957,4.0126868879825205e-07,-0.005196611403020165,0.06796511821568861,0.16179269671958296,-0.000433205579344549,0.02823025872086351,0.06548157449456717,0.14928857332660933,-0.07931340043679404,0.038682528319691,-0.058575404991151055,-0.007024173692644459,-0.013384793712694961,0.008067216390483217,-0.005286675093448923,0.000876095947186715,4.444968686118866e-06
-312.8,0.92,0.025,0.009797958971132711,0.5248792922602417,0.5278473586035246,-0.006079581352744845,0.08040793729401523,0.19118092455739286,-0.0005117636916347751,0.0003760453410717337,0.0006808090009793788,0.00016805028160280636,4.025833754993759e-07,-0.005145757656963237,0.06805727812565449,0.1618155345453773,-0.00043315678859967365,0.028322170774373163,0.06554221634268854,0.14930969975686828,-0.07932449432218301,0.038682865302836815,-0.058683801870110144,-0.0070484563015401555,-0.01343105100307878,0.008067216390483214,-0.005286675093448922,0.000878999827923257,4.458727115988053e-06
-312.64,0.92,0.025,0.009797958971132711,0.5248792922602417,0.5278473586035246,-0.006019329148437443,0.08051691158333135,0.1912080003622226,-0.0005117057332768526,0.0003771075203030391,0.0006813695863244539,0.0001686305175170205,4.039015814466748e-07,-0.005094760191237452,0.06814951396413166,0.1618384515065852,-0.0004331077326455281,0.028414252868710528,0.06560285864749904,0.149330899439273,-0.07933562656018564,0.038683110913238436,-0.05879233899976058,-0.007072798604173636,-0.013477422062942284,0.008067216390483216,-0.005286675093448924,0.0008819099022421595,4.4725112601856185e-06
-312.48,0.92,0.025,0.009797958971132711,0.5248792922602417,0.5278473586035246,-0.005958906847777936,0.08062597555226421,0.19123516987450584,-0.0005116474609247991,0.0003781715458454202,0.0006819299958902545,0.00016921217843774106,4.052233148678736e-07,-0.0050436187559592454,0.06824182570743643,0.16186144778178174,-0.00043305841092675004,0.028506505223824186,0.0656635012655705,0.1493521725391015,-0.0793467972373874,0.038683264914125846,-0.05890101648380912,-0.007097200666128397,-0.013523907018123435,0.008067216390483214,-0.005286675093448924,0.0008848261704893511,4.486321103600194e-06
-312.32,0.92,0.025,0.009797958971132711,0.5248792922602417,0.5278473586035246,-0.005898314155177767,0.08073512917254588,0.19126243330526657,-0.0005115888739253313,0.00037923741993401084,0.0006824902278860573,0.00016979526592289664,4.0654858397046385e-07,-0.0049923331009424626,0.06833421333164284,0.16188452354957764,-0.00043300882289040043,0.02859892805982524,0.06572414405310326,0.14937351922166353,-0.07935800644039323,0.038683327068335514,-0.05900983442589592,-0.007121662552390699,-0.01357050599332483,0.008067216390483214,-0.005286675093448926,0.0008877486329049969,4.500156630514766e-06
-312.15999999999997,0.92,0.025,0.009797958971132711,0.5248792922602417,0.5278473586035246,-0.005837550774690632,0.08084437241562167,0.19128979086557313,-0.0005115299716281003,0.0003803051448053141,0.0006830502805169325,0.00017037978151613148,4.0787739694114927e-07,-0.004940902975698151,0.06842667681258219,0.1619076789886211,-0.0004329589679860241,0.028691521596987225,0.06578478686592558,0.14939493965230233,-0.07936925425582884,0.038683297138309855,-0.05911879292959406,-0.007146184327346611,-0.013617219112107979,0.008067216390483214,-0.005286675093448924,0.000890677289623118,4.514017824603412e-06
-312.0,0.92,0.025,0.009797958971132711,0.5248792922602417,0.5278473586035246,-0.005776616410012289,0.08095370525264928,0.19131724276653989,-0.0005114707533856888,0.0003813747226972009,0.0006836101519837396,0.00017096572674673766,4.0920976194561464e-07,-0.004889328129434402,0.06851921612584236,0.16193091427759937,-0.000432908845665647,0.028784286055745987,0.06584542955949299,0.14941643399639593,-0.07938054077034115,0.038683174886096856,-0.0592278920984092,-0.007170766054779167,-0.0136640464968879,0.008067216390483212,-0.005286675093448924,0.0008936121406712314,4.527904668929463e-06
-311.84000000000003,0.92,0.025,0.009797958971132711,0.5248792922602417,0.5278473586035246,-0.005715510764480324,0.08106312765449825,0.19134478921933168,-0.0005114112185535873,0.00038244615584890777,0.0006841698404831187,0.0001715531031295898,4.105456871279755e-07,-0.004837608311056146,0.06861183124676731,0.16195422959524233,-0.00043285845538375625,0.028877221656699568,0.06590607198888766,0.1494380024193606,-0.0793918660706002,0.038682960073349544,-0.05933713203577909,-0.00719540779786566,-0.013710988268927866,0.008067216390483214,-0.005286675093448925,0.0008965531859699938,4.541817145941855e-06
-311.68,0.92,0.025,0.009797958971132711,0.5248792922602417,0.5278473586035246,-0.005654233541073934,0.08117263959174927,0.19137243043516322,-0.0005113513664902815,0.0003835194465010353,0.0006847293442074853,0.00017214191216507593,4.118851806105364e-07,-0.004785743269164978,0.06870452215045658,0.16197762512032216,-0.00043280779659737433,0.028970328620608148,0.06596671400881784,0.14945964508665038,-0.07940323024329894,0.03868265246132563,-0.059446512845073164,-0.007220109619174751,-0.013758044548333887,0.008067216390483214,-0.005286675093448924,0.0008995004253328463,4.5557552374737555e-06
-311.52,0.92,0.025,0.009797958971132711,0.5248792922602417,0.5278473586035246,-0.005592784442413723,0.0812822410346934,0.1914001666253056,-0.0005112911965571943,0.0003845945968955463,0.0006852886613450231,0.00017273215533903462,4.132282504935016e-07,-0.004733732752058975,0.0687972888117645,0.16200110103165866,-0.0004327568687660093,0.02906360716839385,0.06602735547361717,0.14948136216376223,-0.07941463337515593,0.038682251810886956,-0.059556034629592136,-0.007244871580663845,-0.013805215454049677,0.008067216390483212,-0.005286675093448925,0.000902453858465662,4.569718924740097e-06
-311.36,0.92,0.025,0.009797958971132711,0.5248792922602417,0.5278473586035246,-0.005531163170761442,0.08139193195333157,0.1914279980010848,-0.000511230708118726,0.00038567160927576393,0.0006858477900796773,0.00017332383412268975,4.145749048542435e-07,-0.004681576507732484,0.06889013120529984,0.16202465750811818,-0.0004327056713516897,0.02915705752114074,0.06608799623724407,0.1495031538162348,-0.0794260755529147,0.03868175788249914,-0.05966569749256757,-0.007269693743676389,-0.013852501103851418,0.008067216390483212,-0.005286675093448925,0.0009054134849664187,4.5837081883335416e-06
-311.2,0.92,0.025,0.009797958971132711,0.5248792922602417,0.5278473586035246,-0.005469369428019844,0.08150171231737371,0.19145592477388687,-0.0005111699005422877,0.0003867504858863697,0.0006864067285911483,0.00017391694997258866,4.1592515174736145e-07,-0.0046292742838759966,0.06898304930542512,0.16204829472861784,-0.0004326542038189923,0.02925067990009462,0.06614863615328119,0.14952502020965244,-0.07943755686334596,0.03868117043623101,-0.05977550153716143,-0.007294576168939276,-0.013899901614342815,0.008067216390483214,-0.005286675093448927,0.0009083793043248586,4.597723008224359e-06
-311.03999999999996,0.92,0.025,0.009797958971132711,0.5248792922602417,0.5278473586035246,-0.005407402915732379,0.08161158209623824,0.19148394715515932,-0.0005111087731982648,0.000387831228973402,0.000686965475054885,0.0001745115043305408,4.172789992039981e-07,-0.004576825827875886,0.06907604308625605,0.16207201287212686,-0.0004326024656350113,0.029344474526663,0.0662092750749347,0.14954696150964633,-0.07944907739324805,0.03868048923175428,-0.059885446866465686,-0.00731951891656031,-0.013947417100950191,0.008067216390483214,-0.005286675093448926,0.0009113513159221698,4.6117633637562545e-06
-310.88,0.92,0.025,0.009797958971132711,0.5248792922602417,0.5278473586035246,-0.00534526333508307,0.08172154125905125,0.19151206535641466,-0.0005110473254600668,0.0003889138407842539,0.0006875240276420778,0.00017510749862355418,4.1863645523165853e-07,-0.004524230886814311,0.06916911252166098,0.16209581211766938,-0.0004325504562694006,0.029438441622414897,0.06626991285503368,0.14956897788189735,-0.07946063722944857,0.03867971402834298,-0.059995533583501875,-0.007344522046025537,-0.01399504767791738,0.008067216390483214,-0.005286675093448926,0.000914329519030646,4.6258292336451286e-06
-310.72,0.92,0.025,0.009797958971132711,0.5248792922602417,0.5278473586035246,-0.005282950386896205,0.0818315897746459,0.19154027958923217,-0.0005109855567041368,0.0003899983235676716,0.0006880823845196526,0.00017570493426378135,4.1999752781375274e-07,-0.004471489207468948,0.06926225758526029,0.16211969264432613,-0.00043249817519438143,0.02953258140908084,0.06633054934602958,0.1495910694921372,-0.07947223645880505,0.038678844584873084,-0.06010576179122068,-0.007369585616197009,-0.014042793458301426,0.008067216390483214,-0.005286675093448926,0.0009173139128134072,4.639920595976428e-06
-310.56,0.92,0.025,0.009797958971132711,0.5248792922602417,0.5278473586035246,-0.005220463771636189,0.08194172761156175,0.19156859006526092,-0.0005109234663099417,0.0003910846795737524,0.0006886405438502633,0.00017630381264845617,4.2136222490925697e-07,-0.004418600536312871,0.06935547825042587,0.16214365463123684,-0.0004324456218847346,0.029626894108552654,0.06639118439999551,0.14961323650615102,-0.0794838751682062,0.03867788065982199,-0.06021613159250148,-0.007394709685310153,-0.014090654553967494,0.008067216390483214,-0.005286675093448926,0.0009203044963240638,4.654037428202848e-06
-310.4,0.92,0.025,0.009797958971132711,0.5248792922602417,0.5278473586035246,-0.005157803189407298,0.082051954738044,0.1915969969962221,-0.0005108610536599968,0.0003921729110539426,0.0006891985037922862,0.0001769041351598392,4.227305544522672e-07,-0.004365564619514337,0.06944877449028045,0.16216769825760238,-0.00043239279581782134,0.029721379942883402,0.06645181786862563,0.14963547908977903,-0.0794955534445728,0.03867682201126814,-0.06032664309015193,-0.007419894310971498,-0.014138631075584508,0.008067216390483214,-0.005286675093448927,0.0009233012685064343,4.6681797071418185e-06
-310.24,0.92,0.025,0.009797958971132711,0.5248792922602417,0.5278473586035246,-0.005094968339953472,0.08216227112204283,0.19162550059391262,-0.0005107983181398827,0.000393263020261036,0.0006897562624998124,0.000177505903165161,4.2410252435170845e-07,-0.004312381202936619,0.06954214627769706,0.16219182370268764,-0.0004323396964735968,0.029816039134287237,0.06651244960323449,0.14965779740891946,-0.07950727137485943,0.03867566839689051,-0.060437296386907556,-0.0074451395501563085,-0.014186723132620607,0.008067216390483214,-0.005286675093448924,0.0009263042281942423,4.682347408973672e-06
-310.08,0.92,0.025,0.009797958971132711,0.5248792922602417,0.5278473586035246,-0.005031958922658094,0.0822726767312128,0.19165410107020672,-0.0005107352591382392,0.00039435500944917206,0.0006903138181226414,0.000178109118016568,4.2547814249108896e-07,-0.004259050032137811,0.06963559358529851,0.16221603114582298,-0.00043228632333460566,0.029910871905139347,0.06657307945475652,0.1496801916295297,-0.07951902904605489,0.03867441957396814,-0.060548091585431306,-0.007470445459206335,-0.014234930833338823,0.008067216390483214,-0.005286675093448926,0.0009293133741108411,4.6965405092400925e-06
-309.92,0.92,0.025,0.009797958971132711,0.5248792922602417,0.5278473586035246,-0.0049687746365437825,0.08238317153291204,0.19168279863705878,-0.0005106718760468103,0.00039544888087383336,0.0006908711688062749,0.00017871378105106914,4.268574167278825e-07,-0.004205570852370658,0.06972911638545676,0.16224032076640657,-0.0004322326758860202,0.03000587847797577,0.0666337072737453,0.1497026619176286,-0.07953082654518352,0.038673075299379786,-0.06065902878831307,-0.007495812093827597,-0.014283254284792775,0.008067216390483214,-0.005286675093448925,0.0009323287048689344,4.710758982840828e-06
-309.76,0.92,0.025,0.009797958971132711,0.5248792922602417,0.5278473586035246,-0.00490541518027215,0.08249375549420163,0.1917115935065075,-0.0005106081682604154,0.00039654463679184455,0.0006914283126919092,0.00017931989359048207,4.282403548932677e-07,-0.0041519434085823485,0.06982271465029226,0.16226469274390795,-0.0004321787536156156,0.03010105907549335,0.06669433291037295,0.1497252084392996,-0.07954266395930684,0.038671635329603306,-0.06077010809806935,-0.007521239509088149,-0.014331693592822384,0.008067216390483216,-0.005286675093448926,0.0009353502189702915,4.725002804031874e-06
-309.6,0.92,0.025,0.009797958971132711,0.5248792922602417,0.5278473586035246,-0.004841880252143631,0.08260442858184491,0.1917404858906763,-0.0005105441351769539,0.00039764227946137003,0.0006919852479164292,0.00017992745694138303,4.2962696479197037e-07,-0.00409816744541437,0.06991638835167353,0.16228914725786842,-0.0004321245560137738,0.030196413920549572,0.06675495621442955,0.14974783136069122,-0.07955454137552385,0.038670099420715316,-0.06088132961714273,-0.007546727759415987,-0.014380248862049866,0.008067216390483214,-0.005286675093448926,0.0009383779148054977,4.739271946424562e-06
-309.44,0.92,0.025,0.009797958971132711,0.5248792922602417,0.5278473586035246,-0.004778169550097246,0.08271519076230675,0.1917694760017781,-0.0005104797761974942,0.0003987418111419115,0.0006925419726124019,0.0001805364723950581,4.3101725420149807e-07,-0.004044242707202309,0.07001013746121644,0.16231368448790498,-0.0004320700825735591,0.030291943236162435,0.06681557703532241,0.14977053084802064,-0.07956645888097288,0.038668467328390736,-0.06099269344790149,-0.007572276898597036,-0.014428920195875786,0.008067216390483214,-0.005286675093448926,0.0009414117906536955,4.753566382981755e-06
-309.28,0.92,0.025,0.009797958971132711,0.5248792922602417,0.5278473586035246,-0.004714282771710374,0.08282604200175293,0.19179856405211693,-0.0005104150907261731,0.00039984323409430713,0.0006930984849080687,0.0001811469412274511,4.3241123087224034e-07,-0.00399016893797566,0.07010396195028369,0.16233830461371176,-0.0004320153327906329,0.0303876472455104,0.06687619522207557,0.14979330706757493,-0.07957841656283228,0.038666738807902265,-0.061104199692639145,-0.007597886979772967,-0.014477707696474926,0.00806721639048321,-0.005286675093448923,0.00094445184468232,4.767886086017728e-06
-309.12,0.92,0.025,0.009797958971132711,0.5248792922602417,0.5278473586035246,-0.004650219614198567,0.08293698226604931,0.19182775025409163,-0.0005103500781703002,0.000400946550580729,0.00069365478292734,0.00018175886469911962,4.3380890252667347e-07,-0.003935945881457667,0.07019786178998415,0.16236300781506316,-0.00043196030616334213,0.030483526171932184,0.06693681062332901,0.1498161601857142,-0.07959041450832206,0.03866491361411999,-0.06121584845357405,-0.007623558055439395,-0.014526611464792736,0.008067216390483216,-0.005286675093448927,0.0009474980749468716,4.782231027194416e-06
-308.96,0.92,0.025,0.009797958971132711,0.5248792922602417,0.5278473586035246,-0.0045859797744153205,0.08304801152076136,0.19185703482019725,-0.000510284737940323,0.00040205176286468066,0.0006942108647897868,0.00018237224405518625,4.352102768593899e-07,-0.0038815732810651275,0.07029183695117242,0.16238779427181496,-0.00043190500219268934,0.03057958023892674,0.06699742308733822,0.14983909036887233,-0.07960245280470439,0.038662991501510896,-0.06132763983284887,-0.007649290177443826,-0.01457563160054144,0.008067216390483214,-0.005286675093448924,0.0009505504793906721,4.796601177521322e-06
-308.8,0.92,0.025,0.009797958971132711,0.5248792922602417,0.5278473586035246,-0.004521562948851857,0.0831591297311532,0.19188641796302897,-0.0005102190694498056,0.0004031588732109964,0.0006947667286106358,0.00018298708052529483,4.366153615364692e-07,-0.003827050879908212,0.07038588740444808,0.16241266416390773,-0.0004318494203823155,0.030675809670153053,0.06705803246197341,0.14986209778356027,-0.07961453153928522,0.03866097222413841,-0.061439573932530286,-0.007675083396983867,-0.014624768202196516,0.008067216390483216,-0.005286675093448926,0.0009536090558446385,4.810996507352053e-06
-308.64,0.92,0.025,0.009797958971132711,0.5248792922602417,0.5278473586035246,-0.00445696883363693,0.08327033686218716,0.1919158998952843,-0.0005101530721155403,0.00040426788388583815,0.0006953223725007614,0.00018360337532356645,4.3802416419526404e-07,-0.0037723784207902974,0.07048001312015521,0.16243761767136863,-0.0004317935602385933,0.03077221468943007,0.06711863859471891,0.14988518259636774,-0.07962665079941522,0.03865885553566196,-0.06155165085460841,-0.007700937764605384,-0.014674021366993176,0.008067216390483217,-0.005286675093448927,0.0009566738020270618,4.825416986383727e-06
-308.48,0.92,0.025,0.009797958971132711,0.5248792922602417,0.5278473586035246,-0.004392197124536589,0.08338163287852288,0.19194548082976676,-0.0005100867453574447,0.00040537879715669414,0.0006958777945666794,0.00018422112964855462,4.3943669244400926e-07,-0.003717555646207769,0.07057421406838177,0.16246265497431459,-0.0004317374212705412,0.030868795520736562,0.06717924133267256,0.14990834497396602,-0.07963881067249136,0.03865664118933649,-0.061663870700996416,-0.007726853330200646,-0.014723391190922768,0.008067216390483216,-0.005286675093448927,0.0009597447155433777,4.839862583654381e-06
-308.32,0.92,0.025,0.009797958971132711,0.5248792922602417,0.5278473586035246,-0.004327247516953987,0.08349301774451671,0.1919751609793872,-0.0005100200885986435,0.0004064916152923767,0.0006964329929105404,0.00018484034468320903,4.40852953861555e-07,-0.0036625822983498545,0.07066849021895895,0.16248777625295333,-0.0004316810029898919,0.030965552388211002,0.0672398405225451,0.149931585083109,-0.07965101124595732,0.03865432893801208,-0.06177623357353013,-0.0077528301430068195,-0.014772877768729886,0.008067216390483214,-0.005286675093448926,0.0009628217938859928,4.854333267542125e-06
-308.15999999999997,0.92,0.025,0.009797958971132711,0.5248792922602417,0.5278473586035246,-0.00426211970592915,0.08360449142422102,0.1920049405571677,-0.0005099531012654447,0.00040760634056302036,0.0006969879656301226,0.0001854610215948289,4.422729559967356e-07,-0.003607458119098433,0.07076284154146067,0.16251298168758677,-0.0004316243049110724,0.03106248551615146,0.06730043601065945,0.14995490309063628,-0.07966325260730532,0.03865191853413336,-0.0618887395739675,-0.0077788682516040574,-0.014822481193908603,0.008067216390483214,-0.005286675093448924,0.0009659050344340452,4.868829005761668e-06
-308.0,0.92,0.025,0.009797958971132711,0.5248792922602417,0.5278473586035246,-0.004196813386138794,0.08371605388138342,0.19203481977624381,-0.0005098857827873721,0.00040872297524007986,0.0006975427108188253,0.00018608316153502898,4.4369670636855954e-07,-0.003552182850027876,0.07085726800520294,0.16253827145861277,-0.00043156732655123174,0.031159595129015446,0.06736102764295014,0.14997829916347483,-0.07967553484407677,0.03864940972973917,-0.06200138880398821,-0.007804967703914043,-0.014872201558699774,0.008067216390483216,-0.005286675093448927,0.0009689944344532398,4.8833497653656585e-06
-307.84000000000003,0.92,0.025,0.009797958971132711,0.5248792922602417,0.5278473586035246,-0.004131328251896089,0.08382770507944619,0.19206479884986802,-0.0005098181325971455,0.00040984152159632763,0.0006980972265656622,0.0001867067656396994,4.4512421246522245e-07,-0.00349675623240485,0.07095176957924326,0.1625636457465283,-0.00043151006743022397,0.03125688145141983,0.06742161526496268,0.1500017734686418,-0.07968785804386397,0.03864680227646204,-0.06211418136519319,-0.007831128547198385,-0.01492203895408778,0.008067216390483214,-0.005286675093448925,0.000972089991095647,4.8978955127394885e-06
-307.68,0.92,0.025,0.009797958971132711,0.5248792922602417,0.5278473586035246,-0.00406566399715045,0.08393944498154543,0.19209487799141148,-0.0005097501501307296,0.0004109619819058531,0.0006986515109552546,0.00018733183502897102,4.465554817442319e-07,-0.0034411780071881407,0.07104634623238006,0.1625891047319307,-0.0004314525270706495,0.031354344708140684,0.0674821987218529,0.1500253261732458,-0.07970022229431076,0.03864409592552775,-0.062227117359104286,-0.007857350828057141,-0.014971993469797782,0.008067216390483216,-0.005286675093448927,0.0009751917013995374,4.9124662136024184e-06
-307.52,0.92,0.025,0.009797958971132711,0.5248792922602417,0.5278473586035246,-0.0039998203154873345,0.08405127355051048,0.1921250574143673,-0.0005096818348272983,0.0004120843584440591,0.0006992055620678243,0.00018795837080717807,4.4799052163192926e-07,-0.0033854479150284803,0.07114099793315207,0.1626146485955205,-0.00043139470499782535,0.031451985124113194,0.0675427778583863,0.15004895744448954,-0.07971262768311375,0.03864129042775487,-0.06234019688716366,-0.007883634592427288,-0.01502206519429271,0.008067216390483214,-0.005286675093448926,0.0009782995622891987,4.927061833005038e-06
-307.36,0.92,0.025,0.009797958971132711,0.5248792922602417,0.5278473586035246,-0.003933796900128047,0.08416319074886314,0.19215533733235393,-0.000509613186129273,0.00041320865348766077,0.0006997593779791874,0.00018858637406282696,4.4942933952318505e-07,-0.003329565696268379,0.07123572464983777,0.16264027751810436,-0.0004313366007398167,0.03154980292443147,0.06760335251893745,0.15007266744967226,-0.07972507429802392,0.03863838553355433,-0.062453420050733434,-0.007909979885581427,-0.015072254214770764,0.008067216390483214,-0.005286675093448925,0.0009814135705747823,4.941682335328102e-06
-307.2,0.92,0.025,0.009797958971132711,0.5248792922602417,0.5278473586035246,-0.003867593443929494,0.08427519653881696,0.19218571795911685,-0.000509544203482343,0.0004143348693146835,0.0007003129567607468,0.00018921584586856165,4.5087194278083575e-07,-0.0032735310909419242,0.07133052635045468,0.1626659916805965,-0.0004312782138274551,0.031647798334348484,0.06766392254748928,0.1500964563561914,-0.07973756222684718,0.03863538099292887,-0.06256678695109522,-0.007936386752126373,-0.015122560617162615,0.008067216390483214,-0.005286675093448928,0.0009845337229521416,4.956327684279957e-06
-307.03999999999996,0.92,0.025,0.009797958971132711,0.5248792922602417,0.5278473586035246,-0.0038012096393839883,0.0843872908822766,0.19221619950853172,-0.0005094748863354301,0.00041546300820446025,0.0007008662964794859,0.0001898467872811331,4.5231833873578594e-07,-0.003217343838774608,0.07142540300275892,0.16269179126402125,-0.000431219543794308,0.031745971579275944,0.0677244877876325,0.15012032433154474,-0.07975009155744577,0.0386322765554727,-0.06268029768944965,-0.007962855236001858,-0.015172984486128986,0.008067216390483216,-0.0052866750934489285,0.0009876600160026868,4.970997842897173e-06
-306.88,0.92,0.025,0.009797958971132711,0.5248792922602417,0.5278473586035246,-0.0037346451786190622,0.08449947374083709,0.1922467821946071,-0.0005094052341407262,0.00041659307243763037,0.0007014193951979616,0.0001904791993413687,4.5376853468619716e-07,-0.0031610036791831744,0.07152035457424452,0.16271767644951546,-0.0004311605901767107,0.03184432288478411,0.067785048082565,0.15014427154333274,-0.07976266237773925,0.03862907197037097,-0.06279395236691597,-0.007989385380479306,-0.015223525905058174,0.008067216390483217,-0.0052866750934489285,0.0009907924461932413,4.9856927735408165e-06
-306.72,0.92,0.025,0.009797958971132711,0.5248792922602417,0.5278473586035246,-0.003667899753397246,0.08461174507578309,0.19227746623148764,-0.0005093352463537136,0.0004177250642961369,0.0007019722509742975,0.00019111308307414508,4.552225378975199e-07,-0.0031045103512754293,0.07161538103214281,0.16274364741833114,-0.00043110135251378317,0.0319428524766017,0.0678456032750911,0.15016829815926083,-0.07977527477570608,0.038625766986399315,-0.06290775108453157,-0.008015977228160687,-0.015274184956063874,0.008067216390483216,-0.0052866750934489285,0.0009939310098759126,5.000412437897062e-06
-306.56,0.92,0.025,0.009797958971132711,0.5248792922602417,0.5278473586035246,-0.0036009730551158255,0.0847241048480882,0.1923082518334559,-0.0005092649224331442,0.00041885898606322476,0.0007025248618621772,0.00019174843948835938,4.5668035560196736e-07,-0.0030478635938500347,0.07171048234342187,0.16276970435183707,-0.0004310418303474133,0.032041560580615795,0.06790615320762095,0.15019240434714104,-0.07978792883938408,0.038622361351923436,-0.06302169394325152,-0.008042630820977349,-0.015324961719982865,0.008067216390483216,-0.00528667509344893,0.0009970757032879652,5.015156796974737e-06
-306.4,0.92,0.025,0.009797958971132711,0.5248792922602417,0.5278473586035246,-0.003533864774806698,0.08483655301841429,0.19233913921493598,-0.0005091942618410691,0.0004199948400234385,0.0007030772259108371,0.00019238526957690306,4.5814199499829803e-07,-0.0029910631453963893,0.07180565847478586,0.1627958474315218,-0.0004309820232222809,0.032140447422871636,0.06796669772216993,0.15021659027489473,-0.07980062465687215,0.03861885481489857,-0.0631357810439481,-0.00806934620018893,-0.015375856276372916,0.008067216390483216,-0.0052866750934489285,0.0010002265225516993,5.0299258111047175e-06
-306.24,0.92,0.025,0.009797958971132711,0.5248792922602417,0.5278473586035246,-0.0034665746031360962,0.0849490895471107,0.1923701285904951,-0.000509123264042837,0.0004211326284626205,0.00070362934116506,0.00019302357431663685,4.5960746325137437e-07,-0.002934108744094392,0.0719009093926745,0.16282207683899505,-0.00043092193068585723,0.03223951322957255,0.06802723666035797,0.1502408561105538,-0.07981336231633086,0.0386152471228691,-0.06325001248741038,-0.008096123406382338,-0.01542686870351077,0.008067216390483216,-0.005286675093448929,0.0010033834636743412,5.044719439938098e-06
-306.08,0.92,0.025,0.009797958971132711,0.5248792922602417,0.5278473586035246,-0.003399102230404452,0.0850617143942136,0.1924012201748473,-0.0005090519285071203,0.00042227235366790845,0.0007041812056651679,0.00019366335466836868,4.6107676749198905e-07,-0.0028770001278143283,0.0719962350632624,0.16284839275599075,-0.00043086155228842663,0.032338758227079815,0.06808776986340889,0.15026520202226354,-0.07982614190598394,0.038611538022968066,-0.06336438837434374,-0.008122962479470837,-0.01547799907839036,0.008067216390483214,-0.0052866750934489285,0.001006546522547947,5.059537642445878e-06
-305.92,0.92,0.025,0.009797958971132711,0.5248792922602417,0.5278473586035246,-0.0033314473465461125,0.08517442751944529,0.19243241418285528,-0.0005089802547058759,0.00042341401792773384,0.0007047328174470155,0.00019430461157682975,4.625499148164145e-07,-0.0028197370341166298,0.0720916354524585,0.16287479536436872,-0.00043080088758305334,0.032438182641912505,0.0681482971721498,0.15028962817828437,-0.07983896351411912,0.03860772726191669,-0.06347890880536948,-0.008149863458693073,-0.015529247476720897,0.008067216390483214,-0.0052866750934489285,0.001009715694949299,5.074380376916916e-06
-305.76,0.92,0.025,0.009797958971132711,0.5248792922602417,0.5278473586035246,-0.003263609641129204,0.0852872288822134,0.19246371082953376,-0.0005089082421143917,0.00042455762353181927,0.000705284174541983,0.00019494734597065504,4.640269122861314e-07,-0.0027623192002517584,0.07218711052590543,0.16290128484611738,-0.0004307399361256211,0.03253778670074736,0.06820881842701043,0.15031413474699393,-0.07985182722908941,0.03860381458602395,-0.06359357388102424,-0.008176826382612275,-0.015580613972925294,0.008067216390483214,-0.00528667509344893,0.001012890976539824,5.089247600957293e-06
-305.6,0.92,0.025,0.009797958971132711,0.5248792922602417,0.5278473586035246,-0.0031955888033553745,0.08540011844161026,0.1924951103300514,-0.0005088358902113178,0.0004257031727711765,0.0007058352749769692,0.00019559155876236134,4.6550776692750763e-07,-0.002704746363159989,0.07228266024897893,0.16292786138335552,-0.0004306786974748594,0.03263757063041868,0.06826933346802247,0.1503387218968891,-0.0798647331393141,0.03859979974118608,-0.06370838370175964,-0.008203851289115351,-0.0156320986401384,0.008067216390483216,-0.00528667509344893,0.0010160723628655048,5.104139271489367e-06
-305.44,0.92,0.025,0.009797958971132711,0.5248792922602417,0.5278473586035246,-0.0031273845220596147,0.08551309615641209,0.1925266128997338,-0.000508763198478625,0.00042685066793810445,0.000706386116774385,0.0001962372508483326,4.6699248573150754e-07,-0.002647018259471258,0.07237828458678719,0.1629545251583347,-0.0004306171711923082,0.03273753465791816,0.06832984213481888,0.15036338979658803,-0.07987768133327977,0.03859568247288614,-0.06382333836794181,-0.008230938215412306,-0.01568370155020582,0.008067216390483214,-0.005286675093448931,0.0010192598493568238,5.119055344750676e-06
-305.28,0.92,0.025,0.009797958971132711,0.5248792922602417,0.5278473586035246,-0.003058996485710034,0.0856261619850784,0.19255821875406534,-0.0005086901664016128,0.0004280001113261871,0.0007069366979521463,0.00019688442310879923,4.6848107565347036e-07,-0.002589134625504973,0.07247398350417036,0.16298127635344092,-0.00043055535684232506,0.032837679010394784,0.06839034426663342,0.1503881386148317,-0.07989067189954123,0.03859146252619355,-0.06393843797985085,-0.008258087198035368,-0.015735422773682246,0.008067216390483216,-0.005286675093448931,0.0010224534313286841,5.133995776293434e-06
-305.12,0.92,0.025,0.009797958971132711,0.5248792922602417,0.5278473586035246,-0.0029904243824076973,0.08573931588575118,0.19258992810869333,-0.0005086167934689543,0.00042915150523029094,0.0007074870165236668,0.00019753307640782403,4.6997354361247296e-07,-0.002531095197269875,0.0725697569656998,0.16300811515119804,-0.00043049325399212296,0.03293800391515465,0.06845083970229976,0.15041296852048708,-0.07990370492672316,0.038587139645763595,-0.06405368263768048,-0.008285298272838469,-0.01578726237983032,0.008067216390483214,-0.005286675093448931,0.001025653103980352,5.148960520982084e-06
-304.96,0.92,0.025,0.009797958971132711,0.5248792922602417,0.5278473586035246,-0.002921667899886345,0.08585255781625417,0.19262174117942873,-0.0005085430791726831,0.00043030485194656354,0.0007080370704978518,0.00019818321159328879,4.714698964914089e-07,-0.0024728997104638026,0.07266560493567753,0.1630350417342685,-0.000430430862211759,0.03303850959966087,0.06851132828025099,0.15043787968254785,-0.0799167805035204,0.038582713575837035,-0.06416907244153752,-0.008312571474996654,-0.01583922043661956,0.008067216390483214,-0.005286675093448931,0.0010288588623954228,5.163949532994409e-06
-304.8,0.92,0.025,0.009797958971132711,0.5248792922602417,0.5278473586035246,-0.0028527267255122695,0.08596588773409225,0.19265365818224925,-0.0005084690230082108,0.00043146015377243044,0.0007085868578790907,0.00019883482949687898,4.7297014113641494e-07,-0.002414547900473585,0.07276152737813568,0.16306205628545578,-0.00043036818107414964,0.03313919629153344,0.06857180983851896,0.15046287227013658,-0.07992989871869931,0.038578184060239565,-0.06428460749144144,-0.008339906839005491,-0.015891297010725117,0.008067216390483212,-0.005286675093448931,0.0010320707015417643,5.178962765819336e-06
-304.64,0.92,0.025,0.009797958971132711,0.5248792922602417,0.5278473586035246,-0.002783600546284044,0.08607930559645056,0.19268567933330202,-0.0005083946244742908,0.0004326174130065938,0.0007091363766672501,0.00019948793093407392,4.7447428435676426e-07,-0.002356039502374815,0.07285752425683577,0.16308915898770684,-0.0004303052101550397,0.03324006421854906,0.06863228421473357,0.15048794645250707,-0.0799430596610988,0.03857355084238139,-0.06440028788732383,-0.008367304398680667,-0.015943492167526975,0.008067216390483214,-0.005286675093448933,0.001035288616271493,5.194000172256949e-06
-304.48,0.92,0.025,0.009797958971132711,0.5248792922602417,0.5278473586035246,-0.002714289048832366,0.08619281136019394,0.19271780484890602,-0.0005083198830730947,0.0004337766319490299,0.0007096856248576675,0.00020014251670413444,4.759823329244024e-07,-0.0022973742509317147,0.07295359553526816,0.16311635002411407,-0.0004302419490330674,0.033341113608641046,0.06869275124612212,0.150513102399046,-0.07995626341963134,0.038568813665256794,-0.06451611372902807,-0.008394764187157504,-0.01599580597110896,0.008067216390483214,-0.005286675093448932,0.0010385126013209363,5.209061704417264e-06
-304.32,0.92,0.025,0.009797958971132711,0.5248792922602417,0.5278473586035246,-0.0026447919194198324,0.08630640498186604,0.192750034945554,-0.0005082447983101589,0.00043493781290098685,0.0007102346004411437,0.00020079858759009726,4.774942935736992e-07,-0.002238551880596946,0.07304974117665142,0.16314362957791692,-0.0004301783972897185,0.03344234468989914,0.06875321076950873,0.1505383402792747,-0.07996951008328389,0.038563972271443606,-0.06463208511630876,-0.008422286236890734,-0.016048238484258275,0.008067216390483214,-0.005286675093448933,0.0010417426513106372,5.224147313719543e-06
-304.15999999999997,0.92,0.025,0.009797958971132711,0.5248792922602417,0.5278473586035246,-0.002575108843940725,0.08642008641768872,0.19278236983991548,-0.0005081693696944219,0.00043610095816498244,0.0007107833014039359,0.00020145614435876236,4.790101730012633e-07,-0.0021795721255114297,0.07314596114393174,0.16317099783250447,-0.00043011455450935873,0.033543757690569415,0.06881366262131362,0.15056366026285123,-0.07998279974111891,0.038559026403102784,-0.06474820214883126,-0.008449870579653995,-0.016100789768464494,0.008067216390483216,-0.005286675093448932,0.0010449787607453155,5.239256950892306e-06
-304.0,0.92,0.025,0.009797958971132711,0.5248792922602417,0.5278473586035246,-0.002505239507920834,0.08653385562356126,0.19281480974883805,-0.0005080935967382357,0.0004372660700448021,0.000711331725727751,0.0002021151877606902,4.805299778654503e-07,-0.002120434719504194,0.07324225539978226,0.16319845497141652,-0.0004300504202792427,0.03364535283905411,0.06887410663755245,0.15058906251957155,-0.07999613248227509,0.03855397580197794,-0.06486446492617123,-0.008477517246539744,-0.01615345988391929,0.008067216390483217,-0.005286675093448933,0.001048220924013887,5.254390565971805e-06
-303.84000000000003,0.92,0.025,0.009797958971132711,0.5248792922602417,0.5278473586035246,-0.0024351835965172553,0.0866477125550597,0.19284735488935104,-0.0005080174789573546,0.0004384331508454965,0.000711879871389739,0.00020277571853019556,4.820537147862235e-07,-0.002061139396092205,0.07333862390660253,0.16322600117834674,-0.00042998599418950494,0.033747130363911484,0.06893454265383574,0.15061454721937234,-0.08000950839596889,0.03854882020939492,-0.06498087354781425,-0.008505226267959007,-0.01620624888951598,0.008067216390483216,-0.005286675093448931,0.0010514691353894602,5.269548108302116e-06
-303.68,0.92,0.025,0.009797958971132711,0.5248792922602417,0.5278473586035246,-0.0023649407945181516,0.08676165716743596,0.19288000547866702,-0.0005079410158709361,0.00043960220287337943,0.0007124277363624853,0.00020343773738534346,4.835813903448038e-07,-0.0020016858884801636,0.0734350666265178,0.16325363663714376,-0.00042992127583316034,0.03384909049385571,0.06899497050536811,0.15064011453233225,-0.08002292757149494,0.03854355936626125,-0.06509742811315518,-0.008532997673641244,-0.016259156842849145,0.008067216390483214,-0.005286675093448931,0.0010547233890293493,5.284729526534294e-06
-303.52,0.92,0.025,0.009797958971132711,0.5248792922602417,0.5278473586035246,-0.0022945107863425705,0.08687568941561727,0.19291276173418292,-0.0005078642070015686,0.00044077322843602556,0.000712975318614004,0.0002041012450279466,4.851130110833749e-07,-0.0019420739295603518,0.07353158352137847,0.16328136153181244,-0.00042985626480612765,0.03395123345775669,0.0690553900269477,0.15066576462867262,-0.08003639009822676,0.03853819301306573,-0.06521412872149784,-0.008560831492634258,-0.016312183800214448,0.008067216390483216,-0.005286675093448933,0.0010579836789751022,5.299934768626041e-06
-303.36,0.92,0.025,0.009797958971132711,0.5248792922602417,0.5278473586035246,-0.0022238932560402704,0.08698980925420542,0.19294562387348496,-0.0005077870518752701,0.0004419462298422679,0.0007135226161077315,0.0002047662421435644,4.866485835048331e-07,-0.001882303251912485,0.07362817455275947,0.16330917604651768,-0.00042979096070722866,0.034053559484639964,0.06911580105296557,0.15069149767876147,-0.08004989606561869,0.03853272088987802,-0.06533097547205446,-0.008588727753304175,-0.016365329816608508,0.008067216390483214,-0.005286675093448929,0.0010612499991525149,5.315163781841301e-06
-303.2,0.92,0.025,0.009797958971132711,0.5248792922602417,0.5278473586035246,-0.0021530878872914987,0.08710401663747586,0.1929785921143481,-0.0005077095500214885,0.00044312120940219615,0.0007140696268025183,0.00020543272940150365,4.88188114072538e-07,-0.0018223735878035246,0.07372483968195957,0.16333708036558423,-0.00042972536313818786,0.03415606880368645,0.06917620341740481,0.15071731385311296,-0.08006344556320558,0.038527142736348045,-0.06544796846394518,-0.008616686483335497,-0.016418594945728976,0.008067216390483214,-0.005286675093448932,0.0010645223433716857,5.33041651275015e-06
-303.03999999999996,0.92,0.025,0.009797958971132711,0.5248792922602417,0.5278473586035246,-0.0020820943634067553,0.08721831151937721,0.19301166667473976,-0.0005076317009731039,0.00044429816942715393,0.0007146163486526236,0.00020610070745481903,4.897316092098755e-07,-0.0017622846691874778,0.07382157887000088,0.16336507467349975,-0.0004296594717036352,0.03425876164423247,0.06923659695384017,0.1507432133223904,-0.08007703868060452,0.03852145829170567,-0.06556510779619774,-0.008644707709731147,-0.01647197923997455,0.008067216390483214,-0.005286675093448932,0.0010678007053270453,5.345692907227546e-06
-302.88,0.92,0.025,0.009797958971132711,0.5248792922602417,0.5278473586035246,-0.002010912367326656,0.08733269385353036,0.1930448477728205,-0.0005075535042664447,0.0004454771122297366,0.000715162779607707,0.00020677017694031662,4.912790753001827e-07,-0.0017020362277052818,0.0739183920776281,0.16339315915491529,-0.0004295932860111188,0.034361638235769494,0.06929698149543721,0.15076919625740673,-0.08009067550751499,0.03851566729476016,-0.06568239356774676,-0.008672791458812631,-0.01652548275044523,0.008067216390483214,-0.005286675093448932,0.0010710850785974207,5.3609929104542145e-06
-302.72,0.92,0.025,0.009797958971132711,0.5248792922602417,0.5278473586035246,-0.0019395415816216817,0.08744716359322775,0.19307813562694745,-0.0005074749594412944,0.0004466580401237891,0.0007157089176128217,0.00020744113847855826,4.928305186863687e-07,-0.0016416279946845915,0.07401527926530797,0.16342133399464834,-0.0004295268056711116,0.034464698807943984,0.06935735687495173,0.15079526282912717,-0.08010435613372031,0.038509769483899677,-0.06579982587743344,-0.008700937756220259,-0.01657910552694268,0.008067216390483214,-0.005286675093448932,0.0010743754566460895,5.376316466915827e-06
-302.56,0.92,0.025,0.009797958971132711,0.5248792922602417,0.5278473586035246,-0.0018679816884920103,0.08756172069143267,0.19311153045567586,-0.0005073960660408868,0.0004478409554244038,0.0007162547606084082,0.00020811359267386683,4.943859456705961e-07,-0.0015810597011396376,0.07411224039322861,0.16344959937768405,-0.00042946003029700655,0.0345679435905573,0.069417722924729,0.15082141320867046,-0.08011808064908832,0.03850376459709094,-0.06591740482400504,-0.008729146626913376,-0.016632847617970625,0.008067216390483214,-0.005286675093448931,0.0010776718328208478,5.391663520402514e-06
-302.4,0.92,0.025,0.009797958971132711,0.5248792922602417,0.5278473586035246,-0.0017962323697673032,0.08767636510077857,0.19314503247776058,-0.0005073168236119236,0.00044902586044791786,0.0007168003065302867,0.00020878754011433213,4.959453625140821e-07,-0.0015203310777710454,0.07420927542129899,0.16347795548917657,-0.00042939295950513215,0.034671372813565554,0.06947807947670331,0.15084764756731003,-0.08013184914357192,0.03849765237187864,-0.06603513050611438,-0.008757418095170638,-0.0166867090707353,0.008067216390483212,-0.005286675093448932,0.0010809742003540848,5.4070340140091615e-06
-302.24,0.92,0.025,0.009797958971132711,0.5248792922602417,0.5278473586035246,-0.0017242933069065074,0.08779109677356817,0.19317864191215825,-0.0005072372317045532,0.00045021275751191096,0.0007173455533096503,0.00020946298137182055,4.975087754368479e-07,-0.0014594418549656678,0.0743063843091481,0.16350640251445075,-0.0004293255929147339,0.03477498670707938,0.06953842636239704,0.15087396607647577,-0.08014566170721008,0.03849143254538504,-0.06615300302231938,-0.00878575218459044,-0.016740689931146226,0.00806721639048321,-0.00528667509344893,0.0010842825523628733,5.422427890135259e-06
-302.08,0.92,0.025,0.009797958971132711,0.5248792922602417,0.5278473586035246,-0.0016521641809976505,0.08790591566177285,0.19321235897802924,-0.0005071572898724192,0.0004514016489352034,0.0007178904988730576,0.00021013991700198387,4.9907619061745e-07,-0.0013983917627964115,0.07440356701612454,0.16353494063900395,-0.00042925793014801563,0.034878785501363904,0.0695987634129202,0.15090036890775538,-0.08015951843012854,0.0384851048543095,-0.06627102247108259,-0.008814148918091295,-0.016794790243816894,0.008067216390483212,-0.005286675093448933,0.001087596881849056,5.437845090485047e-06
-301.92,0.92,0.025,0.009797958971132711,0.5248792922602417,0.5278473586035246,-0.0015798446727576575,0.0880208217170319,0.1932461838947393,-0.0005070769976726174,0.0004525925370378532,0.0007184351411424264,0.0002108183475442691,5.00647614192589e-07,-0.0013371805310220814,0.0745008235012958,0.16356357004850736,-0.00042918997083010344,0.034982769426838506,0.0696590904589697,0.1509268562328957,-0.08017341940254054,0.038478669034928005,-0.06638918895077064,-0.008842608317912296,-0.01684901005206554,0.008067216390483212,-0.005286675093448931,0.0010909171816993425,5.453285556066565e-06
-301.76,0.92,0.025,0.009797958971132711,0.5248792922602417,0.5278473586035246,-0.0015073344625321523,0.08813581489065171,0.1932801168818612,-0.0005069963546657486,0.00045378542414115433,0.000718979478035026,0.00021149827352193233,5.022230522570849e-07,-0.0012758078890872137,0.07459815372344761,0.16359229092880734,-0.00042912171458908964,0.0350869387140767,0.06971940733082867,0.15095342822380423,-0.08018736471474755,0.03847212482309266,-0.06650750255965387,-0.008871130405613693,-0.016903349397916247,0.008067216390483214,-0.005286675093448931,0.0010942434446854258,5.468749227193188e-06
-301.6,0.92,0.025,0.009797958971132711,0.5248792922602417,0.5278473586035246,-0.0014346332302952374,0.08825089513360508,0.19331415815917713,-0.000506915360415876,0.00045498031256763395,0.0007195235074634701,0.0002121796954420509,5.038025108634337e-07,-0.001214273566121889,0.07469555764108335,0.16362110346592754,-0.00042905316105599746,0.035191293593805996,0.06977971385836582,0.15098008505255064,-0.08020135445714024,0.0384654719542313,-0.06662596339590576,-0.008899715202077444,-0.01695780832209989,0.008067216390483212,-0.005286675093448933,0.0010975756634640872,5.484236043482447e-06
-301.44,0.92,0.025,0.009797958971132711,0.5248792922602417,0.5278473586035246,-0.0013617406556493267,0.08836606239653043,0.19334830794667945,-0.0005068340144905657,0.0004561772046410501,0.0007200672273357106,0.0002128626137955401,5.053859960215007e-07,-0.0011525772909415902,0.07479303521242336,0.1636500078460695,-0.00042898430986481484,0.03529583429690769,0.06984000987103477,0.15100682689136766,-0.08021538872019866,0.038458710163346996,-0.06674457155760247,-0.008928362727507938,-0.017012386864055467,0.00806721639048321,-0.005286675093448932,0.001100913830577333,5.499745943856134e-06
-301.28,0.92,0.025,0.009797958971132711,0.5248792922602417,0.5278473586035246,-0.0012886564178249235,0.08848131662973108,0.19338256646457277,-0.0005067523164608767,0.00045737610268638956,0.0007206106355550296,0.00021354702905716495,5.069735136985617e-07,-0.0010907187920470153,0.07489058639540438,0.1636790042556144,-0.00042891516065248603,0.035400561054416795,0.06990029519787332,0.15103365391265242,-0.08022946759449334,0.038451839185017565,-0.06686332714272236,-0.008957073001432494,-0.017067085061931036,0.008067216390483214,-0.005286675093448933,0.0011042579384525036,5.5152788665418365e-06
-301.12,0.92,0.025,0.009797958971132711,0.5248792922602417,0.5278473586035246,-0.0012153801956804316,0.08859665778317452,0.19341693393327572,-0.0005066702659013647,0.0004585770090298654,0.0007211537300200326,0.00021423294168556266,5.085650698187532e-07,-0.0010286977976239173,0.07498821114767892,0.1637080928811246,-0.0004288457130589151,0.03550547409752183,0.06996056966750293,0.15106056628896813,-0.08024359117068582,0.03844485875339511,-0.0669822302491455,-0.008985846042702353,-0.017121902952585484,0.008067216390483216,-0.005286675093448933,0.0011076079794024344,5.530834749071655e-06
-300.96,0.92,0.025,0.009797958971132711,0.5248792922602417,0.5278473586035246,-0.0011419116677019862,0.08871208580649165,0.19345141057342125,-0.0005065878623900848,0.0004597799259989145,0.0007216965086246415,0.00021492035212325876,5.101606702629796e-07,-0.0009665140355429612,0.07508590942661453,0.16373727390934376,-0.0004287759667269678,0.03561057365756468,0.0700208331081279,0.15108756419304412,-0.08025775953952889,0.03843776860220555,-0.06710128097465318,-0.009014681869493352,-0.01717684057158982,0.008067216390483214,-0.005286675093448933,0.0011109639456255975,5.546413528283273e-06
-300.8,0.92,0.025,0.009797958971132711,0.5248792922602417,0.5278473586035246,-0.0010682505120032033,0.08882760064897602,0.1934859966058608,-0.000506505105508619,0.0004609848559221953,0.0007222389692580879,0.00021560926079668586,5.117603208686593e-07,-0.0009041672333595113,0.0751836811892933,0.1637665475272006,-0.0004287059213024951,0.03571585996604046,0.07008108534753481,0.15111464779777917,-0.08027197279186826,0.038430568464748224,-0.06722047941692744,-0.009043580499306753,-0.01723189795322864,0.00806721639048321,-0.00528667509344893,0.0011143258292062338,5.562015140320207e-06
-300.64,0.92,0.025,0.009797958971132711,0.5248792922602417,0.5278473586035246,-0.000994396406325043,0.08894320225958302,0.19352069225166246,-0.0005064219948420209,0.0004621918011295854,0.0007227811098049054,0.00021629966811620923,5.133640274293506e-07,-0.0008416571183135165,0.07528152639251107,0.16379591392180712,-0.0004286355764342865,0.03582133325459729,0.07014132621309174,0.15114181727624,-0.08028623101864188,0.03842325807389532,-0.06733982567355055,-0.009072541948970336,-0.017287075130502177,0.008067216390483212,-0.005286675093448933,0.0011176936221145549,5.5776395206313385e-06
-300.48,0.92,0.025,0.009797958971132711,0.5248792922602417,0.5278473586035246,-0.0009203490280355731,0.08905889058692927,0.19355549773211406,-0.0005063385299788955,0.0004634007639521787,0.0007233229281449227,0.00021699157447614443,5.149717956947876e-07,-0.0007789834173293092,0.07537944499277693,0.16382537328046134,-0.00042856493177413716,0.03592699375503624,0.07020155553174774,0.1511690728016638,-0.08030053431088105,0.038415837162091473,-0.06745931984200454,-0.009101566234639145,-0.017342372135127695,0.008067216390483216,-0.005286675093448933,0.0011210673162068783,5.59328660397302e-06
-300.32,0.92,0.025,0.009797958971132711,0.5248792922602417,0.5278473586035246,-0.0008461080541297934,0.08917466557929175,0.19359041326872506,-0.0005062547105113586,0.00046461174672228375,0.0007238644221532562,0.0002176849802547845,5.165836313703414e-07,-0.0007161458570154571,0.07547743694631254,0.1638549257906489,-0.0004284939869768139,0.036032841699311084,0.07026177313003204,0.1511964145474596,-0.08031488275971144,0.03840830546135324,-0.06757896201967069,-0.009130653371796681,-0.017397788997541644,0.008067216390483214,-0.005286675093448932,0.001124446903225818,5.608956324407731e-06
-300.15999999999997,0.92,0.025,0.009797958971132711,0.5248792922602417,0.5278473586035246,-0.0007716731612294307,0.0892905271846071,0.1936254390832262,-0.0005061705360350287,0.00046582475177342107,0.0007244055897003041,0.00021837988581442492,5.181995401170557e-07,-0.0006531441636645902,0.07557550220905146,0.16388457164004266,-0.0004284227417000483,0.03613887731952823,0.07032197883405344,0.1512238426872081,-0.08032927645635275,0.03840066270326874,-0.06769875230382907,-0.009159803375255939,-0.017453325746901654,0.008067216390483216,-0.005286675093448932,0.0011278323748004783,5.624648615305942e-06
-300.0,0.92,0.025,0.009797958971132711,0.5248792922602417,0.5278473586035246,-0.0006970440255827636,0.0894064753504708,0.19366057539757184,-0.0005060860061490703,0.00046703978144032015,0.0007249464286517374,0.00021907629150138847,5.198195275511463e-07,-0.0005899780632532512,0.07567364073663849,0.1639143110165048,-0.0004283511956045731,0.03624510084794645,0.0703821724694996,0.15125135739466333,-0.08034371549211979,0.03839290861899704,-0.06781869079165805,-0.009189016259160505,-0.017508982411088482,0.008067216390483216,-0.005286675093448931,0.0011312237224466296,5.640363409345428e-06
-299.84000000000003,0.92,0.025,0.009797958971132711,0.5248792922602417,0.5278473586035246,-0.0006222203230644167,0.08952251002413654,0.1936958224339407,-0.0005060011204561614,0.0004682568380589178,0.0007254869368684946,0.00021977419764605564,5.214435992440186e-07,-0.0005266472814417223,0.07577185248442916,0.16394414410808741,-0.000428279348354095,0.03635151251697682,0.07044235386163644,0.15127895884375342,-0.08035819995842272,0.03838504293926784,-0.06793877758023369,-0.009218292036985832,-0.017564759016708467,0.008067216390483216,-0.00528667509344893,0.0011346209375669286,5.65610063851296e-06
-299.68,0.92,0.025,0.009797958971132711,0.5248792922602417,0.5278473586035246,-0.0005472017291751624,0.08963863115251527,0.19373118041473697,-0.000505915878562535,0.0004694759239663553,0.000726027112206773,0.00022047360456289085,5.230717607219247e-07,-0.0004631515435738575,0.07587013740748894,0.1639740711030334,-0.00042820719961532964,0.036458112559182486,0.07050252283530735,0.1513066472085813,-0.08037272994676754,0.038377065394380884,-0.06805901276652943,-0.00924763072154038,-0.01762065558909559,0.008067216390483214,-0.00528667509344893,0.0011380240114511086,5.671860234104507e-06
-299.52,0.92,0.025,0.009797958971132711,0.5248792922602417,0.5278473586035246,-0.0004719879190417232,0.08975483868217465,0.19376664956259157,-0.0005058302800779336,0.00047069704150097595,0.0007265669525180228,0.00022117451255047543,5.24704017465683e-07,-0.0003994905746769145,0.07596849546059263,0.16400409218977752,-0.000428134749057963,0.03656490120727857,0.07056267921493263,0.15133442266342592,-0.08038730554875669,0.038368975714205535,-0.06817939644741547,-0.00927703232496701,-0.017676672152314107,0.008067216390483214,-0.005286675093448931,0.001141432935276209,5.68764212672536e-06
-299.36,0.92,0.025,0.009797958971132711,0.5248792922602417,0.5278473586035246,-0.00039657856741660407,0.08987113255933815,0.19380223010036335,-0.0005057443246156525,0.0004719201930023226,0.0007271064556489394,0.0002218769218915389,5.263403749107375e-07,-0.0003356640994614137,0.07606692659822381,0.16403420755694756,-0.0004280619963546883,0.03667187869413198,0.07062282282450874,0.15136228538274282,-0.08040192685608934,0.03836077362818036,-0.06829992871965829,-0.009306496858744316,-0.017732808729161022,0.008067216390483216,-0.00528667509344893,0.0011448477001067962,5.703446246292498e-06
-299.2,0.92,0.025,0.009797958971132711,0.5248792922602417,0.5278473586035246,-0.00032097334867789434,0.08998751272988433,0.1938379222511386,-0.0005056580117925321,0.00047314538081113546,0.000727645619441456,0.00022258083285298935,5.279808384464839e-07,-0.0002716718423209698,0.07616543077457409,0.16406441739336372,-0.0004279889411811992,0.03677904525276119,0.07068295348760764,0.15139023554116413,-0.08041659396056144,0.03835245886531254,-0.06842060967992017,-0.009336024333687949,-0.017789065341168524,0.008067216390483214,-0.005286675093448931,0.0011482682968951888,5.71927252203298e-06
-299.03999999999996,0.92,0.025,0.009797958971132711,0.5248792922602417,0.5278473586035246,-0.0002451719368290547,0.09010397913934606,0.19387372623823393,-0.0005055713412289292,0.0004743726072693491,0.000728184441732737,0.00022328624568595222,5.296254134165957e-07,-0.00020751352733211189,0.07626400794354252,0.1640947218880412,-0.00042791558321616575,0.036886401116336155,0.07074307102737616,0.15141827331350052,-0.08043130695406674,0.03834403115417753,-0.06854143942475868,-0.00936561475995223,-0.017845442008607063,0.008067216390483214,-0.005286675093448932,0.0011516947164817105,5.7351208824873214e-06
-298.88,0.92,0.025,0.009797958971132711,0.5248792922602417,0.5278473586035246,-0.00016917400549874918,0.09022053173290985,0.1939096422851957,-0.0005054843125487823,0.0004756018747200902,0.0007287229203551704,0.00022399316062580193,5.312741051182671e-07,-0.0001431888782541413,0.0763626580587349,0.16412512123018963,-0.0004278419221412893,0.03699394651817814,0.07080317526653529,0.15144639887474098,-0.08044606592859661,0.03833549022291853,-0.0686624180506262,-0.009395268147031535,-0.017901938750487855,0.008067216390483214,-0.005286675093448931,0.0011551269495949223,5.750991255507915e-06
-298.72,0.92,0.025,0.009797958971132711,0.5248792922602417,0.5278473586035246,-9.297922794064769e-05,0.09033717045541491,0.19394567061580084,-0.0005053969253795575,0.0004768331855076754,0.000729261053136361,0.0002247015778922013,5.32926918802462e-07,-7.869761852896421e-05,0.07646138107346319,0.16415561560921385,-0.00042776795764125743,0.037101681691759494,0.07086326602737944,0.15147461240005336,-0.08046087097624043,0.03832683579924598,-0.06878354565386936,-0.009424984503761944,-0.017958555584566046,0.008067216390483214,-0.005286675093448931,0.001158564986851893,5.766883568262001e-06
-298.56,0.92,0.025,0.009797958971132711,0.5248792922602417,0.5278473586035246,-1.6587277033219955e-05,0.09045389525135256,0.19398181145405874,-0.0005053091793522641,0.00047806654197760816,0.0007297988378991227,0.0002254114976891389,5.34583859673473e-07,-1.403947128091737e-05,0.07656017694074481,0.16418620521471533,-0.00042769368940375634,0.037209606870703564,0.07092334313177585,0.15150291406478575,-0.0804757221891862,0.038318067610437156,-0.06890482233072864,-0.009454763838322848,-0.018015292527343657,0.008067216390483214,-0.00528667509344893,0.0011620088187584486,5.782797747231406e-06
-298.4,0.92,0.025,0.009797958971132711,0.5248792922602417,0.5278473586035246,6.000217472042419e-05,0.09057070606486532,0.19401806502421043,-0.0005052210741014895,0.00047930194647657687,0.0007303362724614718,0.00022612292020496695,5.362449328887998e-07,5.078584068336704e-05,0.07665904561330202,0.16421689023649172,-0.00042761911711950074,0.03731772228878444,0.0709834064011639,0.15153130404446605,-0.08049061965972047,0.03830918538333567,-0.06902624817733775,-0.009484606158238556,-0.018072149594072627,0.008067216390483216,-0.005286675093448932,0.0011654584357094436,5.7987337182142136e-06
-298.24,0.92,0.025,0.009797958971132711,0.5248792922602417,0.5278473586035246,0.0001367894551927405,0.0906876028397463,0.19405443155073018,-0.0005051326092653566,0.0004805394013524514,0.0007308733546366195,0.0002268358456124448,5.379101435588485e-07,0.00011577859487513556,0.07675798704356128,0.16424767086453804,-0.0004275442404821979,0.03742602817992689,0.07104345565655443,0.15155978251480304,-0.08050556348022879,0.038300188844351005,-0.06914782328972317,-0.009514511470380144,-0.018129126798758246,0.008067216390483214,-0.005286675093448931,0.0011689138279890477,5.814691406324993e-06
-298.08,0.92,0.025,0.009797958971132711,0.5248792922602417,0.5278473586035246,0.00021377489263194833,0.09080458551943824,0.19409091125832473,-0.0005050437844855522,0.0004817789089542817,0.0007314100822329648,0.00022755027406877904,5.395794967469529e-07,0.00018093906912368106,0.07685700118365253,0.16427854728904606,-0.0004274690591885714,0.037534524778206076,0.07110349071852894,0.15158834965168588,-0.08052055374319547,0.038291077719458055,-0.06926954776380372,-0.009544479780967157,-0.018186224154162378,0.008067216390483216,-0.00528667509344893,0.0011723749857710287,5.8306707359972265e-06
-297.92,0.92,0.025,0.009797958971132711,0.5248792922602417,0.5278473586035246,0.00029095881566219817,0.0909216540470329,0.1941275043719356,-0.000504954599407317,0.0004830204716322945,0.0007319464530540874,0.00022826620571566637,5.412529974689009e-07,0.00024626754157648455,0.07695608798540865,0.1643095197004063,-0.00042739357293835315,0.037643212317847494,0.0711635114072391,0.15161700563118582,-0.08053559054120447,0.038281851734196626,-0.06939142169538991,-0.009574511095569437,-0.018243441671806856,0.008067216390483212,-0.0052866750934489285,0.0011758418991190327,5.8466716309828285e-06
-297.76,0.92,0.025,0.009797958971132711,0.5248792922602417,0.5278473586035246,0.0003683415532837773,0.09103880836527019,0.1941642111167384,-0.0005048650536794554,0.00048426409173789087,0.0007324824648987404,0.00022898364067934057,5.429306506929849e-07,0.0003117642906993891,0.0770552474003647,0.1643405882892074,-0.00042731778143429106,0.037752091033226715,0.07122351754240594,0.15164575062955582,-0.08055067396693928,0.038272510613671,-0.06951344518018356,-0.009604605419109114,-0.018300779361977226,0.008067216390483216,-0.005286675093448929,0.0011793145579869042,5.86269401435471e-06
-297.6,0.92,0.025,0.009797958971132711,0.5248792922602417,0.5278473586035246,0.00044592343487328504,0.09115604841653747,0.19420103171814257,-0.0005047751469543276,0.0004855097716236438,0.0007330181155608429,0.0002297025790706131,5.446124613396896e-07,0.0003774295952767485,0.07715447937975732,0.16437175324623587,-0.0004272416843821429,0.03786116115886929,0.07128350894331922,0.15167458482323015,-0.08056580411318262,0.038263054082549444,-0.0696356183137772,-0.00963476275586233,-0.01835823723372599,0.008067216390483216,-0.005286675093448929,0.0011827929522189714,5.878737808507269e-06
-297.44,0.92,0.025,0.009797958971132711,0.5248792922602417,0.5278473586035246,0.0005237047901838457,0.09127337414286874,0.19423796640179303,-0.0005046848788878673,0.0004867575136432953,0.0007335534028294726,0.00023042302098492774,5.46298434281542e-07,0.00044326373441160705,0.0772537838745241,0.16440301476247762,-0.00042716528149069086,0.03797042292945052,0.07134348542883671,0.15170350838882585,-0.08058098107281725,0.03825348186506373,-0.0697579411916536,-0.009664983109461551,-0.01841581529487694,0.008067216390483216,-0.0052866750934489285,0.0011862770715503916,5.8948029351579725e-06
-297.28,0.92,0.025,0.009797958971132711,0.5248792922602417,0.5278473586035246,0.0006016859493452384,0.0913907854859438,0.19427501539356914,-0.0005045942491395722,0.00048800732015175433,0.0007340883244888599,0.00023114496650240016,5.479885743429983e-07,0.0005092669875258098,0.07735316083530283,0.16443437302911693,-0.0004270885724717339,0.0380798765797953,0.0714034468173835,0.1517325215031418,-0.08059620493882548,0.038243793685008735,-0.0698804139091853,-0.00969526648289726,-0.01847351355202834,0.008067216390483217,-0.005286675093448929,0.0011897669056074392,5.9108893153489275e-06
-297.12,0.92,0.025,0.009797958971132711,0.5248792922602417,0.5278473586035246,0.0006798672428641559,0.09150828238708764,0.1943121789195862,-0.0005045032573724748,0.0004892591935050938,0.0007346228783183783,0.00023186841568787392,5.496828863000662e-07,0.0005754396343602215,0.07745261021243098,0.16446582823753775,-0.00042701155704006266,0.03818952234487798,0.07146339292695142,0.1517616243431599,-0.08061147580428979,0.03823398926574185,-0.070003036561634,-0.00972561287852033,-0.018531332010557348,0.008067216390483217,-0.0052866750934489285,0.0011932624439078602,5.926996869447046e-06
-296.96,0.92,0.025,0.009797958971132711,0.5248792922602417,0.5278473586035246,0.0007582490016243415,0.09162586478726946,0.1943494572061942,-0.0005044119032532129,0.0004905131360605481,0.0007351570620925393,0.00023259336859096852,5.513813748804866e-07,0.0006417819549748427,0.07755213195594488,0.16449738057932278,-0.00042693423491351937,0.038299360459822115,0.07152332357509815,0.15179081708604425,-0.0806267937623924,0.03822406833018259,-0.07012580924415011,-0.009756022298044035,-0.01858927067462389,0.008067216390483217,-0.0052866750934489285,0.001196763675861206,5.9431255171477565e-06
-296.8,0.92,0.025,0.009797958971132711,0.5248792922602417,0.5278473586035246,0.0008368315568867799,0.09174353262710205,0.19438685047997822,-0.0005043201864519716,0.0004917691501765103,0.0007356908735809841,0.00023331982524612963,5.530840447630742e-07,0.0007082942297489705,0.07765172601557918,0.16452903024625357,-0.00042685660581294883,0.038409391159900386,0.07158323857894677,0.1518200999091412,-0.08064215890641536,0.03821403060081212,-0.07024873205177226,-0.00978649474254624,-0.018647329547174612,0.008067216390483217,-0.005286675093448929,0.001200270590769166,5.959275177473557e-06
-296.64,0.92,0.025,0.009797958971132711,0.5248792922602417,0.5278473586035246,0.0009156152402899095,0.09186128584684096,0.19442435896775942,-0.0005042281066425025,0.0004930272382125298,0.0007362243105484765,0.0002340477856726871,5.547909005780163e-07,0.0007749767393813795,0.0777513923407662,0.16456077743031158,-0.0004267786694622141,0.03851961468053435,0.07164313775518488,0.15184947298998033,-0.08065757132974088,0.038203875799672785,-0.0703718050794267,-0.00981703021247178,-0.018705508629947555,0.008067216390483217,-0.00528667509344893,0.0012037831778259403,5.975445768778061e-06
-296.48,0.92,0.025,0.009797958971132711,0.5248792922602417,0.5278473586035246,0.0009946003838497838,0.0919791243863837,0.19446198289659383,-0.0005041356635021416,0.0004942874025293097,0.0007367573707548959,0.00023477724987490194,5.565019469065327e-07,0.0008418297648904571,0.07785113088063517,0.16459262232367702,-0.0004267004255882127,0.038630031257294306,0.07170302092006406,0.15187893650627346,-0.080673031125851,0.0381936036483676,-0.07049502842192688,-0.009847628707634518,-0.018763807923475862,0.008067216390483219,-0.005286675093448931,0.0012073014261185675,5.991637208746713e-06
-296.32,0.92,0.025,0.009797958971132711,0.5248792922602417,0.5278473586035246,0.0010737873199602452,0.09209704818526895,0.194499722493772,-0.0005040428567117608,0.0004955496454887037,0.0007372900519552292,0.00023550821784202962,5.582171882805478e-07,0.0009088535876143516,0.07795094158401164,0.16462456511872864,-0.0004266218739208344,0.03874064112589908,0.07176288788939904,0.15190849063591433,-0.08068853838832739,0.038183213868059805,-0.07061840217397285,-0.009878290227219996,-0.01882222742709283,0.008067216390483217,-0.00528667509344893,0.0012108253246273352,6.0078494143973484e-06
-296.15999999999997,0.92,0.025,0.009797958971132711,0.5248792922602417,0.5278473586035246,0.0011531763813931542,0.09221505718267578,0.19453757798681987,-0.0005039496859558146,0.000496813969453714,0.0007378223518995645,0.00023624068954837112,5.599366291827967e-07,0.0009760484892111657,0.07805082439941678,0.16465660600804435,-0.00042654301419300147,0.038851444522215874,0.07182273847856709,0.15193813555697924,-0.08070409321085156,0.03817270617947238,-0.07074192643015077,-0.009909014769787592,-0.018880767138935987,0.008067216390483217,-0.005286675093448931,0.0012143548622261153,6.024082302083366e-06
-296.0,0.92,0.025,0.009797958971132711,0.5248792922602417,0.5278473586035246,0.0012327679012985187,0.09233315131742297,0.19457554960349763,-0.0005038561509223456,0.0004980803767884881,0.0007383542683330834,0.0002369746649533338,5.616602740465575e-07,0.0010434147516590663,0.0781507792750668,0.1646887451844004,-0.00042646384614067334,0.03896244168226009,0.07188257250250736,0.15196787144772633,-0.08071969568720468,0.038162080302887626,-0.07086560128493244,-0.009939802333273122,-0.018939427055951946,0.008067216390483217,-0.005286675093448929,0.0012178900276827687,6.0403357874949534e-06
-295.84000000000003,0.92,0.025,0.009797958971132711,0.5248792922602417,0.5278473586035246,0.0013125622132046917,0.092451330527968,0.1946136375717995,-0.0005037622513029275,0.000499348869858317,0.0007388857989960535,0.00023771014400148765,5.633881272554004e-07,0.0011109526572564512,0.07825080615887212,0.1647209828407711,-0.00042638436950279785,0.03907363284219511,0.07194238977572011,0.15199769848659525,-0.08073534591126717,0.0381513359581466,-0.0709894268326747,-0.009970652914991196,-0.018998207173900876,0.008067216390483217,-0.00528667509344893,0.0012214308096595164,6.056609785659931e-06
-295.68,0.92,0.025,0.009797958971132711,0.5248792922602417,0.5278473586035246,0.0013925596510186084,0.09256959475240654,0.19465184211995407,-0.0005036679867927366,0.0005006194510296313,0.0007394169416238214,0.00023844712662262938,5.651201931432089e-07,0.0011786624886221501,0.0783509049984369,0.16475331917032912,-0.00042630458402137224,0.039185018238332196,0.07200219011226609,0.15202761685220748,-0.08075104397701914,0.03814047286464873,-0.07111340316761892,-0.010001566511637954,-0.019057107487361623,0.008067216390483219,-0.005286675093448929,0.0012249771967133528,6.072904210946864e-06
-295.52,0.92,0.025,0.009797958971132711,0.5248792922602417,0.5278473586035246,0.0014727605490258838,0.09268794392847143,0.1946901634764227,-0.0005035733570904962,0.0005018921226699996,0.000739947693946805,0.00023918561273184112,5.668564759940608e-07,0.0012465445286955082,0.07845107574105822,0.1647857543664442,-0.000426224489441396,0.03929659810713023,0.07206197332576578,0.15205762672336504,-0.08076678997853944,0.038129490741351274,-0.0712375303838906,-0.01003254311929352,-0.019116127989736387,0.008067216390483219,-0.00528667509344893,0.0012285291772964387,6.089218977066713e-06
-295.36,0.92,0.025,0.009797958971132711,0.5248792922602417,0.5278473586035246,0.0015531652418910497,0.09280637799353202,0.1947286018698998,-0.0005034783618984856,0.0005031668871481249,0.0007404780536904864,0.0002399256022295531,5.685969800416445e-07,0.0013145990607365847,0.0785513183337255,0.1648182886226832,-0.0004261440855108782,0.039408372685195564,0.07212173922939874,0.15208772827905082,-0.08078258401000603,0.038118389306768884,-0.0713618085754986,-0.010063582733424703,-0.0191752686732557,0.008067216390483217,-0.00528667509344893,0.0012320867397565096,6.105553997072456e-06
-295.2,0.92,0.025,0.009797958971132711,0.5248792922602417,0.5278473586035246,0.0016337740646577147,0.09292489688459331,0.19476715752931212,-0.000503383000922573,0.0005044437468338427,0.0007410080185754054,0.0002406670950016085,5.70341709469971e-07,0.0013828263683262898,0.07865163272311979,0.16485092213280977,-0.00042606337198086583,0.03952034220928182,0.07218148763590292,0.15211792169842786,-0.08079842616569549,0.038107168278973175,-0.07148623783633488,-0.010094685348887673,-0.019234529528983642,0.008067216390483219,-0.005286675093448931,0.0012356498723372952,6.121909183365613e-06
-295.03999999999996,0.92,0.025,0.009797958971132711,0.5248792922602417,0.5278473586035246,0.001714587352748754,0.09304350053829524,0.19480583068381735,-0.0005032872738721746,0.0005057227040981177,0.00074153758631715,0.0002414100909193275,5.720906684123398e-07,0.0014512267353665456,0.0787520188556131,0.164883655090783,-0.0004259823486054086,0.03963250691628975,0.07224121835757395,0.1521482071608384,-0.0808143165399826,0.03809582737559214,-0.0716108182601738,-0.010125850959930734,-0.019293910546822897,0.008067216390483217,-0.005286675093448931,0.001239218563178948,6.138284447693378e-06
-294.88,0.92,0.025,0.009797958971132711,0.5248792922602417,0.5278473586035246,0.001795605441966493,0.0931621888909118,0.1948446215628049,-0.0005031911804602717,0.0005070037613130412,0.0007420667546263514,0.00024215458983957452,5.738438609516697e-07,0.0015198004460804397,0.07885247667726775,0.1649164876907581,-0.000425901015141574,0.03974486704326698,0.07230093120626442,0.1521785848458045,-0.08083025522734054,0.03808436631380978,-0.07173554994067165,-0.010157079560197143,-0.01935341171552015,0.008067216390483216,-0.005286675093448933,0.0012427928003184675,6.1546797011530644e-06
-294.72,0.92,0.025,0.009797958971132711,0.5248792922602417,0.5278473586035246,0.0018768286684928887,0.09328096187835029,0.19488353039589362,-0.0005030947204034178,0.0005082869208518284,0.0007425955212086754,0.00024290059160482434,5.756012911204236e-07,0.001588547785012381,0.07895300613383568,0.16494942012708438,-0.0004258193713494529,0.03985742282740793,0.07236062599338323,0.152209054933026,-0.08084624232233997,0.03807278481036559,-0.07186043297136613,-0.010188371142727888,-0.01941303302267134,0.008067216390483219,-0.005286675093448933,0.0012463725716901429,6.171094854194543e-06
-294.56,0.92,0.025,0.009797958971132711,0.5248792922602417,0.5278473586035246,0.0019582573688896768,0.09339981943615057,0.19492255741293188,-0.0005029978934217223,0.0005095721850888158,0.000743123883764815,0.00024364809604323,5.773629629002797e-07,0.0016574690370282225,0.07905360717075785,0.16498245259430555,-0.00042573741699214576,0.03997017450605348,0.07242030252989487,0.15223961760238097,-0.08086227791964916,0.038061082581554086,-0.07198546744567579,-0.010219725699964582,-0.01947277445472708,0.008067216390483217,-0.00528667509344893,0.001249957865125991,6.187529816621162e-06
-294.4,0.92,0.025,0.009797958971132711,0.5248792922602417,0.5278473586035246,0.002039891880098589,0.09351876149948413,0.19496170284399614,-0.0005029006992388408,0.0005108595563994585,0.0007436518399904833,0.00024439710296869454,5.791288802220034e-07,0.0017265644873154457,0.07915427973316337,0.16501558528715835,-0.00042565515183575484,0.040083122316690936,0.0724799606263187,0.15227027303392432,-0.08087836211403329,0.038049259343224284,-0.07211065345689956,-0.0102511432237525,-0.01953263599699839,0.008067216390483217,-0.005286675093448932,0.001253548668356221,6.203984497591869e-06
-294.24,0.92,0.025,0.009797958971132711,0.5248792922602417,0.5278473586035246,0.00212173253944154,0.09363778800315345,0.19500096691939056,-0.0005028031375819954,0.0005121490371603268,0.0007441793875764067,0.0002451476121809388,5.808990469655036e-07,0.0017958344213833196,0.07925502376586908,0.16504881840057217,-0.0004255725756494009,0.04019626649695374,0.07253960009272832,0.15230102140788754,-0.08089449500035428,0.03803731481077937,-0.07223599109821612,-0.010282623705343427,-0.019592617633662077,0.008067216390483219,-0.005286675093448931,0.0012571449690096763,6.220458805624369e-06
-294.08,0.92,0.025,0.009797958971132711,0.5248792922602417,0.5278473586035246,0.002203779684620738,0.0937568988815911,0.19504034986964525,-0.0005027052081819664,0.000513440629749104,0.0007447065242083162,0.000245899623465576,5.826734669596316e-07,0.0018652791250629928,0.07935583921337871,0.16508215212966773,-0.0004254896882052164,0.04030960728462131,0.07259922073875079,0.15233186290467743,-0.08091067667357019,0.038025248699176055,-0.07236148046268345,-0.010314167135398811,-0.019652719347766714,0.008067216390483219,-0.005286675093448932,0.0012607467546143182,6.236952648596957e-06
-293.92,0.92,0.025,0.009797958971132711,0.5248792922602417,0.5278473586035246,0.002286033653718954,0.09387609406885893,0.1950798519255161,-0.0005026069107730699,0.0005147343365445834,0.0007452332475669412,0.0002466531365941815,5.844521439819632e-07,0.0019348988845077225,0.0794567260198822,0.16511558666975684,-0.0004254064892783264,0.04042314491761887,0.07265882237356597,0.1523627977048759,-0.08092690722873497,0.0380130607229242,-0.07248712164323828,-0.010345773503992732,-0.01971294112123818,0.008067216390483219,-0.005286675093448933,0.0012643540125976767,6.253465933750036e-06
-293.76,0.92,0.025,0.009797958971132711,0.5248792922602417,0.5278473586035246,0.002368494785199641,0.09399537349864738,0.19511947331798288,-0.0005025082450932078,0.0005160301599266656,0.0007457595553280016,0.0002474081513243694,5.862350817588506e-07,0.0020046939861929763,0.07955768412925515,0.1651491222163407,-0.0004253229786468911,0.04053687963401723,0.07271840480590581,0.1523938259892384,-0.08094318676099786,0.03800075059608634,-0.07261291473269553,-0.010377442800615113,-0.019773282934885783,0.00806721639048322,-0.005286675093448932,0.0012679667302873492,6.269998567689689e-06
-293.6,0.92,0.025,0.009797958971132711,0.5248792922602417,0.5278473586035246,0.00245116341790712,0.09411473710427451,0.19515921427824826,-0.0005024092108837924,0.0005173281022763555,0.0007462854451621998,0.00024816466739986654,5.880222839652123e-07,0.0020746647169165864,0.07965871348505794,0.16518275896510934,-0.0004252391560920419,0.040650811672032626,0.07277796784405366,0.15242494793869335,-0.08095951536560284,0.037988318032277126,-0.07273885982374777,-0.010409175014174862,-0.019833744768408167,0.008067216390483219,-0.005286675093448935,0.0012715848949114762,6.286550456388985e-06
-293.44,0.92,0.025,0.009797958971132711,0.5248792922602417,0.5278473586035246,0.0025340398910667526,0.09423418481868541,0.19519907503773667,-0.0005023098078897955,0.0005186281659757596,0.0007468109147352153,0.00024892268455058896,5.898137542243989e-07,0.0021448113637988994,0.07975981403053534,0.16521649711194034,-0.0004251550213979229,0.040764941270026486,0.0728375112958436,0.15245616373434112,-0.08097589313788822,0.037975762744663036,-0.07286495700896473,-0.0104409701330031,-0.019894326600399373,0.00806721639048322,-0.005286675093448933,0.0012752084935992365,6.303121505190576e-06
-293.28,0.92,0.025,0.009797958971132711,0.5248792922602417,0.5278473586035246,0.00261712454428514,0.09435371657445114,0.195239055828093,-0.0005022100358597324,0.0005199303534080837,0.0007473359617076944,0.0002496822024927185,5.916094961083388e-07,0.0022151342142829426,0.07986098570861545,0.16525033685289792,-0.00042507057435167754,0.04087926866650528,0.07289703496865958,0.15248747355745298,-0.08099232017328609,0.037963084445961616,-0.0729912063807927,-0.010472828144856382,-0.01995502840835501,0.00806721639048322,-0.005286675093448934,0.0012788375133813436,6.319711618810312e-06
-293.12,0.92,0.025,0.009797958971132711,0.5248792922602417,0.5278473586035246,0.0027004177175502827,0.09447333230376818,0.19527915688118086,-0.000502109894545667,0.0005212346669576288,0.0007478605837352453,0.0002504432209287813,5.934095131369588e-07,0.0022856335561345594,0.0799622284619094,0.1652842783842315,-0.00042498581474345257,0.04099379410012028,0.072956538669435,0.1525188775894699,-0.08100879656732164,0.037950282848441284,-0.0731176080315541,-0.010504749036920051,-0.02001585016867847,0.00806721639048322,-0.005286675093448934,0.0012824719411905507,6.3363207013373125e-06
-292.96,0.92,0.025,0.009797958971132711,0.5248792922602417,0.5278473586035246,0.0027839197512317484,0.09459303193845746,0.1953193784290817,-0.0005020093837031811,0.0005225411090097891,0.0007483847784684293,0.00025120573954772856,5.952138087787114e-07,0.002356309677442552,0.0800635422327104,0.16531832190237475,-0.0004249007423663725,0.04110851780966742,0.0730160222046517,0.15255037601200158,-0.08102532241561271,0.037937357663920715,-0.07324416205344675,-0.010536732795811587,-0.02007679185668738,0.00806721639048322,-0.005286675093448931,0.0012861117638621699,6.352948656239507e-06
-292.8,0.92,0.025,0.009797958971132711,0.5248792922602417,0.5278473586035246,0.0028676309860808462,0.09471281540996355,0.1953597207040928,-0.0005019085030913926,0.0005238496819510495,0.0007489085435527535,0.00025196975802501315,5.970223864498588e-07,0.0024271628666188284,0.08016492696299315,0.16535246760394415,-0.0004248153570165547,0.04122344003408705,0.07307548538033945,0.15258196900682533,-0.081041897813869,0.037924308603768345,-0.07337086853854352,-0.010568779407583904,-0.020137853446619728,0.008067216390483219,-0.005286675093448932,0.0012897569681345718,6.369595386363109e-06
-292.64,0.92,0.025,0.009797958971132711,0.5248792922602417,0.5278473586035246,0.0029515517632308567,0.09483268264935396,0.19540018393872588,-0.0005018072524729728,0.0005251603881689819,0.000749431876628664,0.0002527352760226777,5.988352495148242e-07,0.002498193412398597,0.0802663825944132,0.1653867156857376,-0.0004247296584931242,0.0413385610124638,0.07313492800207515,0.15261365675588442,-0.08105852285789152,0.037911135378901985,-0.0734977275787917,-0.010600888857729035,-0.020199034911640882,0.008067216390483219,-0.005286675093448932,0.0012934075406497447,6.386260793937686e-06
-292.48,0.92,0.025,0.009797958971132711,0.5248792922602417,0.5278473586035246,0.003035682424197107,0.09495263358731822,0.19544076836570595,-0.0005017056316140848,0.0005264732300522424,0.0007499547753315375,0.0002535022931894301,6.006524012859632e-07,0.0025694016038404315,0.08036790906830614,0.16542106634473352,-0.0004246436465981614,0.04145388098402629,0.07319434987498222,0.15264543944128775,-0.0810751976435721,0.03789783769978827,-0.07362473926601239,-0.010633061131181313,-0.0202603362238496,0.00806721639048322,-0.005286675093448931,0.0012970634679537842,6.402944780577595e-06
-292.32,0.92,0.025,0.009797958971132711,0.5248792922602417,0.5278473586035246,0.003120023310877207,0.09507266815416716,0.19548147421796902,-0.0005016036402844178,0.0005277882099905693,0.0007504772372916747,0.0002542708091607322,6.024738450234459e-07,0.0026407877303264685,0.0804695063256871,0.16545551977808898,-0.00042455732113673124,0.04156940018814702,0.07325375080372981,0.15267731724530756,-0.08109192226689235,0.03788441527644223,-0.07375190369190017,-0.01066529621232115,-0.02032175735428513,0.008067216390483219,-0.005286675093448931,0.001300724736497464,6.419647247284822e-06
-292.15999999999997,0.92,0.025,0.009797958971132711,0.5248792922602417,0.5278473586035246,0.003204574765551225,0.095192786279832,0.19552230172866025,-0.0005015012782572133,0.0005291053303747787,0.0007509992601342924,0.0002550408235588814,6.04299583935177e-07,0.002712352081562557,0.08057117430724982,0.16549007618313805,-0.00042447068191690536,0.041685118864342126,0.07331313059253207,0.15270929035037836,-0.08110869682392315,0.03787086781842679,-0.07387922094802224,-0.01069759408497845,-0.020383298272933704,0.00806721639048322,-0.00528667509344893,0.0013043913326367645,6.436368094451889e-06
-292.0,0.92,0.025,0.009797958971132711,0.5248792922602417,0.5278473586035246,0.0032893371308818377,0.09531298789386367,0.19556325113113288,-0.0005013985453091871,0.0005304245935967636,0.0007515208414795158,0.00025581233599309707,6.061296211767867e-07,0.0027840949475783877,0.0806729129533662,0.16552473575739088,-0.000424383728749696,0.041801037252271224,0.07337248904514757,0.15274135893909588,-0.0811255214108238,0.03785719503485228,-0.07400669112581822,-0.010729954732436263,-0.02044495894873544,0.008067216390483219,-0.005286675093448932,0.001308063242633419,6.453107221864433e-06
-291.84000000000003,0.92,0.025,0.009797958971132711,0.5248792922602417,0.5278473586035246,0.003374310749914526,0.09543327292543179,0.19560432265894587,-0.0005012954412205817,0.0005317460020494886,0.0007520419789423718,0.0002565853460596085,6.079639598515704e-07,0.002856016618727655,0.08077472220408546,0.1655594986985318,-0.00042429646144910034,0.04191715559173713,0.07343182596487838,0.1527735231942153,-0.08114239612384143,0.03784339663437602,-0.07413431431659928,-0.010762378137434496,-0.020506739349591352,0.008067216390483222,-0.005286675093448931,0.0013117404526554839,6.469864528704515e-06
-291.68,0.92,0.025,0.009797958971132711,0.5248792922602417,0.5278473586035246,0.003459495966077698,0.09555364130332407,0.1956455165458626,-0.0005011919657751403,0.0005330695581269889,0.0007525626701327805,0.0002573598533417418,6.098026030102962e-07,0.0029281173856881637,0.08087660199913349,0.16559436520441811,-0.0004242088798320788,0.04203347412268572,0.07349114115456962,0.1528057832986503,-0.08115932105931026,0.03782947232520177,-0.07426209061154783,-0.010794864282173588,-0.02056863944237029,0.00806721639048322,-0.005286675093448929,0.001315422948777891,6.486639913552658e-06
-291.52,0.92,0.025,0.009797958971132711,0.5248792922602417,0.5278473586035246,0.0035448931231829212,0.0956740929559454,0.19568683302584758,-0.0005010881187601053,0.0005343952642243668,0.0007530829126555484,0.0002581358574100078,6.11645553651188e-07,0.0030003975394620247,0.08097855227791219,0.1656293354730774,-0.0004241209837185531,0.042149993085205735,0.07355043441660855,0.15283813943547025,-0.08117629631365028,0.0378154218150793,-0.07439002010171687,-0.010827413148318229,-0.02063065919291595,0.008067216390483222,-0.005286675093448931,0.0013191107169830227,6.5034332743910595e-06
-291.36,0.92,0.025,0.009797958971132711,0.5248792922602417,0.5278473586035246,0.0036305025654250526,0.09579462781131695,0.1957282723330663,-0.0005009838999662189,0.0005357231227377878,0.000753602704110361,0.000258913357822192,6.134928147199576e-07,0.003072857371375765,0.08108057297949867,0.16566440970270732,-0.0004240327729314077,0.042266712719528525,0.07360970555292387,0.15287059178790047,-0.08119332198336714,0.037801244811303904,-0.07451810287802937,-0.010860024717001116,-0.020692798566054063,0.008067216390483222,-0.005286675093448929,0.0013228037431612743,6.520244508606971e-06
-291.2,0.92,0.025,0.009797958971132711,0.5248792922602417,0.5278473586035246,0.0037163246373824186,0.09591524579707553,0.19576983470188142,-0.0005008793091876913,0.0005370531360644792,0.0007541220420917744,0.0002596923541234461,6.153443891096006e-07,0.0031454971730804793,0.08118266404264474,0.16569958809167243,-0.0004239442472964619,0.04238363326602789,0.07366895436498519,0.1529031405393189,-0.08121039816505067,0.03778694102071589,-0.07464633903127788,-0.010892698968826857,-0.02075505752559966,0.008067216390483222,-0.0052866750934489285,0.0013265020131116509,6.537073512994834e-06
-291.03999999999996,0.92,0.025,0.009797958971132711,0.5248792922602417,0.5278473586035246,0.0038023596840169927,0.09603594684047256,0.19581152036685184,-0.0005007743462222466,0.0005383853066027262,0.0007546409241892088,0.00026047284584637887,6.17200279660506e-07,0.003218317236551983,0.08128482540577599,0.1657348708385034,-0.0004238554066425095,0.04250075496521984,0.07372818065380203,0.1529357858732556,-0.08122752495537444,0.037772510149700164,-0.07477472865212387,-0.010925435883875768,-0.02081743603436439,0.008067216390483222,-0.005286675093448929,0.0013302055125423435,6.553920183760428e-06
-290.88,0.92,0.025,0.009797958971132711,0.5248792922602417,0.5278473586035246,0.0038886080506745613,0.09615673086837347,0.1958533295627301,-0.0005006690108710673,0.0005397196367518687,0.0007551593479869403,0.0002612548325111494,6.190604891601811e-07,0.0032913178540909488,0.08138705700699131,0.16577025814189478,-0.0004237662508012714,0.04261807805776247,0.07378738421992338,0.15296852797339053,-0.08124470245109461,0.03775795190418571,-0.07490327183109714,-0.01095823544170785,-0.02087993405416389,0.008067216390483224,-0.005286675093448931,0.0013339142270713269,6.570784416522471e-06
-290.72,0.92,0.025,0.009797958971132711,0.5248792922602417,0.5278473586035246,0.003975070083084877,0.09627759780725668,0.1958952625244604,-0.0005005633029388162,0.000541056128912299,0.000755677311064094,0.0002620383136255594,6.209250203434902e-07,0.00336449931832304,0.08148935878406206,0.1658057502007033,-0.000423676779607414,0.04273560278445562,0.07384656486343681,0.15300136702355221,-0.08126193074904928,0.03774326598964514,-0.07503196865859539,-0.010991097621366627,-0.020942551545825205,0.008067216390483224,-0.0052866750934489285,0.0013376281422269496,6.587666106317337e-06
-290.56,0.92,0.025,0.009797958971132711,0.5248792922602417,0.5278473586035246,0.004061746127361865,0.0963985475832129,0.19593731948717577,-0.0005004572222336072,0.0005423947854854583,0.0007561948109946353,0.00026282328868515014,6.227938758922294e-07,0.0034378619221990827,0.0815917306744314,0.16584134721394558,-0.00042358699289852516,0.04285332938624079,0.07390572238396782,0.15303430320771544,-0.08127920994615709,0.03772845211109415,-0.07516081922488355,-0.011024022401383287,-0.02100528846919448,0.008067216390483222,-0.005286675093448928,0.0013413472434485561,6.604565147600166e-06
-290.4,0.92,0.025,0.009797958971132711,0.5248792922602417,0.5278473586035246,0.004148636530003727,0.09651958012194423,0.19597950068619618,-0.0005003507685670515,0.0005437356088738343,0.0007567118453473639,0.00026360975717329465,6.246670584355056e-07,0.003511405958995155,0.0816941726152136,0.16587704938079645,-0.0004234968905151524,0.042971258104200855,0.07396485658067911,0.15306733670999967,-0.0812965401394167,0.037713509973091135,-0.07528982362009329,-0.011057009759780531,-0.02106814478314436,0.008067216390483222,-0.0052866750934489285,0.0013450715160870756,6.621481434250458e-06
-290.24,0.92,0.025,0.009797958971132711,0.5248792922602417,0.5278473586035246,0.0042357416378931805,0.09664069534876335,0.1960218063570267,-0.0005002439417541547,0.0005450786014809571,0.0007572284116859051,0.0002643977185612965,6.265445705492679e-07,0.0035851317223127882,0.0817966845431933,0.1659128569005874,-0.0004234064723007166,0.04308938917955989,0.07402396725226985,0.15310046771466782,-0.08131392142590577,0.03769843927973667,-0.0754189819342224,-0.01109005967407677,-0.02113112044558184,0.008067216390483224,-0.005286675093448929,0.0013488009454056464,6.6384148595724465e-06
-290.08,0.92,0.025,0.009797958971132711,0.5248792922602417,0.5278473586035246,0.004323061798297571,0.0967618931885928,0.19606423673535386,-0.0005001367416134272,0.000546423765711397,0.0007577445075687023,0.00026518717230848617,6.28426414756686e-07,0.0036590395060790643,0.08189926639482495,0.16594876997280353,-0.0004233157381016048,0.04320772285368295,0.07408305419697503,0.15313369640612318,-0.0813313539027796,0.03768323973467301,-0.07554829425713426,-0.011123172121290156,-0.021194215413455973,0.00806721639048322,-0.005286675093448928,0.0013525355165802417,6.655365316301302e-06
-289.92,0.92,0.025,0.009797958971132711,0.5248792922602417,0.5278473586035246,0.0044105973588690695,0.09688317356596393,0.1961067920570439,-0.0005000291679667878,0.0005477711039707616,0.0007582601305490105,0.0002659781178623202,6.30312593527787e-07,0.0037331296045467807,0.08200191810623188,0.16598478879708198,-0.0004232246877670892,0.04332625936807587,0.07414211721256461,0.15316702296890833,-0.08134883766727041,0.03766791104108367,-0.07567776067855735,-0.01115634707794279,-0.02125742964276578,0.008067216390483224,-0.005286675093448928,0.001356275214700296,6.6723326966040875e-06
-289.76,0.92,0.025,0.009797958971132711,0.5248792922602417,0.5278473586035246,0.004498348667644813,0.0970045364050163,0.1961494725581407,-0.0004999212206395966,0.000549120618665692,0.000758775278174887,0.00026677055465848016,6.322031092795543e-07,0.0038074023122945696,0.0821046396132058,0.16602091357321028,-0.0004231333211493546,0.04344499896438503,0.07420115609634297,0.15320044758770315,-0.08136637281668642,0.037652452901692855,-0.07580738128808454,-0.011189584520064884,-0.021320763088568135,0.008067216390483224,-0.005286675093448927,0.0013600200247693335,6.689316892083982e-06
-289.6,0.92,0.025,0.009797958971132711,0.5248792922602417,0.5278473586035246,0.00458631607304709,0.09712598162949666,0.19619227847486187,-0.0004998128994606274,0.0005504723122038602,0.0007592899479891854,0.0002675644821209707,6.340979643759257e-07,0.003881857924227057,0.08220743085120598,0.1660571445011231,-0.00042304163810347504,0.04356394188439715,0.074260170645148,0.1532339704473222,-0.0813839594484102,0.03763686501876508,-0.07593715617517262,-0.011222884423198893,-0.021384215704985613,0.008067216390483224,-0.005286675093448928,0.0013637699317056056,6.706317793783666e-06
-289.44,0.92,0.025,0.009797958971132711,0.5248792922602417,0.5278473586035246,0.004674499923883514,0.09724750916275827,0.19623521004359795,-0.0004997042042620977,0.0005518261869939663,0.0007598041375295473,0.0002683598996622234,6.359971611276832e-07,0.003956496735575007,0.0823102917553586,0.1660934817809013,-0.0004229496384874395,0.04368308837003912,0.07431916065535056,0.1532675917327137,-0.08140159765989843,0.03762114709410463,-0.07606708542914178,-0.01125624676240389,-0.02144778744521476,0.008067216390483226,-0.005286675093448928,0.0013675249203427351,6.723335292188464e-06
-289.28,0.92,0.025,0.009797958971132711,0.5248792922602417,0.5278473586035246,0.0047629005693471385,0.09736911892775997,0.19627826750090832,-0.0004995951348796152,0.0005531822454457343,0.0007603178443283944,0.00026915680668319723,6.379007017925802e-07,0.004031319041895418,0.08241322226045604,0.16612992561276882,-0.00042285732216210635,0.04380243866337769,0.07437812592285364,0.15330131162895666,-0.08141928754868018,0.03760529882905511,-0.07619716913917488,-0.011289671512259803,-0.021511478261534142,0.008067216390483226,-0.0052866750934489285,0.001371284975430372,6.7403692772302686e-06
-289.12,0.92,0.025,0.009797958971132711,0.5248792922602417,0.5278473586035246,0.00485151835901669,0.09749081084706535,0.19632145108351873,-0.0004994856911522003,0.0005545404899699106,0.0007608310659129214,0.0002699552025734801,6.398085885750849e-07,0.0041063251390717264,0.08251622230095611,0.16616647619709027,-0.0004227646889912223,0.043921993006619385,0.0744370662430917,0.15333513032125867,-0.0814370292123558,0.03758931992449895,-0.07632740739431707,-0.011323158646871714,-0.021575288105312385,0.008067216390483222,-0.0052866750934489285,0.001375050081634835,6.757419638289954e-06
-288.96,0.92,0.025,0.009797958971132711,0.5248792922602417,0.5278473586035246,0.004940353642856683,0.09761258484284191,0.19636476102831948,-0.0004993758729222614,0.0005559009229782596,0.0007613437998050884,0.0002707550867113966,6.417208236266419e-07,0.004181515323313897,0.08261929181098139,0.16620313373436962,-0.0004226717388414021,0.04404175164211013,0.07449598141102981,0.15336904799495465,-0.08145482274859626,0.037573210080856935,-0.07645780028347508,-0.011356708139874357,-0.02163921692701684,0.008067216390483222,-0.005286675093448928,0.0013788202235397895,6.77448626420217e-06
-288.8,0.92,0.025,0.009797958971132711,0.5248792922602417,0.5278473586035246,0.005029406771217598,0.09773444083686032,0.196408197572361,-0.0004992656800355907,0.0005572635468835612,0.0007618560435216132,0.0002715564584641064,6.436374090453833e-07,0.004256889891158575,0.08272243072431858,0.16623989842524636,-0.000422578471582124,0.044161714812335204,0.07455487122116321,0.15340306483550342,-0.08147266825514131,0.03755696899808773,-0.0765883478954168,-0.011390319964436315,-0.021703264676221422,0.008067216390483224,-0.005286675093448928,0.0013825953856468926,6.791569043257495e-06
-288.64,0.92,0.025,0.009797958971132711,0.5248792922602417,0.5278473586035246,0.005118678094836023,0.09785637875049348,0.19645176095285288,-0.0004991551123413721,0.0005586283640996073,0.0007623677945739628,0.00027235931718771475,6.455583468762941e-07,0.00433244913946921,0.08282563897441769,0.1662767704704947,-0.0004224848870857374,0.044281882759918866,0.07461373546751629,0.15343718102848686,-0.08149056582979898,0.037540596375687366,-0.07671905031877047,-0.011423994093264635,-0.021767431301615393,0.008067216390483222,-0.005286675093448927,0.0013863755523764749,6.80866786320696e-06
-288.48,0.92,0.025,0.009797958971132711,0.5248792922602417,0.5278473586035246,0.005208167964834852,0.09797839850471564,0.1964954514071598,-0.0004990441696921487,0.0005599953770411992,0.0007628790504683479,0.00027316366222737606,6.474836391111429e-07,0.004408193365436219,0.08292891649439132,0.16631375007102006,-0.0004223909852274347,0.044402255727624226,0.07467257394364199,0.15347139675960667,-0.08150851557044406,0.037524091912688844,-0.07684990764202439,-0.011457730498609223,-0.021831716751011677,0.008067216390483222,-0.0052866750934489285,0.0013901607080682124,6.825782611265181e-06
-288.32,0.92,0.025,0.009797958971132711,0.5248792922602417,0.5278473586035246,0.005297876732723433,0.0981005000201017,0.19653926917279896,-0.000498932851943826,0.0005613645881241439,0.0007633898087057126,0.0002739694929174017,6.49413287688543e-07,0.004484122866577114,0.08303226321701408,0.16635083742785706,-0.00042229676588525437,0.044522833958353034,0.07473138644262113,0.15350571221468254,-0.08152651757501682,0.03750745530766155,-0.07698091995352613,-0.01149152915226737,-0.021896120971355442,0.008067216390483222,-0.005286675093448928,0.001393950836981809,6.842913174114391e-06
-288.15999999999997,0.92,0.025,0.009797958971132711,0.5248792922602417,0.5278473586035246,0.005387804750397715,0.09822268321682624,0.19658321448743682,-0.0004988211589556578,0.000562735999765251,0.0007639000667817288,0.00027477680858136794,6.513472944938856e-07,0.004560237940736626,0.08313567907472173,0.16638803274216654,-0.0004222022289400688,0.04464361769514538,0.07479017275706154,0.15354012757964947,-0.0815445719415218,0.037490686258710854,-0.07711208734148207,-0.011525390025588294,-0.021960643908732713,0.008067216390483224,-0.005286675093448927,0.001397745923297682,6.860059437907735e-06
-288.0,0.92,0.025,0.009797958971132711,0.5248792922602417,0.5278473586035246,0.0054779523701403935,0.0983449480146628,0.1966272875888871,-0.0004987090905902388,0.0005641096143823303,0.0007644098221867876,0.000275585608532223,6.532856613592422e-07,0.004636538886086829,0.0832391639996106,0.16642533621523403,-0.00042210737427557816,0.04476460718117958,0.07484893267909754,0.15357464304055626,-0.08156267876802702,0.03747378446347761,-0.07724340989395681,-0.011559313089477684,-0.022025285508378917,0.008067216390483224,-0.005286675093448927,0.0014015459511176403,6.877221288272391e-06
-287.84000000000003,0.92,0.025,0.009797958971132711,0.5248792922602417,0.5278473586035246,0.005568319944621138,0.09846729433298285,0.19667148871510612,-0.0004985966467135189,0.0005654854343941873,0.0007649190724059915,0.00027639589207239883,6.552283900636848e-07,0.004713026001127331,0.08334271792343668,0.16646274804846584,-0.00042201220177832244,0.04488580265977185,0.07490766600038894,0.1536092587835619,-0.08158083815266191,0.03745674961913761,-0.07737488769887252,-0.011593298314402355,-0.022090045714687832,0.008067216390483224,-0.005286675093448927,0.001405350904465601,6.894398610315175e-06
-287.68,0.92,0.025,0.009797958971132711,0.5248792922602417,0.5278473586035246,0.005658907826896663,0.0985897220907551,0.19671581810419153,-0.0004984838271947309,0.0005668634622206212,0.0007654278149191478,0.00027720765849392076,6.571754823329366e-07,0.004789699584685335,0.08344634077761512,0.16650026844338772,-0.00042191671133762025,0.045007204374376115,0.07496637251212052,0.15364397499493446,-0.08159905019361686,0.037439581422401245,-0.07750652084400847,-0.011627345670394924,-0.022154924471220295,0.008067216390483224,-0.005286675093448928,0.0014091607672882748,6.911591288623927e-06
-287.52,0.92,0.025,0.009797958971132711,0.5248792922602417,0.5278473586035246,0.005749716370410972,0.09871223120654468,0.19676027599437787,-0.0004983706319064453,0.0005682437002824209,0.0007659360472007595,0.00027802090707851714,6.591269398395375e-07,0.004866559935915847,0.08355003249321942,0.16653789760164145,-0.0004218209028456153,0.04512881256858387,0.07502505200500129,0.15367879186104777,-0.08161731498914135,0.037422279569512905,-0.07763830941700037,-0.01166145512705839,-0.02221992172071299,0.008067216390483224,-0.005286675093448928,0.0014129755234558719,6.928799207272586e-06
-287.36,0.92,0.025,0.009797958971132711,0.5248792922602417,0.5278473586035246,0.005840745928995445,0.0988348215985121,0.19680486262403385,-0.0004982570607245279,0.0005696261510013621,0.0007664437667200186,0.00027883563709773216,6.610827642029285e-07,0.004943607354301745,0.08365379300098065,0.16657563572498227,-0.0004217247761972405,0.04525062748612382,0.07508370426926361,0.1537137095683792,-0.08163563263754282,0.03740484375625054,-0.07777025350533981,-0.011695626653570906,-0.022285037405087436,0.008067216390483222,-0.005286675093448926,0.0014167951567628147,6.94602224982512e-06
-287.2,0.92,0.025,0.009797958971132711,0.5248792922602417,0.5278473586035246,0.005931996856869027,0.09895749318441258,0.19684957823165944,-0.0004981431135281535,0.0005710108168002047,0.0007669509709407981,0.00027965184781303864,6.630429569893272e-07,0.005020842139653945,0.08375762223128681,0.16661348301527656,-0.00042162833129022915,0.04537264937086171,0.0751423290946626,0.15374872830350744,-0.08165400323718551,0.037387273677925166,-0.07790235319637374,-0.011729860218690515,-0.02235027146545901,0.008067216390483222,-0.005286675093448927,0.0014206196509284508,6.963260299338814e-06
-287.03999999999996,0.92,0.025,0.009797958971132711,0.5248792922602417,0.5278473586035246,0.00602346950863839,0.09908024588159509,0.19689442305588273,-0.0004980287901997495,0.0005723977001026879,0.0007674576573216442,0.0002804695384759515,6.650075197118755e-07,0.005098264592111533,0.08386152011418209,0.16665143967449914,-0.00042153156802506795,0.0454948784668001,0.07520092627047535,0.15378384825310998,-0.0816724268864891,0.037369569029380434,-0.0780346085773038,-0.011764155790759944,-0.02241562384214597,0.008067216390483224,-0.005286675093448928,0.0014244489895977723,6.9805132383684605e-06
-286.88,0.92,0.025,0.009797958971132711,0.5248792922602417,0.5278473586035246,0.00611516423929809,0.09920307960700159,0.19693939733545565,-0.0004979140906250245,0.0005737868033335289,0.0007679638233157684,0.00028128870832814026,6.669764538305633e-07,0.005175875012141904,0.08396548657936614,0.16668950590472967,-0.00042143448630502077,0.04561731501807822,0.07525949558550021,0.15381906960395988,-0.08169090368392694,0.03735172950499205,-0.07816701973518572,-0.011798513337711335,-0.022481094474678484,0.008067216390483222,-0.005286675093448928,0.0014282831563421363,6.997780948970067e-06
-286.72,0.92,0.025,0.009797958971132711,0.5248792922602417,0.5278473586035246,0.006207081404230698,0.09932599427716612,0.1969845013092524,-0.0004977990146929519,0.0005751781289184182,0.0007684694663710409,0.00028210935660154593,6.689497607522998e-07,0.0052536737005408635,0.0840695215561934,0.16672768190815124,-0.00042133708603611447,0.04573995926897158,0.07531803682805605,0.15385439254292446,-0.08170943372802543,0.03733375479866742,-0.0782995867569289,-0.011832932827071166,-0.02254668330180791,0.008067216390483222,-0.005286675093448926,0.0014321221346599935,7.015063312704923e-06
-286.56,0.92,0.025,0.009797958971132711,0.5248792922602417,0.5278473586035246,0.006299221359206979,0.09944898980821391,0.1970297352162649,-0.0004976835622957533,0.0005765716792840172,0.0007689745839299813,0.0002829314825184969,6.709274418308749e-07,0.005331660958432787,0.08417362497367226,0.16676596788704662,-0.00042123936712712564,0.04586281146389182,0.07537654978598149,0.15388981725696171,-0.08172801711736208,0.03731564460384508,-0.0784323097292956,-0.011867414225965142,-0.022612390261516086,0.008067216390483224,-0.005286675093448926,0.0014359659079776301,7.032360210643256e-06
-286.4,0.92,0.025,0.009797958971132711,0.5248792922602417,0.5278473586035246,0.00639158446038605,0.09957206611586064,0.19707509929559902,-0.000497567733328874,0.0005779674568579543,0.000769479173429752,0.00028375508529182233,6.72909498367164e-07,0.005409837087270753,0.08427779676046446,0.166804364043795,-0.000421141329489559,0.04598587184738652,0.07543503424663424,0.15392534393311746,-0.08174665395056399,0.03729739861349423,-0.07856518873890057,-0.011901957501122955,-0.022678215291024373,0.008067216390483222,-0.005286675093448926,0.0014398144596498921,7.049671523368978e-06
-286.24,0.92,0.025,0.009797958971132711,0.5248792922602417,0.5278473586035246,0.006484171064315512,0.09969522311541139,0.19712059378647345,-0.0004974515276910034,0.0005793654640688221,0.0007699832323021495,0.00028458016412497245,6.748959316088901e-07,0.00548820238883665,0.0843820368448842,0.16684287058087113,-0.0004210429730376653,0.0461091406641389,0.07549348999689025,0.15396097275852444,-0.08176534432630735,0.037279016520114255,-0.07869822387221026,-0.011936562618883364,-0.02274415832680324,0.008067216390483222,-0.005286675093448925,0.0014436677729609258,7.066997130982483e-06
-286.08,0.92,0.025,0.009797958971132711,0.5248792922602417,0.5278473586035246,0.006576981527931636,0.09981846072175998,0.19716621892821368,-0.000497334945284013,0.0005807657033461741,0.0007704867579735982,0.00028540671821213406,6.768867427509931e-07,0.0055667571652413365,0.08448634515489765,0.16688148770084008,-0.00042094429768838856,0.04623261815896763,0.07555191682314308,0.1539967039203976,-0.08178408834331494,0.037260498015734285,-0.0788314152155424,-0.011971229545199046,-0.02281021930458152,0.008067216390483224,-0.005286675093448928,0.0014475258311249333,7.084336913106122e-06
-285.92,0.92,0.025,0.009797958971132711,0.5248792922602417,0.5278473586035246,0.00667001620855949,0.09994177884938807,0.1972119749602503,-0.0004972179860130127,0.0005821681771205205,0.0007709897478651409,0.00028623474673835026,6.788819329353476e-07,0.005645501718924753,0.08459072161812206,0.16692021560635587,-0.00042084530336141394,0.04635630457682656,0.07561031451130315,0.15403253760603272,-0.08180288610035545,0.037241842791912665,-0.07896476285506529,-0.012005958245641643,-0.022876398159355927,0.008067216390483222,-0.005286675093448926,0.001451388617286912,7.101690748887065e-06
-285.76,0.92,0.025,0.009797958971132711,0.5248792922602417,0.5278473586035246,0.00676327546391308,0.10006517741236415,0.19725786212211524,-0.0004971006497862655,0.0005835728878233263,0.0007714921993924322,0.00028706424887963924,6.808815032510083e-07,0.005724436352656031,0.08469516616182501,0.16695905450015835,-0.0004207459899790951,0.04648020016280454,0.07566868284679694,0.15406847400280352,-0.0818217376962419,0.03722305053973649,-0.07909826687679727,-0.012040748685406777,-0.02294269482540058,0.008067216390483222,-0.005286675093448927,0.0014552561145234134,7.119058517001911e-06
-285.6,0.92,0.025,0.009797958971132711,0.5248792922602417,0.5278473586035246,0.006856759652095556,0.10018865632434283,0.19730388065343718,-0.0004969829365152384,0.0005849798378870068,0.00077199410996573,0.00028789522380311393,6.828854547341761e-07,0.0058035613695336784,0.08479967871292378,0.16699800458506925,-0.0004206463574664978,0.04660430516212513,0.07572702161456629,0.15410451329815814,-0.08184064322982973,0.03720412094982112,-0.0792319273666061,-0.012075600829319064,-0.023009109236276533,0.008067216390483224,-0.005286675093448927,0.0014591283058433024,7.136440095660916e-06
-285.44,0.92,0.025,0.009797958971132711,0.5248792922602417,0.5278473586035246,0.006950469131599305,0.10031221549856394,0.19735003079394017,-0.000496864846114525,0.0005863890297449252,0.0007724954769898887,0.00028872767066710336,6.848937883683284e-07,0.005882877072985652,0.08490425919798451,0.16703706606399096,-0.00042054640575133395,0.04672861982014636,0.07578533059906763,0.15414065567961796,-0.08185960280001622,0.03718505371230969,-0.07936574441020845,-0.01211051464183723,-0.02307564132484146,0.008067216390483224,-0.0052866750934489285,0.0014630051741885124,7.153835362612004e-06
-285.28,0.92,0.025,0.009797958971132711,0.5248792922602417,0.5278473586035246,0.007044404261306143,0.10043585484785167,0.19739631278343805,-0.0004967463785018976,0.0005878004658313879,0.0007729962978643503,0.00028956158862127214,6.869065050840673e-07,0.00596238376676952,0.08500890754322166,0.16707623913990197,-0.00042044613476400615,0.046853144382360566,0.07584360958427135,0.15417690133477321,-0.08187861650573816,0.0371658485168727,-0.07949971809316911,-0.012145490087059166,-0.023142291023259213,0.008067216390483226,-0.005286675093448928,0.0014668867024348153,7.171244195144471e-06
-285.12,0.92,0.025,0.009797958971132711,0.5248792922602417,0.5278473586035246,0.007138565400487438,0.10055957428461365,0.19744272686183223,-0.0004966275335982533,0.0005892141485816428,0.0007734965699831372,0.00029039697680674487,6.889236057595127e-07,0.0060420817549725675,0.085113623674497,0.1671155240158548,-0.0004203455444375616,0.046977879094394076,0.0759018583536609,0.15421325045128148,-0.081897684445971,0.03714650505270738,-0.07963384850090062,-0.012180527128727116,-0.02320905826300974,0.008067216390483222,-0.005286675093448926,0.0014707728733925932,7.188666470094563e-06
-284.96,0.92,0.025,0.009797958971132711,0.5248792922602417,0.5278473586035246,0.007232952908804291,0.1006833737208401,0.19748927326910742,-0.000496508311327619,0.0005906300804318748,0.0007739962907348444,0.0002912338343562255,6.909450912199816e-07,0.006121971342011952,0.08521840751731907,0.16715492089497253,-0.00042024463470769673,0.047102824202006996,0.07596007669023211,0.15424970321686413,-0.08191680671972694,0.03712702300853737,-0.07976813571866252,-0.01221562573023276,-0.023275942974898618,0.008067216390483222,-0.005286675093448927,0.0014746636698076032,7.206102063847937e-06
-284.8,0.92,0.025,0.009797958971132711,0.5248792922602417,0.5278473586035246,0.00732756714630765,0.10080725306810304,0.19753595224532833,-0.00049638871161711,0.0005920482638192027,0.0007744954575026319,0.00029207216039412213,6.929709622383251e-07,0.006202052832634796,0.08532325899684241,0.1671944299804459,-0.0004201434055127219,0.04722797995109298,0.07601826437649249,0.15428625981930372,-0.0819359834260537,0.03710740207261215,-0.07990257983156082,-0.012250785854622423,-0.023342945089067025,0.008067216390483224,-0.005286675093448926,0.0014785590743617589,7.223550852345116e-06
-284.64,0.92,0.025,0.009797958971132711,0.5248792922602417,0.5278473586035246,0.0074224084734384735,0.10093121223755534,0.19758276403063657,-0.0004962687343969344,0.0005934687011816758,0.0007749940676642159,0.00029291195403667364,6.950012195348768e-07,0.006282326531918324,0.08542817803786684,0.1672340514755308,-0.00042004185679356536,0.04735334658767895,0.07607642119446051,0.15432292044644186,-0.08195521466403313,0.03708764193270656,-0.08003718092454737,-0.012286007464602415,-0.023410064535001843,0.008067216390483222,-0.005286675093448927,0.0014824590696739229,7.241012711085323e-06
-284.48,0.92,0.025,0.009797958971132711,0.5248792922602417,0.5278473586035246,0.007517477251027902,0.10105525113992986,0.19762970886524622,-0.0004961483796004232,0.0005948913949582704,0.0007754921185918625,0.00029375321439206677,6.970358637775242e-07,0.006362792745270017,0.08553316456483663,0.16727378558354442,-0.00041993998849379824,0.04747892435792494,0.07613454692566468,0.15435968528617539,-0.08197450053277942,0.03706774227612038,-0.08017193908241928,-0.01232129052254398,-0.023477301241544995,0.008067216390483222,-0.005286675093448925,0.001486363638300661,7.2584875151311145e-06
-284.32,0.92,0.025,0.009797958971132711,0.5248792922602417,0.5278473586035246,0.007612773840297357,0.10117936968553856,0.1976767869894405,-0.0004960276471639125,0.0005963163475888868,0.0007759896076523783,0.0002945959405605697,6.990748955817521e-07,0.006443451778427683,0.08563821850183985,0.16731363250786244,-0.0004198378005595356,0.04760471350812373,0.07619264135114302,0.15439655452645407,-0.08199384113143775,0.037047702789677735,-0.08030685438981827,-0.012356634990488896,-0.02354465513690415,0.008067216390483222,-0.005286675093448927,0.0014902727627370692,7.275975139111882e-06
-284.15999999999997,0.92,0.025,0.009797958971132711,0.5248792922602417,0.5278473586035246,0.0077082986028587635,0.1013035677842717,0.19772399864356818,-0.0004959065370268262,0.0005977435615143454,0.0007764865322071043,0.00029544013163465023,7.011183155108766e-07,0.006524303937459658,0.08574333977260758,0.1673535924519161,-0.0004197352929395057,0.04773071428470074,0.07625070425144218,0.15443352835527763,-0.08201323655918265,0.037027523159726745,-0.08044192693123021,-0.01239204083015445,-0.023612126148662104,0.008067216390483222,-0.005286675093448926,0.0014941864254175282,7.293475457229659e-06
-284.0,0.92,0.025,0.009797958971132711,0.5248792922602417,0.5278473586035246,0.007804051900714598,0.10142784534559687,0.1977713440680398,-0.0004957850491316075,0.0005991730391763833,0.0007769828896119061,0.0002962857866991074,7.031661240757999e-07,0.006605349528764836,0.08584852830051319,0.1673936656191889,-0.0004196324655849926,0.04785692693421363,0.07630873540661674,0.15447060696069287,-0.08203268691521656,0.037007203072138936,-0.08057715679098426,-0.012427508002938998,-0.023679714203787335,0.008067216390483226,-0.0052866750934489285,0.0014981046087165274,7.310988343261563e-06
-283.84000000000003,0.92,0.025,0.009797958971132711,0.5248792922602417,0.5278473586035246,0.007900034096258123,0.10155220227855825,0.19781882350332441,-0.0004956631834237173,0.0006006047830176511,0.0007774786772171678,0.0002971329048311953,7.052183217354437e-07,0.006686588859072876,0.0859537840085717,0.1674338522132138,-0.00041952931844983435,0.047983351703352245,0.07636673459622847,0.15450779053079103,-0.08205219229876844,0.03698674221230883,-0.08071254405325254,-0.012463036469927143,-0.023747419228643863,0.008067216390483224,-0.005286675093448927,0.0015020272949494427,7.328513670566016e-06
-283.68,0.92,0.025,0.009797958971132711,0.5248792922602417,0.5278473586035246,0.007996245552273485,0.10167663849177554,0.1978664371899456,-0.0004955409398516443,0.0006020387954817094,0.0007779738923677829,0.00029798148510075216,7.072749088966081e-07,0.006768022235444278,0.08605910681943882,0.16747415243756997,-0.00041942585149043173,0.04810998883893814,0.07642470159934557,0.15454507925370492,-0.08207175280909215,0.03696614026515338,-0.08084808880204931,-0.012498626191895196,-0.02381524114900158,0.008067216390483224,-0.005286675093448928,0.0015059544663733515,7.346051312086294e-06
-283.52,0.92,0.025,0.009797958971132711,0.5248792922602417,0.5278473586035246,0.008092686631935877,0.10180115389344321,0.19791418536847732,-0.0004954183183668264,0.000603475079013025,0.0007784685324031473,0.00029883152657032635,7.093358859140713e-07,0.006849649965270527,0.08616449665541034,0.1675145664958792,-0.00041932206466568185,0.04823683858792456,0.07648263619454186,0.15458247331760536,-0.08209136854546463,0.0369453969151116,-0.08098379112123053,-0.012534277129316476,-0.02388317989004628,0.00806721639048322,-0.005286675093448926,0.0015098861051878291,7.3636011403545566e-06
-283.36,0.92,0.025,0.009797958971132711,0.5248792922602417,0.5278473586035246,0.00818935769881168,0.1019257483913296,0.19796206827954133,-0.0004952953189237001,0.0006049136360569677,0.0007789625946571511,0.00029968302829530617,7.114012530907363e-07,0.0069314723562742065,0.08626995343842138,0.1675550945918038,-0.00041921795793701985,0.048363901197395996,0.07654053815989616,0.15461997291069937,-0.0821110396071849,0.036924511846143995,-0.0811196510944931,-0.012569989242366752,-0.023951235376390052,0.008067216390483222,-0.005286675093448927,0.0015138221935357566,7.381163027497086e-06
-283.2,0.92,0.025,0.009797958971132711,0.5248792922602417,0.5278473586035246,0.008286259116858605,0.10205042189277608,0.198010086163802,-0.0004951719414796565,0.0006063544690598071,0.0007794560764581704,0.00030053598932404906,7.134710106777218e-07,0.007013489716509124,0.08637547709004567,0.16759573692904203,-0.00041911353126838127,0.048491176914568085,0.07659840727299141,0.15465757822122617,-0.08213076609357187,0.03690348474173207,-0.08125566880537437,-0.012605762490929692,-0.024019407532081587,0.00806721639048322,-0.005286675093448927,0.0015177627135041412,7.398736845238636e-06
-283.03999999999996,0.92,0.025,0.009797958971132711,0.5248792922602417,0.5278473586035246,0.008383391250425828,0.10217517430469601,0.19805823926196411,-0.0004950481859950153,0.0006077975804687081,0.0007799489751290599,0.0003013904086980109,7.155451588743124e-07,0.007095702354360421,0.0864810675314947,0.16763649371132644,-0.00041900878462618093,0.04861866598678727,0.07665624331091404,0.15469528943745522,-0.0821505481039635,0.03688231528487792,-0.0813918443372514,-0.012641596834602318,-0.024087696280616477,0.00806721639048322,-0.005286675093448928,0.0015217076471249202,7.416322464906075e-06
-282.88,0.92,0.025,0.009797958971132711,0.5248792922602417,0.5278473586035246,0.008480754464254158,0.10230000553357409,0.19810652781476756,-0.0004949240524330247,0.0006092429727317285,0.0007804412879871449,0.0003022462854518752,7.176236978283743e-07,0.00717811057854472,0.08658672468361711,0.16767736514241927,-0.00041890371797931216,0.04874636866153059,0.07671404605025309,0.15473310674768231,-0.08217038573771435,0.03686100315810369,-0.08152817777334054,-0.01267749223270041,-0.024156101544947593,0.008067216390483222,-0.0052866750934489285,0.0015256569763757836,7.433919757434726e-06
-282.72,0.92,0.025,0.009797958971132711,0.5248792922602417,0.5278473586035246,0.008578349123476173,0.10242491548546523,0.1981549520629858,-0.0004947995407598417,0.0006106906482978147,0.000780933012344213,0.0003031036186136863,7.197066276360478e-07,0.0072607146981102325,0.08669244846689778,0.1677183514261112,-0.00041879833129913007,0.048874285186405415,0.07677181526709957,0.15477103034022832,-0.08219027909419532,0.03683954804345111,-0.08166466919669657,-0.012713448644264137,-0.024224623247495657,0.008067216390483222,-0.005286675093448928,0.0015296106831809914,7.451528593370756e-06
-282.56,0.92,0.025,0.009797958971132711,0.5248792922602417,0.5278473586035246,0.008676175593616319,0.1025499040659939,0.1982035122474193,-0.0004946746509444903,0.0006121406096167989,0.0007814241455065072,0.000303962407204977,7.217939483421202e-07,0.007343515022436853,0.08679823880145725,0.1677594527662157,-0.00041869262455941663,0.04900241580914915,0.07682955073704563,0.15480906040343398,-0.08221022827279062,0.03681794962248101,-0.08180131869021236,-0.012749466028063419,-0.02429326131015947,0.008067216390483222,-0.005286675093448928,0.001533568749412199,7.469148842877047e-06
-282.4,0.92,0.025,0.009797958971132711,0.5248792922602417,0.5278473586035246,0.008774234240591103,0.10267497118035301,0.1982522086088941,-0.000494549382958907,0.0006135928591393944,0.0007819146847747167,0.0003048226502409037,7.238856599399767e-07,0.00742651186123631,0.0869040956070508,0.16780066936656796,-0.00041858659773641893,0.049130760777629075,0.07688725223518383,0.1548471971256589,-0.08223023337289723,0.036796207576272826,-0.08193812633661796,-0.012785544342603615,-0.024362015654326698,0.008067216390483224,-0.005286675093448928,0.0015375311568892836,7.486780375737405e-06
-282.24,0.92,0.025,0.009797958971132711,0.5248792922602417,0.5278473586035246,0.008872525430709228,0.10280011673330328,0.19830104138825722,-0.0004944237367778454,0.0006150473993171933,0.00078240462744397,0.0003056843467303755,7.259817623718775e-07,0.007509705524552291,0.0870100188030679,0.1678420014310209,-0.00041848025080876833,0.04925932033984203,0.07694491953610648,0.15488544069527788,-0.08225029449392314,0.036774321585424145,-0.08207509221848024,-0.012821683546130936,-0.02443088620088416,0.008067216390483222,-0.005286675093448927,0.0015414978873811633,7.504423061361438e-06
-282.08,0.92,0.025,0.009797958971132711,0.5248792922602417,0.5278473586035246,0.008971049530671715,0.102925340629172,0.19835001082637232,-0.0004942977123788932,0.0006165042326026622,0.0007828939708038263,0.0003065474956761897,7.280822555288537e-07,0.00759309632276054,0.08711600830853118,0.16788344916344156,-0.0004183735837574952,0.04938809474391412,0.07700255241390459,0.1549237913006776,-0.08227041173528526,0.03675229133005017,-0.08221221641820212,-0.012857883596638179,-0.02449987287022868,0.008067216390483222,-0.005286675093448927,0.001545468922606648,7.522076768788448e-06
-281.92,0.92,0.025,0.009797958971132711,0.5248792922602417,0.5278473586035246,0.009069806907572038,0.10305064277185252,0.19839911716411707,-0.0004941713097424895,0.0006179633614491385,0.0007833827121382682,0.0003074120960751618,7.301871392509889e-07,0.007676684566568974,0.08722206404209598,0.1679250127677087,-0.0004182665965660432,0.049517084238100556,0.07706015064216756,0.15496224913025447,-0.08229058519640865,0.0367301164897833,-0.08234949901802197,-0.012894144451870166,-0.02456897558227745,0.008067216390483226,-0.005286675093448928,0.0015494442442352465,7.539741366693091e-06
-281.76,0.92,0.025,0.009797958971132711,0.5248792922602417,0.5278473586035246,0.009168797928896282,0.10317602306480311,0.19844836064237895,-0.0004940445288518433,0.0006194247883108274,0.0007838708487256929,0.00030827814691826373,7.322964133274102e-07,0.007760470567017814,0.08732818592204936,0.16796669244770954,-0.0004181592892202002,0.049646289070785284,0.07711771399398198,0.1550008143724115,-0.0823108149767245,0.03670779674377259,-0.08248694010001305,-0.01293046606932958,-0.02463819425647908,0.008067216390483226,-0.005286675093448927,0.0015534238338880328,7.557416723389007e-06
-281.6,0.92,0.025,0.009797958971132711,0.5248792922602417,0.5278473586035246,0.009268022962523277,0.10330148141104618,0.19849774150205077,-0.0004939173696929562,0.0006208885156427978,0.0007843583778389053,0.00030914564719075204,7.344100774964441e-07,0.007844454635479703,0.08743437386630949,0.1680084884073358,-0.00041805166170811816,0.04977570949048084,0.07717524224193122,0.15503948721555466,-0.0823311011756684,0.03668533177068331,-0.08262453974608285,-0.01296684840628234,-0.024707528811823812,0.008067216390483224,-0.005286675093448926,0.0015574076731384575,7.5751027068339895e-06
-281.44,0.92,0.025,0.009797958971132711,0.5248792922602417,0.5278473586035246,0.009367482376724738,0.10342701771316724,0.19854725998402825,-0.0004937898322545723,0.0006223545459009789,0.0007848452967451093,0.0003100145958723074,7.365281314458209e-07,0.00792863708365982,0.08754062779242476,0.1680504008504815,-0.00041794371402027004,0.04990534574582801,0.07723273515809438,0.15507826784809112,-0.08235144389267934,0.036662721248696406,-0.08276229803797241,-0.013003291419763481,-0.024776979166854687,0.008067216390483228,-0.005286675093448928,0.0015613957435132064,7.592799184634834e-06
-281.28,0.92,0.025,0.009797958971132711,0.5248792922602417,0.5278473586035246,0.009467176540165378,0.10355263187331425,0.19859691632920504,-0.0004936619165282027,0.0006238228815421563,0.0007853316027059,0.0003108849919371667,7.386505748125835e-07,0.008013018223595977,0.08764694761757318,0.16809242998103915,-0.00041783544614947075,0.050035198085595596,0.07729019251404586,0.15511715645842516,-0.0823718432271976,0.0366399648555081,-0.0829002150572558,-0.013039795066582711,-0.024846545239678088,0.008067216390483222,-0.005286675093448926,0.0015653880264930372,7.610506024051351e-06
-281.12,0.92,0.025,0.009797958971132711,0.5248792922602417,0.5278473586035246,0.009567105821903092,0.10367832379319644,0.1986467107784698,-0.0004935336225080707,0.000625293525023969,0.0007858172929772559,0.00031175683435425935,7.407774071834344e-07,0.008097598367658778,0.08775333325856147,0.16813457600289683,-0.0004177268580908311,0.050165266758680147,0.0773476140808542,0.15515615323495624,-0.08239229927866343,0.03661706226832931,-0.08303829088533943,-0.013076359303330128,-0.024916226947974598,0.008067216390483224,-0.005286675093448928,0.001569384503513625,7.628223092001888e-06
-280.96,0.92,0.025,0.009797958971132711,0.5248792922602417,0.5278473586035246,0.009667270591389039,0.10380409337408363,0.1986966435727022,-0.0004934049501911054,0.0006267664788049048,0.0007863023648095308,0.0003126301220873442,7.429086280947858e-07,0.008182377828551683,0.08785978463182438,0.16817683911993514,-0.00041761794984175165,0.050295552014105696,0.07740499962908166,0.15519525836607548,-0.08241281214651561,0.03659401316388525,-0.08317652560346142,-0.013112984086382,-0.02498602420900998,0.008067216390483224,-0.005286675093448928,0.0015733851559664158,7.645950255067808e-06
-280.8,0.92,0.025,0.009797958971132711,0.5248792922602417,0.5278473586035246,0.009767671218467814,0.10392994051680518,0.19874671495276922,-0.0004932758995769128,0.0006282417453442972,0.0007867868154474456,0.00031350485409514345,7.450442370327497e-07,0.008267356919311158,0.08796630165342391,0.16821921953602387,-0.000417508721401899,0.05042605410102349,0.07746234892878333,0.1552344720401631,-0.08243338193018969,0.036570817218414854,-0.08331491929269098,-0.013149669371906387,-0.02505593693964583,0.008067216390483224,-0.005286675093448927,0.0015773899651994679,7.66368737949744e-06
-280.64,0.92,0.025,0.009797958971132711,0.5248792922602417,0.5278473586035246,0.009868308073377567,0.10405586512174926,0.198796925159521,-0.000493146470667771,0.0006297193271023221,0.0007872706421300811,0.00031438102933148166,7.471842334334757e-07,0.008352535953306773,0.08807288423904858,0.16826171745501858,-0.0004173991727732014,0.05055677326871178,0.07751966174950634,0.15527379444558495,-0.08245400872911642,0.03654747410767042,-0.08345347203392785,-0.01318641511586899,-0.02512596505635071,0.008067216390483222,-0.005286675093448926,0.001581398912518316,7.681434331212036e-06
-280.48,0.92,0.025,0.009797958971132711,0.5248792922602417,0.5278473586035246,0.009969181526750156,0.10418186708886172,0.19884727443378794,-0.0004930166634685943,0.0006311992265399931,0.0007877538420908688,0.0003152586467454213,7.493286166830921e-07,0.008437915244241333,0.08817953230401257,0.16830433308075812,-0.00041728930395981825,0.05068770976657544,0.07757693786028909,0.15531322577069043,-0.0824746926427204,0.03652398350691698,-0.08359218390790153,-0.013223221274038847,-0.025196108475210945,0.008067216390483224,-0.005286675093448927,0.0015854119791868127,7.699190975809397e-06
-280.32,0.92,0.025,0.009797958971132711,0.5248792922602417,0.5278473586035246,0.010070291949611263,0.10430794631764538,0.19889776301637638,-0.0004928864779869346,0.0006326814461191589,0.0007882364125575839,0.0003161377052814007,7.51477386118007e-07,0.008523495106150974,0.08828624576325506,0.16834706661706098,-0.0004171791149681415,0.05081886384414581,0.07763417702966056,0.15535276620380903,-0.08249543377041843,0.03650034509093189,-0.08373105499517076,-0.013260087801994147,-0.025266367111941676,0.008067216390483224,-0.0052866750934489285,0.001589429146427992,7.716957178569693e-06
-280.15999999999997,0.92,0.025,0.009797958971132711,0.5248792922602417,0.5278473586035246,0.010171639713380533,0.10443410270715905,0.1989483911480651,-0.0004927559142329268,0.0006341659883024986,0.0007887183507523369,0.0003170182038793723,7.536305410249619e-07,0.008609275853405284,0.08839302453133943,0.1683899182677223,-0.00041706860580674926,0.05095023575108039,0.07769137902563952,0.15539241593324754,-0.0825162322116179,0.03647655853400439,-0.08387008537612281,-0.01329701465512802,-0.025336740881897853,0.008067216390483222,-0.005286675093448929,0.0015934503954249295,7.734732804459563e-06
-280.0,0.92,0.025,0.009797958971132711,0.5248792922602417,0.5278473586035246,0.010273225189871704,0.10456033615601659,0.19899915906960122,-0.0004926249722192954,0.0006356528555535183,0.0007891996538915657,0.0003179001414749386,7.557880806411132e-07,0.00869525780070741,0.08849986852245245,0.16843288823651048,-0.00041695777648641165,0.05108182573716256,0.07774854361573373,0.155432175147287,-0.08253708806571515,0.036452623509935035,-0.08400927513097294,-0.013334001788654286,-0.02540722970008514,0.008067216390483222,-0.005286675093448928,0.0015974757073215914,7.752517718136822e-06
-279.84000000000003,0.92,0.025,0.009797958971132711,0.5248792922602417,0.5278473586035246,0.010375048751292729,0.10468664656238603,0.19905006702169764,-0.0004924936519613352,0.0006371420503365481,0.0007896803191860271,0.00031878351699949606,7.579500041542929e-07,0.008781441263094165,0.08860677765040355,0.16847597672716488,-0.0004168466270200741,0.05121363405230126,0.07780567056693914,0.1554720440341806,-0.08255800143209444,0.036428539692035224,-0.08414862433976367,-0.013371049157613479,-0.025477833481171365,0.008067216390483222,-0.005286675093448927,0.0016015050632237158,7.770311783955904e-06
-279.68,0.92,0.025,0.009797958971132711,0.5248792922602417,0.5278473586035246,0.010477110770245936,0.10481303382398872,0.1991011152450286,-0.0004923619534768666,0.0006386335751167375,0.0007901603438407895,0.00031966832938036717,7.60116310703172e-07,0.00886782655593616,0.08871375182862407,0.16851918394339221,-0.00041673515742281984,0.05134566094653087,0.07786275964573927,0.15551202278215026,-0.08257897241012602,0.03640430675312676,-0.08428813308236421,-0.013408156716878415,-0.02554855213949712,0.008067216390483222,-0.005286675093448928,0.0016055384441996472,7.788114865972542e-06
-279.52,0.92,0.025,0.009797958971132711,0.5248792922602417,0.5278473586035246,0.010579411619728148,0.10493949783809833,0.19915230398022513,-0.0004922298767862257,0.0006401274323600516,0.0007906397250552246,0.0003205545775409454,7.622869993771281e-07,0.008954413994937904,0.08882079097016643,0.16856251008886255,-0.0004166233677118615,0.0514779066700108,0.07791981061810431,0.15555211157938303,-0.0826000010991643,0.03637992436554133,-0.08442780143846977,-0.013445324421160287,-0.025619385589087273,0.008067216390483224,-0.0052866750934489285,0.0016095758312812379,7.805926827947417e-06
-279.36,0.92,0.025,0.009797958971132711,0.5248792922602417,0.5278473586035246,0.01068195167313078,0.10506603850153999,0.1992036334678737,-0.0004920974219122648,0.0006416236245332677,0.000791118460022999,0.00032144226040083085,7.644620692167863e-07,0.009041203896137892,0.08892789498770345,0.16860595536720832,-0.00041651125790654096,0.051610371473025225,0.07797682324949035,0.15559231061403014,-0.08262108759854722,0.03635539220112003,-0.08456762948760092,-0.013482552225014361,-0.02569033374366187,0.00806721639048322,-0.005286675093448925,0.001613617205464676,7.823747533352974e-06
-279.2,0.92,0.025,0.009797958971132711,0.5248792922602417,0.5278473586035246,0.010784731304240023,0.10519265571068931,0.1992551039485105,-0.0004919645888802904,0.0006431221541039718,0.0007915965459320666,0.0003223313768759734,7.666415192137754e-07,0.009128196575908756,0.08903506379352744,0.1686495199820193,-0.0004163988280282778,0.051743055605982906,0.07803379730483868,0.15563262007420242,-0.08264223200759391,0.036330709931212866,-0.08470761730910305,-0.013519840082846013,-0.0257613965166475,0.00806721639048322,-0.005286675093448926,0.0016176625477113858,7.84157684537611e-06
-279.03999999999996,0.92,0.025,0.009797958971132711,0.5248792922602417,0.5278473586035246,0.010887750887236926,0.10531934936147155,0.19930671566261854,-0.0004918313777180488,0.0006446230235405539,0.0007920739799646601,0.0003232219258788103,7.688253483112963e-07,0.009215392350957335,0.08914229729954953,0.16869320413684033,-0.0004162860781005565,0.051875959319416784,0.078090732548575,0.1556730401479681,-0.08266343442560345,0.03630587722667829,-0.08484776498214555,-0.013557187948916484,-0.025832573821188344,0.008067216390483222,-0.005286675093448928,0.0016217118389488783,7.859414626925137e-06
-278.88,0.92,0.025,0.009797958971132711,0.5248792922602417,0.5278473586035246,0.010991010796697566,0.10544611934936073,0.1993584688506248,-0.0004916977884557561,0.0006461262353122051,0.0007925507592972837,0.0003241139063184084,7.710135554039368e-07,0.00930279153832482,0.08924959541729892,0.16873700803516883,-0.000416173008148952,0.05200908286398387,0.07814762874460864,0.15571357102335065,-0.08268469495185372,0.036280893757882716,-0.08498807258572136,-0.013594595777348884,-0.02590386557015749,0.008067216390483224,-0.005286675093448927,0.0016257650600716247,7.877260740633302e-06
-278.72,0.92,0.025,0.009797958971132711,0.5248792922602417,0.5278473586035246,0.011094511407593122,0.10557296556937855,0.19941036375289561,-0.0004915638211260015,0.000647631791888913,0.0007930268811007037,0.0003250073171006063,7.732061393379812e-07,0.009390394455386818,0.08935695805792201,0.16878093188045085,-0.0004160596182010477,0.05214242649046475,0.07820448565633174,0.15575421288832503,-0.0827060136855994,0.03625575919469996,-0.08512854019864616,-0.013632063522134167,-0.025975271676168313,0.00806721639048322,-0.005286675093448928,0.0016298221919419438,7.89511504886394e-06
-278.56,0.92,0.025,0.009797958971132711,0.5248792922602417,0.5278473586035246,0.011198253095290083,0.1056998879160936,0.1994624006097337,-0.0004914294757637718,0.0006491396957414589,0.0007935023425399422,0.000325902157128151,7.754030989115024e-07,0.009478201419853527,0.08946438513218162,0.16882497587607861,-0.0004159459082864565,0.05227599044976354,0.07826130304661857,0.1557949659308155,-0.08272739072607084,0.03623047320651092,-0.08526916789955781,-0.013669591137136875,-0.026046792051585384,0.008067216390483222,-0.0052866750934489285,0.0016338832153908465,7.912977413715282e-06
-278.4,0.92,0.025,0.009797958971132711,0.5248792922602417,0.5278473586035246,0.011302236235550281,0.10582688628362046,0.19951457966137448,-0.000491294752406396,0.0006506499493414128,0.0007939771407742673,0.0003267984253008447,7.776044328746357e-07,0.009566212749769758,0.08957187655045636,0.16886914022538738,-0.00041583187843677354,0.052409774992907415,0.0783180806778247,0.15583583033869275,-0.08274882617247237,0.036205035462202884,-0.08540995576691572,-0.013707178576101294,-0.026118426608536194,0.008067216390483222,-0.005286675093448928,0.00163794811121894,7.930847697025732e-06
-278.24,0.92,0.025,0.009797958971132711,0.5248792922602417,0.5278473586035246,0.011406461204531086,0.10595396056561869,0.1995669011479827,-0.0004911596510935615,0.0006521625551611304,0.000794451272957186,0.0003276961205156819,7.798101399295618e-07,0.009654428763515112,0.08967943222273966,0.16891342513165256,-0.00041571752868559044,0.05254378037104648,0.07837481831178625,0.15587680629977116,-0.08277032012398103,0.03617944563016919,-0.08555090387900018,-0.01374482579265724,-0.026190175258922074,0.00806721639048322,-0.0052866750934489285,0.0016420168601972763,7.948725760378106e-06
-278.08,0.92,0.025,0.009797958971132711,0.5248792922602417,0.5278473586035246,0.011510928378785494,0.10608111065529195,0.1996193653096485,-0.0004910241718672566,0.0006536775156737484,0.0007949247362364359,0.000328595241666996,7.820202187308913e-07,0.009742849779804042,0.08978705205863911,0.1689578307980865,-0.000415602859068446,0.05267800683545333,0.07843151570981904,0.1559178940018059,-0.08279187267974483,0.03615370337830873,-0.0856920123139116,-0.013782532740326214,-0.026262037914429975,0.008067216390483222,-0.005286675093448927,0.0016460894430682597,7.966611465105442e-06
-277.92,0.92,0.025,0.009797958971132711,0.5248792922602417,0.5278473586035246,0.011615638135262275,0.10620833644538712,0.19967197238638476,-0.0004908883147717659,0.0006551948333531818,0.0007953975277539768,0.00032949578764659754,7.842346678855657e-07,0.00983147611768599,0.08989473596737566,0.16900235742783606,-0.0004154878696228227,0.05281245463752296,0.07848817263271797,0.15595909363249064,-0.08281348393888173,0.03612780837402534,-0.08583328114957009,-0.013820299372527213,-0.02633401448654344,0.00806721639048322,-0.005286675093448927,0.0016501658405464925,7.984504672294603e-06
-277.76,0.92,0.025,0.009797958971132711,0.5248792922602417,0.5278473586035246,0.01172059085130609,0.10633563782819326,0.19972472261812318,-0.0004907520798536412,0.000656714510674119,0.000795869644645983,0.0003303977573439202,7.864534859534102e-07,0.009920308096545474,0.09000248385778278,0.16904700522397947,-0.0004153725603881219,0.05294712402877226,0.07854478884075607,0.15600040537945473,-0.0828351540004779,0.03610176028422749,-0.08597471046371459,-0.013858125642582849,-0.02640610488655429,0.00806721639048322,-0.005286675093448927,0.001654246033319679,8.002405242793158e-06
-277.6,0.92,0.025,0.009797958971132711,0.5248792922602417,0.5278473586035246,0.011825786904657593,0.10646301469554081,0.19977761624471135,-0.0004906154671616646,0.0006582365501120183,0.0007963410840428351,0.00033130114964616,7.886766714468056e-07,0.010009346036102188,0.09011029563830575,0.1690917743895237,-0.000415256931405633,0.053082015260839915,0.07860136409368382,0.15604182943026082,-0.08285688296358658,0.036075558775327664,-0.08611630033390234,-0.01389601150372525,-0.026478309025573753,0.00806721639048322,-0.005286675093448928,0.0016583300020494803,8.020313037211606e-06
-277.44,0.92,0.025,0.009797958971132711,0.5248792922602417,0.5278473586035246,0.011931226673453607,0.1065904669388006,0.1998306535059077,-0.0004904784767468269,0.0006597609541431038,0.0007968118430691114,0.0003322059634384228,7.909042228313429e-07,0.010098590256411133,0.09021817121700083,0.16913666512740028,-0.00041514098271851435,0.05321712858548609,0.0786578981507284,0.15608336597240086,-0.08287867092722585,0.03604920351324194,-0.08625805083750816,-0.013933956909102206,-0.026550626814544245,0.00806721639048322,-0.005286675093448925,0.0016624177273724312,8.038227915930862e-06
-277.28,0.92,0.025,0.009797958971132711,0.5248792922602417,0.5278473586035246,0.012036910536227166,0.10671799444888291,0.19988383464138088,-0.0004903411086623502,0.0006612877252443618,0.0007972819188435804,0.00033311219760386246,7.931361385256562e-07,0.010188041077862675,0.0903261105015345,0.1691816776404648,-0.0004150247143718132,0.05335246425459202,0.07871439077059282,0.1561250151932956,-0.08290051799037858,0.03602269416338946,-0.08639996205172389,-0.013971961811783007,-0.026623058164250375,0.00806721639048322,-0.005286675093448925,0.0016665091899007738,8.056149739105647e-06
-277.12,0.92,0.025,0.009797958971132711,0.5248792922602417,0.5278473586035246,0.012142838871907712,0.10684559711623656,0.19993715989070443,-0.0004902033629635832,0.0006628168658935369,0.0007977513084791921,0.000334019851023828,7.953724169018014e-07,0.010277698821182688,0.09043411339918263,0.16922681213149224,-0.0004149081264123768,0.05348802252015985,0.07877084171145521,0.15616677728029071,-0.08292242425198995,0.03599603039069199,-0.08654203405355758,-0.014010026164764622,-0.026695602985330726,0.008067216390483217,-0.005286675093448926,0.0016706043702233715,8.074078366669898e-06
-276.96,0.92,0.025,0.009797958971132711,0.5248792922602417,0.5278473586035246,0.012249012059821195,0.10697327483084795,0.1999906294933538,-0.0004900652397080466,0.000664348378569127,0.0007982200090830703,0.00033492892257800706,7.97613056285287e-07,0.01036756380743266,0.09054217981682972,0.16927206880317466,-0.0004147912188888907,0.05362380363431228,0.07882725073096795,0.15620865242065413,-0.08294438981096638,0.03596921185957339,-0.08668426691983293,-0.014048149920977733,-0.026768261188289327,0.008067216390483219,-0.005286675093448927,0.0016747032489065907,8.092013658341532e-06
-276.8,0.92,0.025,0.009797958971132711,0.5248792922602417,0.5278473586035246,0.012355430479690165,0.10710102748224024,0.2000442436887036,-0.0004899267389553574,0.0006658822657503808,0.0007986880177565044,0.0003358394111445678,7.998580549554935e-07,0.010457636358009757,0.09065030966096814,0.16931744785811875,-0.00041467399185181455,0.05375980784929234,0.07888361758625709,0.15625064080157405,-0.08296641476617432,0.035942238233959194,-0.0868266607271887,-0.014086333033292684,-0.026841032683506946,0.008067216390483219,-0.005286675093448926,0.001678805806495166,8.109955473628068e-06
-276.64,0.92,0.025,0.009797958971132711,0.5248792922602417,0.5278473586035246,0.012462094511633917,0.10722885495947224,0.20009800271602465,-0.0004897878607672283,0.0006674185299172934,0.0007991553315949406,0.00033675131560030526,8.021074111455e-07,0.010547916794646948,0.0907585028376973,0.16936294949884328,-0.00041455644535338205,0.05389603541746305,0.07893994203392134,0.15629274261015666,-0.08298849921643897,0.03591510917727601,-0.08696921555207787,-0.014124575454525654,-0.026913917381252817,0.008067216390483217,-0.005286675093448927,0.0016829120235130922,8.127903671829993e-06
-276.48,0.92,0.025,0.009797958971132711,0.5248792922602417,0.5278473586035246,0.012569004536168603,0.10735675715113759,0.20015190681447953,-0.0004896486052074437,0.0006689571735506014,0.0007996219476879747,0.0003376646348207843,8.043611230425469e-07,0.010638405439413105,0.09086675925272286,0.16940857392777547,-0.00041443857944758035,0.054032486591307084,0.07899622383003134,0.15633495803342273,-0.0830106432605425,0.03588782435245114,-0.08711193147076712,-0.014162877137444659,-0.026986915191696045,0.00806721639048322,-0.005286675093448927,0.0016870218804645148,8.145858112047161e-06
-276.32,0.92,0.025,0.009797958971132711,0.5248792922602417,0.5278473586035246,0.012676160934207363,0.10748473394536383,0.2002059562231204,-0.0004895089723418288,0.0006704981991317801,0.0008000878631193428,0.00033857936768048365,8.066191887882719e-07,0.010729102614713113,0.09097507881135594,0.1694543213472491,-0.00041432039419012393,0.054169161623426616,0.07905246273012903,0.15637728725830563,-0.08303284699722306,0.035860383421912036,-0.08725480855933612,-0.014201238034775581,-0.027060026024917097,0.008067216390483219,-0.005286675093448928,0.0016911353578345967,8.163818653183834e-06
-276.15999999999997,0.92,0.025,0.009797958971132711,0.5248792922602417,0.5278473586035246,0.012783564087060413,0.10761278522981137,0.20026015118088566,-0.0004893689622382277,0.0006720416091430388,0.0008005530749669146,0.00033949551305294235,8.088816064785202e-07,0.010820008643287934,0.09108346141851234,0.16950019195950164,-0.00041420188963843594,0.054306060766542874,0.07910865848922669,0.15641973047164906,-0.08305511052517345,0.035832786047585864,-0.08739784689367686,-0.014239658099208378,-0.027133249790919526,0.008067216390483222,-0.005286675093448928,0.0016952524360904205,8.181785153951817e-06
-276.0,0.92,0.025,0.009797958971132711,0.5248792922602417,0.5278473586035246,0.012891214376435194,0.10774091089167268,0.200314491926597,-0.0004892285749664574,0.000673587406067317,0.0008010175803026832,0.00034041306981090296,8.111483741640278e-07,0.010911123848214748,0.09119190697871175,0.1695461859666717,-0.0004140830658516096,0.05444318427349593,0.07916481086180623,0.15646228786020466,-0.0830774339430398,0.03580503189089892,-0.08754104654949295,-0.01427813728340304,-0.027206586399641405,0.00806721639048322,-0.005286675093448927,0.0016993730956818567,8.199757472877632e-06
-275.84000000000003,0.92,0.025,0.009797958971132711,0.5248792922602417,0.5278473586035246,0.012999112184436482,0.1078691108176712,0.2003689786989559,-0.0004890878105983039,0.0006751355923882806,0.0008014813761927592,0.0003413320368264578,8.134194898502034e-07,0.01100244855290704,0.0913004153960769,0.16959230357079627,-0.00041396392289040445,0.05458053239724441,0.07922091960181836,0.15650495961062913,-0.08309981734942018,0.03577712061277628,-0.08768440760229908,-0.01431667553999578,-0.02728003576096698,0.00806721639048322,-0.005286675093448926,0.0017034973170424615,8.217735468305633e-06
-275.68,0.92,0.025,0.009797958971132711,0.5248792922602417,0.5278473586035246,0.013107257893566473,0.10799738489406052,0.20042361173654105,-0.0004889466692075072,0.0006766861705903171,0.0008019444596973604,0.0003422524129711932,8.156949514975793e-07,0.011093983081114664,0.09140898657433283,0.16963854497380834,-0.0004138444608172341,0.054718105390865135,0.07927698446268192,0.15654774590948237,-0.08312226084286349,0.03574905187364118,-0.0878279301274202,-0.01435527282160507,-0.02735359778473822,0.008067216390483222,-0.005286675093448927,0.0017076250805903523,8.235718998404275e-06
-275.52,0.92,0.025,0.009797958971132711,0.5248792922602417,0.5278473586035246,0.01321565188672494,0.10812573300662341,0.2004783912778055,-0.00048880515086968,0.0006782391431585325,0.000802406827870805,0.0003431741971163341,8.17974757021972e-07,0.01118572775692399,0.09151762041680606,0.16968491037753458,-0.0004137246796960971,0.0548559035075529,0.07933300519728295,0.15659064694322533,-0.08314476452186827,0.03572082533341459,-0.08797161419999092,-0.014393929080837737,-0.02742727238076639,0.00806721639048322,-0.005286675093448928,0.0017117563667290862,8.253707921170381e-06
-275.36,0.92,0.025,0.009797958971132711,0.5248792922602417,0.5278473586035246,0.013324294547209329,0.10825415504067083,0.20053331756107243,-0.0004886632556623363,0.0006797945125787463,0.0008028684777615025,0.0003440973881328915,8.20258904294478e-07,0.011277682904757976,0.0916263168264238,0.16973139998369172,-0.0004136045795926015,0.0549939270006201,0.07938898155797398,0.15663366289821645,-0.08316732848488079,0.03569244065151478,-0.08811545989495483,-0.01443264427029515,-0.027501059458843746,0.00806721639048322,-0.005286675093448926,0.0017158911558485665,8.271702094433634e-06
-275.2,0.92,0.025,0.009797958971132711,0.5248792922602417,0.5278473586035246,0.013433186258714888,0.10838265088104101,0.20058839082453453,-0.00048852098366486,0.0006813522813374887,0.0008033294064119464,0.00034502198489180574,8.225473911420458e-07,0.011369848849376281,0.09173507570571313,0.16977801399388603,-0.0004134841605739375,0.055132176123496496,0.07944491329657319,0.1566767939607115,-0.08318995283029508,0.03566389748685672,-0.08825946728706388,-0.014471418342579232,-0.027574958928755076,0.00806721639048322,-0.005286675093448928,0.0017200294283258948,8.289701375863148e-06
-275.03999999999996,0.92,0.025,0.009797958971132711,0.5248792922602417,0.5278473586035246,0.013542327405334731,0.10851122041209853,0.20064361130624814,-0.0004883783349584369,0.0006829124519219945,0.0008037896108587046,0.00034594798626409447,8.24840215347192e-07,0.011462225915875316,0.0918438969568002,0.16982475260960844,-0.000413363422708821,0.055270651129728864,0.07950080016436373,0.15672004031685874,-0.0832126376564502,0.035635195497851664,-0.08840363645087758,-0.01451025125029871,-0.027648970700289474,0.008067216390483219,-0.005286675093448928,0.0017241711645262943,8.307705622969841e-06
-274.88,0.92,0.025,0.009797958971132711,0.5248792922602417,0.5278473586035246,0.013651718371560016,0.10863986351773332,0.20069897924413418,-0.0004882353096260552,0.0006844750268202014,0.0008042490881324129,0.00034687539112099536,8.271373746487589e-07,0.011554814429688398,0.09195278048140948,0.1698716160322352,-0.00041324236606749313,0.05540935227298076,0.07955664191209279,0.15676340215269985,-0.08323538306163077,0.03560633434240667,-0.08854796746076246,-0.014549142946075063,-0.027723094683251733,0.00806721639048322,-0.005286675093448927,0.0017283163448039425,8.325714693114071e-06
-274.72,0.92,0.025,0.009797958971132711,0.5248792922602417,0.5278473586035246,0.013761359542280012,0.10876858008135973,0.20075449487597116,-0.0004880919077524995,0.0006860400085207436,0.0008047078352577644,0.0003478041983341148,8.29438866741596e-07,0.011647614716585802,0.09206172618086288,0.169918604463022,-0.0004131209907217156,0.055548279807032086,0.07961243828997086,0.15680687965416437,-0.08325818914406392,0.035577313677924036,-0.0886924603908913,-0.014588093382548822,-0.027797330787474237,0.00806721639048322,-0.0052866750934489285,0.0017324649495029073,8.34372844350843e-06
-274.56,0.92,0.025,0.009797958971132711,0.5248792922602417,0.5278473586035246,0.01387125130278223,0.10889736998591563,0.2008101584393963,-0.00048794812942427114,0.0006876073995129497,0.0008051658492535042,0.0003487344067755738,8.317446892771912e-07,0.011740627102674879,0.092170733956079,0.16996571810310504,-0.00041299929674470313,0.05568743398577896,0.07966818904767106,0.15685047300707064,-0.08328105600191996,0.03554813316130093,-0.08883711531524252,-0.014627102512385658,-0.02787167892282861,0.008067216390483219,-0.005286675093448929,0.0017366169589579951,8.361746731224078e-06
-274.4,0.92,0.025,0.009797958971132711,0.5248792922602417,0.5278473586035246,0.01398139403875254,0.10902623311386136,0.20086597017189967,-0.00048780397472960045,0.0006891772022868366,0.0008056231271324184,0.0003496660153181503,8.340548398636403e-07,0.01183385191440015,0.09227980370757226,0.17001295715349588,-0.0004128772842111338,0.055826815063233254,0.0797238939343281,0.15689418239712122,-0.08330398373330965,0.035518792448928804,-0.08898193230759943,-0.014666170288282388,-0.027946138999237098,0.008067216390483219,-0.005286675093448929,0.001740772353495642,8.379769413194958e-06
-274.24,0.92,0.025,0.009797958971132711,0.5248792922602417,0.5278473586035246,0.01409178813627524,0.10915516934717888,0.20092193031082323,-0.00048765944375840376,0.0006907494193331071,0.0008060796659013276,0.00035059902283542875,8.363693160658865e-07,0.011927289478543364,0.09238893533545221,0.1700603218150808,-0.00041275495319711297,0.05596642329352239,0.07977955269853775,0.15693800800990204,-0.08332697243628398,0.035489291196692946,-0.08912691144154959,-0.014705296662973258,-0.02802071092668451,0.00806721639048322,-0.005286675093448929,0.0017449311134347986,8.397796346222646e-06
-274.08,0.92,0.025,0.009797958971132711,0.5248792922602417,0.5278473586035246,0.01420243398183322,0.10928417856737072,0.20097803909335865,-0.0004875145366022502,0.0006923240531431447,0.0008065354625610775,0.00035153342820194727,8.386881154059004e-07,0.012020940122223638,0.09249812873942258,0.17010781228861876,-0.00041263230378014456,0.05610625893088899,0.07983516508835585,0.15698195003088095,-0.08335002220883324,0.03545962905997197,-0.08927205279048418,-0.014744481589236113,-0.028095394615229953,0.008067216390483217,-0.0052866750934489285,0.001749093219087811,8.415827386981033e-06
-273.92,0.92,0.025,0.009797958971132711,0.5248792922602417,0.5278473586035246,0.014313331962308043,0.10941326065545907,0.20103429675654286,-0.0004873692533543538,0.0006939011062090099,0.0008069905141065316,0.0003524692302933396,8.410112353631627e-07,0.012114804172897528,0.09260738381878056,0.17015542877473788,-0.00041250933603912505,0.05624632222969059,0.0798907308512976,0.15702600864540395,-0.08337313314888505,0.035429805693637385,-0.08941735642759722,-0.014783725019898365,-0.028170189975018196,0.008067216390483217,-0.005286675093448929,0.0017532586507612977,8.433862392022801e-06
-273.76,0.92,0.025,0.009797958971132711,0.5248792922602417,0.5278473586035246,0.014424482464980059,0.10954241549198483,0.20109070353725728,-0.00048722359410953046,0.0006954805810234354,0.0008074448175265621,0.0003534064279864837,8.433386733744789e-07,0.012208881958359123,0.09271670047241597,0.17020317147393457,-0.0004123860500543066,0.05638661344439926,0.07994624973433674,0.15707018403869488,-0.0833963053543041,0.03539982075205303,-0.08956282242588494,-0.014823026907843253,-0.028245096916291547,0.00806721639048322,-0.00528667509344893,0.0017574273887570261,8.4519012177821e-06
-273.6,0.92,0.025,0.009797958971132711,0.5248792922602417,0.5278473586035246,0.01453588587752848,0.10967164295700668,0.2011472596722239,-0.00048707755896415603,0.0006970624800798223,0.000807898369804042,0.00035434502015964977,8.45670426834418e-07,0.012303173806740106,0.09282607859881047,0.1702510405865703,-0.0004122624459072617,0.056527132829601416,0.08000172148390483,0.15711447639585222,-0.08341953892289057,0.03536967388907465,-0.08970845085814506,-0.014862387206016042,-0.028320115349401643,0.008067216390483219,-0.00528667509344893,0.0017615994133728093,8.469943720580535e-06
-273.44,0.92,0.025,0.009797958971132711,0.5248792922602417,0.5278473586035246,0.014647542588031552,0.10980094293010002,0.20120396539800464,-0.00048693114801616,0.0006986468058722364,0.0008083511679158367,0.000355285005692644,8.480064930956675e-07,0.012397680046509907,0.09293551809603666,0.17029903631287113,-0.00041213852368087784,0.05666788063999742,0.08005714584589034,0.15715888590184857,-0.08344283395237961,0.03533936475804937,-0.08985424179697621,-0.014901805867430066,-0.02839524518482098,0.008067216390483219,-0.00528667509344893,0.0017657747049033595,8.487989756632764e-06
-273.28,0.92,0.025,0.009797958971132711,0.5248792922602417,0.5278473586035246,0.0147594529849666,0.10993031529035609,0.20126082095099665,-0.00048678436136500707,0.0007002335608954028,0.0008088032088327954,0.00035622638346695536,8.503468694688419e-07,0.012492401006475732,0.0930450188617574,0.17034715885292356,-0.000412014283459342,0.056808857130401264,0.0801125225656379,0.15720341274152705,-0.08346619054043972,0.0353088930118152,-0.09000019531477706,-0.01494128284517291,-0.028470486333154594,0.00806721639048322,-0.005286675093448931,0.0017699532436411855,8.506039182049564e-06
-273.12,0.92,0.025,0.009797958971132711,0.5248792922602417,0.5278473586035246,0.014871617457210173,0.11005975991638098,0.20131782656743202,-0.0004866371991116079,0.0007018227476447026,0.0008092544895197433,0.000357169152365902,8.526915532232096e-07,0.01258733701578269,0.09315458079322486,0.17039540840667447,-0.00041188972532806494,0.056950062555740304,0.08016785138794753,0.15724805709960113,-0.08348960878467228,0.0352782583027006,-0.09014631148374574,-0.01498081809241254,-0.028545838705151785,0.008067216390483219,-0.005286675093448931,0.0017741350098774498,8.524091852844536e-06
-272.96,0.92,0.025,0.009797958971132711,0.5248792922602417,0.5278473586035246,0.014984036394038116,0.11018927668629468,0.20137498248337354,-0.00048648966135837084,0.0007034143686161684,0.0008097050069354732,0.00035811331127477984,8.550405415863856e-07,0.012682488403913861,0.09326420378727981,0.1704437851739274,-0.0004117648493737251,0.05709149717105492,0.08022313205707379,0.15729281916065127,-0.08351308878261,0.035247460282523936,-0.09029259037587924,-0.015020411562403566,-0.02862130221171797,0.008067216390483219,-0.00528667509344893,0.0017783199839028747,8.542147624937196e-06
-272.8,0.92,0.025,0.009797958971132711,0.5248792922602417,0.5278473586035246,0.015096710185125718,0.11031886547773008,0.20143228893471493,-0.00048634174820909093,0.0007050084263064798,0.0008101547580327366,0.00035905885908100565,8.573938317450902e-07,0.012777855500690409,0.09337388774035074,0.1704922893543427,-0.0004116396556841746,0.057233161231498186,0.08027836431672503,0.15733769910912493,-0.08353663063171682,0.03521649860259303,-0.09043903206297252,-0.015060063208493228,-0.028696876763926144,0.00806721639048322,-0.00528667509344893,0.0017825081460085752,8.560206354159535e-06
-272.64,0.92,0.025,0.009797958971132711,0.5248792922602417,0.5278473586035246,0.015209639220547758,0.11044852616783205,0.20148974615717571,-0.00048619345976901653,0.0007066049232129595,0.0008106037397582358,0.0003600057946742655,8.59751420844932e-07,0.012873438636271623,0.09348363254845304,0.17054092114743352,-0.0004115141443484956,0.057375054992335583,0.08033354791006252,0.15738269712933306,-0.08356023442938598,0.03518537291370462,-0.09058563661661795,-0.01509977298412767,-0.028772562273028702,0.00806721639048322,-0.005286675093448931,0.0017866994764869693,8.578267896259728e-06
-272.48,0.92,0.025,0.009797958971132711,0.5248792922602417,0.5278473586035246,0.015322823890778653,0.11057825863325645,0.2015473543863018,-0.00048604479614470776,0.0007082038618335684,0.0008110519490526153,0.0003609541169466607,8.621133059909546e-07,0.012969238141155052,0.09359343810718826,0.17058968075256586,-0.00041138831545688067,0.05751717870894467,0.08038868257969974,0.15742781340545,-0.08358390027294005,0.03515408286614394,-0.09073240410820456,-0.015139540842858018,-0.028848358650469103,0.008067216390483219,-0.005286675093448929,0.0017908939556326234,8.59633210690736e-06
-272.32,0.92,0.025,0.009797958971132711,0.5248792922602417,0.5278473586035246,0.01543626458669255,0.11070806275016913,0.20160511385746077,-0.0004858957574441055,0.0007098052446669022,0.0008114993828504542,0.0003619038247928536,8.644794842476221e-07,0.013065254346176575,0.09370330431174316,0.1706385683689548,-0.00041126216910069094,0.05765953263681475,0.08044376806770151,0.15747304812151022,-0.083607628259629,0.035122628109684195,-0.09087933460891745,-0.015179366738346557,-0.02892426580789355,0.00806721639048322,-0.005286675093448929,0.0017950915637431422,8.614398841698083e-06
-272.15999999999997,0.92,0.025,0.009797958971132711,0.5248792922602417,0.5278473586035246,0.015549961699563398,0.11083793839424504,0.2016630248058421,-0.0004857463437764407,0.0007114090742121864,0.0008119460380802564,0.0003628549171102148,8.668499526392445e-07,0.013161487582510461,0.093813231056889,0.17068758419566477,-0.0004111357053723794,0.05780211703154656,0.08049880411558323,0.1575184014614083,-0.08363141848663039,0.035091008293586044,-0.09102642818973686,-0.015219250624372887,-0.02900028365716271,0.00806721639048322,-0.005286675093448931,0.0017992922811200223,8.63246795615869e-06
-272.0,0.92,0.025,0.009797958971132711,0.5248792922602417,0.5278473586035246,0.015663915621065103,0.11096788544066714,0.20172108746645348,-0.00048559655525221365,0.0007130153529692717,0.0008123919116644436,0.00036380739279896806,8.692247081500619e-07,0.013257938181669503,0.09392321823698067,0.17073672843160623,-0.00041100892436547363,0.05794493214885195,0.08055379046431003,0.15756387360889612,-0.08365527105104763,0.03505922306659719,-0.09117368492143774,-0.015259192454840012,-0.029076412110363326,0.008067216390483217,-0.00528667509344893,0.0018034960880695286,8.65053930575138e-06
-271.84000000000003,0.92,0.025,0.009797958971132711,0.5248792922602417,0.5278473586035246,0.01577812674327159,0.11109790376412551,0.2017793020741197,-0.00048544639198319677,0.0007146240834386304,0.0008128370005193463,0.000364761250762339,8.71603747724544e-07,0.013354606475505074,0.09403326574595584,0.17078600127553492,-0.0004108818261745778,0.05808797824455357,0.08060872685429592,0.15760946474758197,-0.08367918604990966,0.035027272076951825,-0.09132110487458889,-0.0152991921837806,-0.029152651079820065,0.008067216390483219,-0.005286675093448928,0.0018077029649035637,8.668612745879115e-06
-271.68,0.92,0.025,0.009797958971132711,0.5248792922602417,0.5278473586035246,0.01589259545865688,0.11122799323881637,0.20183766886348053,-0.0004852958540823593,0.0007162352681213523,0.0008132813015551953,0.00036571648990669955,8.739870682676401e-07,0.013451492796207182,0.09414337347733417,0.17083540292604993,-0.0004107544108953089,0.05823125557458452,0.0806636130254032,0.15765517506092908,-0.08370316358017003,0.03499515497237012,-0.09146868811955229,-0.01533924976536303,-0.029229000478107076,0.00806721639048322,-0.005286675093448929,0.0018119128919405266,8.686688131890077e-06
-271.52,0.92,0.025,0.009797958971132711,0.5248792922602417,0.5278473586035246,0.016007322160095254,0.1113581537384411,0.2018961880689886,-0.00048514494166387195,0.000717848909519139,0.0008137248116761136,0.0003666731091417135,8.763746666449517e-07,0.013548597476304623,0.09425354132421655,0.17088493358159196,-0.0004106266786243012,0.05837476439498807,0.08071844871694141,0.15770100473225357,-0.08372720373870586,0.03496287140005786,-0.09161643472648244,-0.015379365153897524,-0.02930546021805961,0.00806721639048322,-0.00528667509344893,0.001816125849506176,8.704765319082428e-06
-271.36,0.92,0.025,0.009797958971132711,0.5248792922602417,0.5278473586035246,0.016122307240861295,0.11148838513620522,0.20195485992490797,-0.00048499365484306494,0.0007194650101343005,0.0008141675277801079,0.00036763110738048324,8.787665396831144e-07,0.013645920848665,0.0943637691792841,0.17093459344044212,-0.0004104986294591702,0.058518504961917295,0.08077323366766664,0.15774695394472388,-0.0837513066223174,0.03493042100670582,-0.09176434476532556,-0.0154195383038423,-0.02938203021278576,0.00806721639048322,-0.0052866750934489285,0.0018203418179344893,8.722844162709665e-06
-271.2,0.92,0.025,0.009797958971132711,0.5248792922602417,0.5278473586035246,0.016237551094630015,0.11161868730481746,0.20201368466531192,-0.0004848419937363716,0.0007210835724697507,0.00081460944675906,0.0003685904835396978,8.811626841698413e-07,0.013743463246494845,0.0944740569347975,0.17098438270072,-0.0004103702634984649,0.05866247753163473,0.0808279676157807,0.15779302288135857,-0.08377547232772702,0.03489780343848932,-0.09191241830581902,-0.015459769169809796,-0.029458710375678265,0.008067216390483222,-0.00528667509344893,0.0018245607775685402,8.740924517984215e-06
-271.03999999999996,0.92,0.025,0.009797958971132711,0.5248792922602417,0.5278473586035246,0.016353054115476925,0.11174906011648876,0.2020726625240819,-0.000484689958461341,0.0007227045990290027,0.0008150505654987186,0.00036955123653977456,8.835630968541812e-07,0.013841225003339671,0.09458440448259609,0.17103430156038293,-0.00041024158084167905,0.05880668236051212,0.08088265029893035,0.15783921172502585,-0.0837997009515787,0.03486501834106778,-0.0920606554174905,-0.015500057706572626,-0.029535500620425845,0.008067216390483222,-0.0052866750934489285,0.0018287827087613265,8.759006240082543e-06
-270.88,0.92,0.025,0.009797958971132711,0.5248792922602417,0.5278473586035246,0.01646881669787815,0.11187950344293128,0.20213179373490503,-0.0004845375491365813,0.0007243280923161649,0.0008154908808786908,0.0003705133653050084,8.85967774447034e-07,0.013939206453084066,0.09469481171409704,0.17108435021722362,-0.00041011258158920244,0.058951119705029975,0.08093728145420637,0.1578855206584414,-0.08382399259043709,0.03483206535958419,-0.09220905616965742,-0.015540403869069828,-0.029612400861025116,0.00806721639048322,-0.005286675093448929,0.0018330075918766527,8.777089184151091e-06
-270.72,0.92,0.025,0.009797958971132711,0.5248792922602417,0.5278473586035246,0.01658483923671053,0.1120100171553574,0.20219107853127302,-0.0004843847658817392,0.0007259540548359358,0.0008159303897724338,0.000371476868763718,8.883767136210044e-07,0.014037407929951793,0.09480527852029451,0.17113452886886948,-0.00040998326584230406,0.05909578982177738,0.08099186081814291,0.15793194986416778,-0.08384834734078697,0.0347989441386646,-0.09235762063142605,-0.015580807612413025,-0.029689411011792267,0.00806721639048322,-0.005286675093448931,0.001837235407289982,8.795173205309117e-06
-270.56,0.92,0.025,0.009797958971132711,0.5248792922602417,0.5278473586035246,0.016701122127251698,0.11214060112447885,0.20225051714648046,-0.00048423160881744286,0.0007275824890936002,0.0008163690890472464,0.00037244174584838744,8.907899110109435e-07,0.014135829768505838,0.0949158047917589,0.17118483771278106,-0.00040985363370308367,0.05924069296745157,0.0810463881267166,0.1579784995246128,-0.08387276529903248,0.03476565432241773,-0.09250634887169099,-0.01562126889189237,-0.029766530987374393,0.00806721639048322,-0.005286675093448929,0.0018414661353892683,8.813258158654585e-06
-270.4,0.92,0.025,0.009797958971132711,0.5248792922602417,0.5278473586035246,0.016817665765180182,0.11227125522050553,0.2023101098136232,-0.00048407807806531434,0.0007292133975950248,0.0008168069755642601,0.00037340799549581596,8.932073632139241e-07,0.014234472303648507,0.09502639041863589,0.1712352769462507,-0.0004097236852744821,0.05938582939885759,0.08110086311534573,0.15802516982202863,-0.08389724656149654,0.03473219555443432,-0.09265524095913434,-0.015661787662982835,-0.02984376070276143,0.008067216390483219,-0.0052866750934489285,0.0018456997565758334,8.831343899267959e-06
-270.24,0.92,0.025,0.009797958971132711,0.5248792922602417,0.5278473586035246,0.016934470546575493,0.11240197931314466,0.20236985676559713,-0.0004839241737479126,0.0007308467828466528,0.0008172440461784313,0.0003743756166472597,8.956290667898337e-07,0.014333335870621498,0.09513703529064564,0.1712858467664014,-0.00040959342066023324,0.059531199372907996,0.0811552855188894,0.1580719609385105,-0.0839217912244202,0.03469856747778678,-0.092804296962225,-0.01570236388135015,-0.02992110007329752,0.008067216390483219,-0.005286675093448929,0.0018499362512651905,8.849430282218284e-06
-270.08,0.92,0.025,0.009797958971132711,0.5248792922602417,0.5278473586035246,0.017051536867918198,0.11253277327159981,0.2024297582350968,-0.0004837698959886824,0.0007324826473555007,0.0008176802977385325,0.0003753446082485816,8.980550182613117e-07,0.014432420805005964,0.09524773929708209,0.17133654737018594,-0.00040946283996482077,0.05967680314662253,0.08120965507164683,0.15811887305599584,-0.0839463993839621,0.03466476973502867,-0.09295351694921805,-0.01574299750285712,-0.029998549014692944,0.008067216390483219,-0.00528667509344893,0.001854175599887915,8.867517162566169e-06
-269.91999999999996,0.92,0.025,0.009797958971132711,0.5248792922602417,0.5278473586035246,0.017168865126090067,0.1126636369645698,0.2024898144546135,-0.0004836152449119858,0.0007341209936291528,0.0008181157270871441,0.0003763149692503923,9.004852141141022e-07,0.014531727442722634,0.09535850232681188,0.17138737895438488,-0.0004093319432935048,0.05982264097712776,0.08126397150735645,0.15816590635626285,-0.08397107113619778,0.03463080196819417,-0.0931029009881539,-0.015783688483569532,-0.030076107443035415,0.008067216390483217,-0.0052866750934489285,0.0018584177828904745,8.8856043953695e-06
-269.76,0.92,0.025,0.009797958971132711,0.5248792922602417,0.5278473586035246,0.01728645571837411,0.11279457026024778,0.2025500256564347,-0.0004834602206429783,0.0007357618241757572,0.0008185503310606455,0.00037728669860819544,9.029196507973322e-07,0.014631256120031846,0.09546932426827373,0.17143834171560635,-0.00040920073075221685,0.05996871312165677,0.08131823455919511,0.15821306102092986,-0.08399580657711907,0.03459666381879764,-0.0932524491468576,-0.015824436779762266,-0.030153775274801658,0.008067216390483217,-0.005286675093448929,0.001862662780736065,8.903691835687313e-06
-269.6,0.92,0.025,0.009797958971132711,0.5248792922602417,0.5278473586035246,0.017404309042454692,0.11292557302632023,0.2026103920726422,-0.000483304823307681,0.0007374051415040211,0.0008189841064892068,0.0003782597952825364,9.053583247237386e-07,0.014731007173533652,0.09558020500947745,0.17148943585028437,-0.0004090692024476212,0.06011501983754876,0.08137244395977727,0.15826033723145402,-0.08402060580263372,0.03456235492783307,-0.09340216149293822,-0.01586524234792552,-0.030231552426869313,0.008067216390483219,-0.005286675093448929,0.0018669105739054742,8.921779338585294e-06
-269.44,0.92,0.025,0.009797958971132711,0.5248792922602417,0.5278473586035246,0.01752242549641761,0.11305664512996594,0.20267091393511175,-0.0004831490530328454,0.0007390509481232061,0.0008194170501967802,0.00037923425823914247,9.078012322699104e-07,0.014830980940167866,0.09569114443800318,0.1715406615546786,-0.0004089373584870004,0.06026156138224877,0.08142659944115412,0.15830773516913108,-0.08404546890856499,0.03452787493577363,-0.09355203809378802,-0.015906105144770713,-0.03030943881652812,0.008067216390483216,-0.005286675093448928,0.0018711611428978894,8.939866759139275e-06
-269.28,0.92,0.025,0.009797958971132711,0.5248792922602417,0.5278473586035246,0.017640805478750184,0.11318778643785508,0.20273159147551068,-0.0004829929099460246,0.0007406992465431246,0.0008198491590010924,0.0003802100864490703,9.102483697765116e-07,0.014931177757214156,0.09580214244100055,0.17159201902487226,-0.0004088051989783152,0.060408338013307326,0.0814807007348129,0.15835525501509343,-0.08407039599065062,0.03449322348257124,-0.09370207901658187,-0.01594702512723669,-0.030387434361491713,0.008067216390483217,-0.00528667509344893,0.001875414468231762,8.957953952440712e-06
-269.12,0.92,0.025,0.009797958971132711,0.5248792922602417,0.5278473586035246,0.017759449388341366,0.11331899681614813,0.20279242492529814,-0.00048283639417544456,0.0007423500392741334,0.0008202804297136346,0.0003811872788888469,9.126997335485923e-07,0.015031597962292134,0.09591319890518778,0.17164350845677234,-0.0004086727240300963,0.0605553499883801,0.08153474757167596,0.1584028969503103,-0.08409538714454304,0.03445840020765596,-0.09385228432827629,-0.01598800225249561,-0.03046553897990888,0.008067216390483217,-0.0052866750934489285,0.0018796705304456056,8.976040773600496e-06
-268.96000000000004,0.92,0.025,0.009797958971132711,0.5248792922602417,0.5278473586035246,0.017878357624481794,0.1134502761304949,0.2028534145157231,-0.0004826795058500493,0.0007440033288271309,0.0008207108591396547,0.00038216583454061946,9.151553198558018e-07,0.015132241893361391,0.09602431371685088,0.17169513004610806,-0.00040853993375148176,0.06070259756522755,0.08158873968210001,0.15845066115558637,-0.08412044246580842,0.03442340474993558,-0.09400265409560891,-0.01602903647795927,-0.030543752590375516,0.008067216390483217,-0.005286675093448928,0.0018839293100988684,8.99412707775413e-06
-268.8,0.92,0.025,0.009797958971132711,0.5248792922602417,0.5278473586035246,0.01799753058686387,0.11358162424603355,0.20291456047782386,-0.0004825222450994138,0.0007456591177135518,0.0008211404440781493,0.00038314575239229353,9.176151249326854e-07,0.01523310988872158,0.0961354867618428,0.17174688398843013,-0.00040840682825214384,0.060850081001714525,0.08164267679587525,0.1584985478115612,-0.08414556204992647,0.034388236747795106,-0.09415318838509783,-0.016070127761284882,-0.030622075111945705,0.008067216390483217,-0.005286675093448929,0.001888190787772725,9.01221272006583e-06
-268.64,0.92,0.025,0.009797958971132711,0.5248792922602417,0.5278473586035246,0.018116968675581924,0.11371304102738959,0.2029758630424273,-0.0004823646120537511,0.0007473174084453622,0.0008215691813218544,0.00038412703143768015,9.200791449787941e-07,0.015334202287012542,0.09624671792558255,0.17179877047911046,-0.00040827340764229493,0.06099780055581011,0.08169655864222461,0.1585465570987088,-0.08417074599229006,0.0343528958390963,-0.09430388726304058,-0.016111276060381277,-0.03070050646414342,0.008067216390483217,-0.005286675093448928,0.0018924549440709174,9.030297555732695e-06
-268.48,0.92,0.025,0.009797958971132711,0.5248792922602417,0.5278473586035246,0.018236672291132183,0.11384452633867484,0.2030373224401469,-0.00048220660684386856,0.0007489782035350554,0.0008219970676572374,0.0003851096706766381,9.225473761591801e-07,0.015435519427214281,0.09635800709305439,0.17185078971334036,-0.00040813967203265036,0.061145756485587024,0.08175038494980286,0.15859468919733596,-0.08419599438820458,0.034317381661177176,-0.0944547507955137,-0.01615248133341485,-0.030779046566973934,0.008067216390483219,-0.0052866750934489285,0.0018967217596205798,9.048381439990302e-06
-268.32,0.92,0.025,0.009797958971132711,0.5248792922602417,0.5278473586035246,0.018356641834412952,0.11397608004348646,0.20309893890138375,-0.0004820482296011117,0.0007506415054956475,0.0008224240998644875,0.00038609366911521886,9.250198146044024e-07,0.015537061648647123,0.09646935414880695,0.17190294188613123,-0.000408005621534381,0.06129394904922145,0.08180415544669581,0.1586429442875832,-0.084221307332888,0.03428169385085142,-0.09460577904837182,-0.01619374353881567,-0.030857695340935385,0.008067216390483219,-0.005286675093448929,0.0019009912150730517,9.066464228115607e-06
-268.15999999999997,0.92,0.025,0.009797958971132711,0.5248792922602417,0.5278473586035246,0.01847687770672466,0.114107702004906,0.20316071265632443,-0.0004818894804573659,0.0007523073168406719,0.0008228502747175092,0.0003870790257658067,9.274964564109717e-07,0.015638829290971754,0.09658075897695244,0.17195522719231301,-0.0004078712562591145,0.06144237850499266,0.08185786986041958,0.158691322549423,-0.08424668492147025,0.034245832044408106,-0.09475697208724707,-0.016235062635283355,-0.030936452707029955,0.008067216390483216,-0.005286675093448928,0.0019052632911046893,9.084545775432665e-06
-268.0,0.92,0.025,0.009797958971132711,0.5248792922602417,0.5278473586035246,0.018597380309769932,0.1142393920854982,0.2032226439349407,-0.0004817303595450042,0.0007539756400841757,0.0008232755889839116,0.0003880657396472642,9.299772976415093e-07,0.01574082269418927,0.09669222146116568,0.1720076458265338,-0.0004077365763188916,0.0615910451112826,0.08191152791791959,0.1587398241626597,-0.08427212724899287,0.034209795877611,-0.09490832997754821,-0.016276438581793173,-0.03101531858677552,0.008067216390483217,-0.005286675093448928,0.001909537968417692,9.102625937316373e-06
-267.84000000000003,0.92,0.025,0.009797958971132711,0.5248792922602417,0.5278473586035246,0.018718150045653668,0.11437115014731022,0.203284732966989,-0.00048157086699686646,0.0007556464777407142,0.000823700039425001,0.00038905380978507644,9.324623343250666e-07,0.015843042198641265,0.09680374148468338,0.1720601979832595,-0.0004076015818261478,0.06173994912657558,0.08196512934556993,0.15878844930692904,-0.08429763441040902,0.03417358498569819,-0.09505985278446002,-0.016317871337602118,-0.031094292902217165,0.008067216390483219,-0.0052866750934489285,0.0019138152277409163,9.120704569197277e-06
-267.68,0.92,0.025,0.009797958971132711,0.5248792922602417,0.5278473586035246,0.018839187316883155,0.11450297605187053,0.20334697998200935,-0.00048141100294621397,0.0007573198323253465,0.0008241236227957722,0.00039004323521148925,9.349515624572309e-07,0.015945488145009904,0.09691531893030322,0.17211288385677273,-0.00040746627289367553,0.06188909080945795,0.08201867386917243,0.15883719816169722,-0.08432320650058271,0.03413719900338156,-0.09521154057294247,-0.016359360862254695,-0.031173375575938217,0.008067216390483219,-0.0052866750934489285,0.001918095049830672,9.138781526565065e-06
-267.52,0.92,0.025,0.009797958971132711,0.5248792922602417,0.5278473586035246,0.018960492526368142,0.11463486966018778,0.20340938520932586,-0.00048125076752672443,0.0007589957063536308,0.0008245463358448993,0.00039103401496565367,9.374449780006476e-07,0.016048160874317995,0.09702695368038294,0.17216570364117342,-0.00040733064963461955,0.062038470418617715,0.08207216121395579,0.15888607090626156,-0.0843488436142892,0.034100637564846284,-0.09536339340773002,-0.01640090711558899,-0.03125256653107179,0.008067216390483219,-0.00528667509344893,0.0019223774154715244,9.156856664974394e-06
-267.36,0.92,0.025,0.009797958971132711,0.5248792922602417,0.5278473586035246,0.019082066077420877,0.11476683083275005,0.20347194887804515,-0.000481090160872396,0.0007606741023416198,0.0008249681753147284,0.00039202614809376736,9.399425768849826e-07,0.01615106072792903,0.09713864561683964,0.17221865753037743,-0.000407194712162396,0.062188088212844175,0.08212559110457494,0.15893506771974897,-0.0843745458462142,0.03406390030375041,-0.09551541135333091,-0.016442510057742617,-0.031331865691312105,0.008067216390483219,-0.0052866750934489285,0.0019266623054771076,9.174929840047253e-06
-267.2,0.92,0.025,0.009797958971132711,0.5248792922602417,0.5278473586035246,0.019203908373756226,0.1148988594295236,0.20353467121705668,-0.0004809291831176226,0.0007623550228058561,0.0008253891379412676,0.0003930196336492193,9.424443550074367e-07,0.01625418804754727,0.09725039462114879,0.1722717457181168,-0.00040705846059075577,0.06233794445102757,0.08217896326511,0.1589841887811166,-0.08440031329095413,0.03402698685322425,-0.09566759447402642,-0.01648416964915879,-0.03141127298092603,0.008067216390483217,-0.005286675093448928,0.0019309497006909297,9.193000907479497e-06
-267.03999999999996,0.92,0.025,0.009797958971132711,0.5248792922602417,0.5278473586035246,0.019326019819491752,0.11503095530995194,0.2035975524550321,-0.00048076783439704457,0.0007640384702633672,0.0008258092204541794,0.0003940144706927268,9.449503082327859e-07,0.016357543175217818,0.09736220057434333,0.17232496839793918,-0.00040692189503365855,0.062488039392158745,0.08223227741906558,0.15903343426915093,-0.08442614604301561,0.03398989684587001,-0.09581994283387006,-0.016525885850592066,-0.03149078832476402,0.008067216390483217,-0.0052866750934489285,0.0019352395819871517,9.211069723042929e-06
-266.88,0.92,0.025,0.009797958971132711,0.5248792922602417,0.5278473586035246,0.01944840081914777,0.11516311833295485,0.20366059282042517,-0.00048060611484558927,0.0007657244472316604,0.0008262284195767715,0.0003950106582924777,9.474604323938719e-07,0.016461126453326674,0.09747406335701299,0.17237832576320788,-0.00040678501560530676,0.06263837329532879,0.08228553328936987,0.159082804362468,-0.08445204419681558,0.033952629913761245,-0.09597245649668688,-0.01656765862311432,-0.0315704116482715,0.008067216390483219,-0.00528667509344893,0.0019395319302713803,9.22913614259135e-06
-266.72,0.92,0.025,0.009797958971132711,0.5248792922602417,0.5278473586035246,0.019571051777647452,0.11529534835692734,0.2037237925414704,-0.00048044402459843034,0.0007674129562287189,0.0008266467320259883,0.0003960081955242754,9.499747232917081e-07,0.016564938224600805,0.09758598284930331,0.17243181800710056,-0.00040664782242011145,0.06278894641972868,0.08233873059837393,0.15913229923951225,-0.08447800784668064,0.03391518568844234,-0.09612513552607276,-0.016609487928120843,-0.03165014287750045,0.008067216390483216,-0.005286675093448929,0.0019438267264814896,9.2472000220641e-06
-266.56,0.92,0.025,0.009797958971132711,0.5248792922602417,0.5278473586035246,0.019693973100316856,0.11542764523973857,0.2037871518461852,-0.0004802815637909135,0.0007691039997729963,0.0008270641545124027,0.00039700708147167316,9.524931766956474e-07,0.01666897883210819,0.09769795893091474,0.17248544532261118,-0.00040651031559262924,0.06293975902464885,0.08239186906785073,0.15918191907855828,-0.0845040370868479,0.03387756380092809,-0.0962779799853936,-0.016651373727335977,-0.031729981939120126,0.008067216390483216,-0.005286675093448928,0.0019481239515883562,9.265261217489173e-06
-266.4,0.92,0.025,0.009797958971132711,0.5248792922602417,0.5278473586035246,0.019817165192885046,0.11556000883873091,0.20385067096236759,-0.0004801187325585946,0.0007707975803834125,0.0008274806837402072,0.0003980073152261197,9.550157883438984e-07,0.016773248619257903,0.09780999148110185,0.17253920790254793,-0.0004063724952375945,0.06309081136947897,0.08244494841899441,0.15923166405770903,-0.0845301320114641,0.033839763881703164,-0.09643098993778461,-0.01669331598281922,-0.03180992876042868,0.008067216390483217,-0.005286675093448928,0.0019524235865966857,9.283319584989534e-06
-266.24,0.92,0.025,0.009797958971132711,0.5248792922602417,0.5278473586035246,0.01994062846148416,0.1156924390107189,0.2039143501175965,-0.00047995553103713767,0.000772493700579348,0.0008278963164072047,0.0003990088958870955,9.575425539436483e-07,0.016877747929800194,0.09792208037867249,0.1725931059395337,-0.00040623436146983334,0.06324210371370743,0.08249796837241935,0.15928153435489606,-0.08455629271458559,0.03380178556072164,-0.09658416544614958,-0.016735314656970958,-0.0318899832693641,0.00806721639048322,-0.005286675093448928,0.0019567256125457727,9.301374980785875e-06
-266.08,0.92,0.025,0.009797958971132711,0.5248792922602417,0.5278473586035246,0.02006436331264944,0.11582493561198824,0.20397818953923305,-0.0004797919593623234,0.0007741923628806396,0.0008283110492048009,0.0004000118225622553,9.600734691713195e-07,0.016982477107826487,0.09803422550198686,0.17264713962600686,-0.00040609591440427054,0.06339363631692113,0.08255092864815955,0.15933153014788043,-0.08458251929017888,0.03376362846740648,-0.09673750657316003,-0.01677736971253843,-0.03197014539451553,0.00806721639048322,-0.005286675093448928,0.001961030010510277,9.319427261201049e-06
-265.91999999999996,0.92,0.025,0.009797958971132711,0.5248792922602417,0.5278473586035246,0.02018837015331936,0.11595749849829469,0.20404218945441877,-0.0004796280176700113,0.0007758935698075762,0.0008287248788179949,0.0004010160943675658,9.626085296728112e-07,0.017087436497769507,0.09814642672895663,0.17270130915422005,-0.0004059571541558976,0.06354540943880495,0.08260382896566747,0.15938165161425166,-0.08460881183211992,0.03372529223064908,-0.09689101338125466,-0.01681948111262155,-0.03205041506513433,0.008067216390483219,-0.005286675093448928,0.001965336761601006,9.337476282664155e-06
-265.76,0.92,0.025,0.009797958971132711,0.5248792922602417,0.5278473586035246,0.0203126493908357,0.11609012752486311,0.20410635009007722,-0.0004794637060960913,0.0007775973238808924,0.000829137801925371,0.0004020217104274457,9.65147731063842e-07,0.017192626444403336,0.09825868393704415,0.17275561471624137,-0.0004058180808397317,0.06369742333914157,0.08265666904381351,0.15943189893142842,-0.08463517043419469,0.03368677647880879,-0.09704468593263842,-0.016861648820678733,-0.03213079221114522,0.008067216390483217,-0.005286675093448928,0.001969645846965673,9.355521901714761e-06
-265.6,0.92,0.025,0.009797958971132711,0.5248792922602417,0.5278473586035246,0.020437201432943555,0.1162228225463864,0.20417067167291303,-0.0004792990247764526,0.0007793036276217649,0.0008295498151990897,0.00040302866987490245,9.676910689300837e-07,0.017298047292843427,0.09837099700326145,0.1728100565039536,-0.00040567869457078953,0.06384967827781086,0.08270944860088492,0.15948227227665854,-0.08466159519009879,0.03364808083971237,-0.09719852428928175,-0.016903872800532682,-0.03221127676315725,0.00806721639048322,-0.005286675093448927,0.001973957247789664,9.373563975006414e-06
-265.44,0.92,0.025,0.009797958971132711,0.5248792922602417,0.5278473586035246,0.020562026687791463,0.11635558341702458,0.204235154429413,-0.00047913397384699764,0.0007810124835518076,0.000829960915304879,0.0004040369718516746,9.702385388276222e-07,0.017403699388546696,0.09848336580416961,0.17286463470905516,-0.00040553899546409884,0.06400217451478984,0.08276216735458522,0.1595327718270192,-0.08468808619343789,0.03360920494065353,-0.09735252851292,-0.016946153016376322,-0.03229186865247514,0.00806721639048322,-0.005286675093448928,0.0019782709452968125,9.391602359312071e-06
-265.28,0.92,0.025,0.009797958971132711,0.5248792922602417,0.5278473586035246,0.020687125563931444,0.11648840999040358,0.2042997985858455,-0.00047896855344353365,0.0007827238941930661,0.000830371098902026,0.0004050466155083664,9.72790136283061e-07,0.017509583077311576,0.0985957902158776,0.17291934952305962,-0.0004053989836346069,0.06415491231015195,0.08281482502203316,0.15958339775941696,-0.0847146435377274,0.03357014840839245,-0.09750669866505253,-0.0169884894327785,-0.03237256781111004,0.00806721639048322,-0.005286675093448928,0.001982586920750146,9.409636911526633e-06
-265.12,0.92,0.025,0.009797958971132711,0.5248792922602417,0.5278473586035246,0.02081249847031908,0.11662130211961431,0.20436460436826134,-0.0004788027637018127,0.0007844378620680127,0.0008307803626433684,0.0004060576000045857,9.753458567938875e-07,0.01761569870527807,0.09870827011404155,0.17297420113729642,-0.00040525865919721426,0.064307891924067,0.08286742131976194,0.15963415025058814,-0.08474126731639293,0.03353091086915533,-0.09766103480694197,-0.01703088201468972,-0.03245337417179057,0.00806721639048322,-0.005286675093448927,0.0019869051554526366,9.42766748867208e-06
-264.96000000000004,0.92,0.025,0.009797958971132711,0.5248792922602417,0.5278473586035246,0.020938145816313595,0.11675425965721169,0.20442957200249423,-0.000478636604757439,0.0007861543896995427,0.0008311887031752851,0.00040706992450908347,9.77905695828533e-07,0.017722046618927827,0.09882080537386398,0.17302918974291112,-0.0004051180222666964,0.06446111361680053,0.08291995596371843,0.15968502947709942,-0.08476795762277033,0.033491491948633774,-0.09781553699961347,-0.017073330727448047,-0.032534287667973935,0.008067216390483222,-0.005286675093448928,0.0019912256307479627,9.445693947899907e-06
-264.8,0.92,0.025,0.009797958971132711,0.5248792922602417,0.5278473586035246,0.021064068011677903,0.11688728245521343,0.20449470171416048,-0.00047847007674587717,0.0007878734796109679,0.0008315961171376879,0.0004080835881998904,9.80469648826869e-07,0.01782862716508418,0.09893339587009266,0.17308431553086545,-0.00040497707295771045,0.06461457764871363,0.0829724286692622,0.1597360356153474,-0.08479471455010555,0.03345189127198443,-0.09797020530385397,-0.01711583553678482,-0.032615308233856874,0.008067216390483222,-0.005286675093448928,0.001995548328021261,9.46371614649661e-06
-264.64,0.92,0.025,0.009797958971132711,0.5248792922602417,0.5278473586035246,0.021190265466578664,0.11702037036509923,0.20455999372866054,-0.00047830317980239597,0.000789595134326013,0.000832002601164013,0.0004090985902644494,9.830377112003812e-07,0.017935440690912182,0.09904604147702,0.1731395786919383,-0.00040483581138474795,0.06476828428026252,0.08302483915116492,0.1597871688415601,-0.0848215381915553,0.03341210846382844,-0.09812503978021149,-0.017158396408830216,-0.032696435804386234,0.00806721639048322,-0.005286675093448928,0.001999873228699838,9.48173394188683e-06
-264.48,0.92,0.025,0.009797958971132711,0.5248792922602417,0.5278473586035246,0.021316738591586403,0.1171535232378095,0.20462544827117815,-0.00047813591406207817,0.0007913193563688096,0.0008324081518812123,0.00041011492989975865,9.856098783325853e-07,0.018042487543918732,0.09915874206848196,0.1731949794167252,-0.000404694237662143,0.06492223377199807,0.0830771871236092,0.15983842933179596,-0.08484842864018671,0.033372143148250995,-0.0982800404889942,-0.01720101331011923,-0.032777670315270374,0.00806721639048322,-0.005286675093448928,0.002004200314253956,9.499747191638555e-06
-264.32,0.92,0.025,0.009797958971132711,0.5248792922602417,0.5278473586035246,0.021443487797675503,0.11728674092374457,0.20469106556668243,-0.0004779682796597255,0.0007930461482638921,0.000832812765909744,0.0004111326063125029,9.881861455788347e-07,0.018149768071952545,0.09927149751785741,0.17325051789564003,-0.0004045523519039917,0.06507642638456558,0.08312947230018806,0.1598898172619458,-0.08487538598897804,0.03333199494880075,-0.0984352074902698,-0.017243686207597256,-0.0328590117029897,0.008067216390483217,-0.005286675093448926,0.002008529566197532,9.517755753463975e-06
-264.15999999999997,0.92,0.025,0.009797958971132711,0.5248792922602417,0.5278473586035246,0.02157051349622433,0.11742002327276338,0.2047568458399275,-0.00047780027672988327,0.000794775512536192,0.0008332164398635647,0.00041215161871918833,9.907665082671552e-07,0.018257282623204273,0.09938430769806693,0.17330619431891464,-0.0004044101542241732,0.06523086237870429,0.08318169439390384,0.15994133280773232,-0.08490241033081863,0.03329166348848946,-0.09859054084386473,-0.01728641506862567,-0.032940459904807415,0.00806721639048322,-0.005286675093448928,0.0020128609660888756,9.53575948522675e-06
-264.0,0.92,0.025,0.009797958971132711,0.5248792922602417,0.5278473586035246,0.021697816099015263,0.11755337013418271,0.20482278931545353,-0.0004776319054067519,0.0007965074517110333,0.0008336191703501203,0.00041317196634628207,9.933509616980275e-07,0.018365031546206518,0.09949717248157225,0.1733620088765999,-0.0004042676447362748,0.06538554201524709,0.08323385311716755,0.15999297614471106,-0.08492950175850922,0.033251148389791416,-0.09874604060936332,-0.01732919986098775,-0.03302201485878066,0.00806721639048322,-0.005286675093448927,0.0020171944955314353,9.553758244942909e-06
-263.84000000000003,0.92,0.025,0.009797958971132711,0.5248792922602417,0.5278473586035246,0.02182539601823475,0.11768678135677593,0.20488889621758719,-0.00047746316582422384,0.0007982419683141275,0.0008340209539703371,0.0004141936484303425,9.959395011451515e-07,0.018473015189833894,0.09961009174037515,0.1734179617585658,-0.0004041248235536231,0.06554046555511996,0.08328594818179783,0.16004474744827074,-0.08495666036476211,0.03321044927464296,-0.09890170684610719,-0.017372040552894076,-0.03310367650377096,0.008067216390483222,-0.0052866750934489285,0.002021530136174501,9.57175189078774e-06
-263.68,0.92,0.025,0.009797958971132711,0.5248792922602417,0.5278473586035246,0.021953253666473386,0.11782025678877212,0.20495516677044262,-0.0004772940581157995,0.0007999790648715683,0.000834421787318613,0.00041521666421815546,9.985321218551511e-07,0.018581233903303074,0.09972306534601673,0.17347405315450265,-0.0004039816907892127,0.06569563325934187,0.08333797929902037,0.16009664689363404,-0.08498388624220168,0.03316956576444198,-0.09905753961319425,-0.017414937112988332,-0.03318544477945507,0.008067216390483217,-0.005286675093448926,0.0020258678697139326,9.589740281096301e-06
-263.52,0.92,0.025,0.009797958971132711,0.5248792922602417,0.5278473586035246,0.022081389456726004,0.11795379627785482,0.20502160119792304,-0.00047712458241456216,0.0008017187439098272,0.0008348216669828099,0.0004162410129668687,1.0011288190483206e-06,0.01868968803617289,0.09983609316957633,0.17353028325392206,-0.00040383824655568543,0.06585104538902417,0.08338994617946678,0.16014867465585875,-0.08501117948336484,0.03312849748004753,-0.0992135389694782,-0.01745788951035288,-0.03326731962633576,0.00806721639048322,-0.005286675093448926,0.0020302076778928703,9.607723274369536e-06
-263.36,0.92,0.025,0.009797958971132711,0.5248792922602417,0.5278473586035246,0.02220980380239165,0.1180873996711612,0.20508819972371992,-0.00047695473885317816,0.0008034610079557474,0.0008352205895442433,0.0004172666939441222,1.0037295879185324e-06,0.018798377938344293,0.09994917508167085,0.17358665224615655,-0.00040369449096533004,0.06600670220537028,0.08344184853317393,0.16020083090983736,-0.0850385401807007,0.03308724404177918,-0.0993697049735675,-0.017500897714514258,-0.03334930098575215,0.00806721639048322,-0.005286675093448927,0.002034549542502446,9.625700729276616e-06
-263.2,0.92,0.025,0.009797958971132711,0.5248792922602417,0.5278473586035246,0.022338497117273738,0.1182210668152809,0.20515496257131555,-0.00047678452756381675,0.0008052058595365398,0.0008356185515776743,0.000418293706428186,1.0063344236337554e-06,0.018907303960060493,0.10006231095245376,0.17364316032036148,-0.0004035504241300145,0.0661626039696753,0.08349368606958309,0.16025311583029883,-0.08506596842657174,0.033045805069416644,-0.09952603768382477,-0.017543961695448976,-0.033431388799890834,0.00806721639048322,-0.005286675093448928,0.0020388934453824973,9.64367250465934e-06
-263.03999999999996,0.92,0.025,0.009797958971132711,0.5248792922602417,0.5278473586035246,0.022467469815580045,0.11835479755625494,0.20522188996398316,-0.0004766139486781775,0.0008069533011797773,0.0008360155496513007,0.0004193220497080883,1.008943321336156e-06,0.019016466451906952,0.1001755006516142,0.17369980766551535,-0.00040340604616120944,0.06631875094332568,0.08354545849753894,0.16030552959180897,-0.08509346431325368,0.03300418018219923,-0.09968253715836596,-0.017587081423588877,-0.033513583011796015,0.00806721639048322,-0.005286675093448928,0.00204323936842226,9.66163845953556e-06
-262.88,0.92,0.025,0.009797958971132711,0.5248792922602417,0.5278473586035246,0.022596722311922786,0.11848859173957481,0.20528898212478827,-0.00047644300232740086,0.0008087033354133899,0.0008364115803267488,0.0004203517230837511,1.0115562761424241e-06,0.019125865764811446,0.10028874404837612,0.1737565944704208,-0.0004032613571699121,0.06647514338779874,0.08359716552528895,0.16035807236877114,-0.08512102793293608,0.0329623689988254,-0.09983920345505953,-0.017630256869826826,-0.03359588356538041,0.00806721639048322,-0.005286675093448928,0.002047587293561073,9.679598453102558e-06
-262.72,0.92,0.025,0.009797958971132711,0.5248792922602417,0.5278473586035246,0.022726255021318677,0.11862244921018128,0.20535623927659016,-0.0004762716886420584,0.0008104559647656595,0.0008368066401590635,0.0004213827258661181,1.0141732831440273e-06,0.01923550225004413,0.10040204101149744,0.17381352092370592,-0.0004031163572666383,0.06663178156466229,0.08364880686048233,0.16041074433542787,-0.08514865937772297,0.03292037113745225,-0.09999603663152574,-0.0176734880055221,-0.033678290405435435,0.00806721639048322,-0.0052866750934489285,0.0020519372027890596,9.697552344740728e-06
-262.56,0.92,0.025,0.009797958971132711,0.5248792922602417,0.5278473586035246,0.022856068359189022,0.11875636981246339,0.20542366164204182,-0.0004761000077521419,0.0008122111917652149,0.0008372007256967006,0.0004224150573772905,1.0167943374075531e-06,0.01934537625921759,0.10051539140926902,0.1738705872138242,-0.0004029710465614129,0.06678866573557439,0.08370038221016927,0.1604635456658605,-0.08517635873963267,0.032878186215695,-0.1001530367451359,-0.01771677480250606,-0.033760803477642064,0.00806721639048322,-0.005286675093448928,0.0020562890781478404,9.715499994017862e-06
-262.4,0.92,0.025,0.009797958971132711,0.5248792922602417,0.5278473586035246,0.022986162741359666,0.11889035339025747,0.20549124944359276,-0.0004759279597870149,0.0008139690189410267,0.0008375938334815175,0.0004234487169506537,1.0194194339747789e-06,0.019455488144286822,0.10062879510951393,0.17392779352905693,-0.0004028254251637294,0.06694579616228273,0.08375189128080011,0.16051647653399145,-0.08520412611059905,0.03283581385062659,-0.10031020385301143,-0.0177601172330875,-0.03384342272858098,0.008067216390483219,-0.005286675093448926,0.00206064290173119,9.733441260691421e-06
-262.24,0.92,0.025,0.009797958971132711,0.5248792922602417,0.5278473586035246,0.023116538584061156,0.11902439978684595,0.2055590029034887,-0.0004757555448753787,0.000815729448822402,0.0008379859600487638,0.00042448370393100764,1.022048567863075e-06,0.019565838257549362,0.10074225197958642,0.17398514005751284,-0.00040267949318252056,0.0671031731066244,0.08380333377822446,0.1605695371135841,-0.08523196158247137,0.032793253658777055,-0.10046753801202321,-0.017803515270058093,-0.03392614810574294,0.008067216390483219,-0.005286675093448927,0.0020649986556857303,9.75137600471278e-06
-262.08,0.92,0.025,0.009797958971132711,0.5248792922602417,0.5278473586035246,0.02324719630392875,0.1191585088449564,0.20562692224377455,-0.0004755827631452299,0.0008174924839389796,0.0008383771019270738,0.0004255200176747027,1.0246817340656871e-06,0.019676426951645298,0.1008557618863711,0.17404262698713077,-0.0004025332507261226,0.06726079683052547,0.0838547094076903,0.16062272757824506,-0.0852598652470154,0.032750505256133176,-0.10062503927879088,-0.017846968886698112,-0.03400897955753966,0.008067216390483219,-0.005286675093448927,0.002069356322211617,9.769304086230648e-06
-261.91999999999996,0.92,0.025,0.009797958971132711,0.5248792922602417,0.5278473586035246,0.02337813631800248,0.11929268040676044,0.2056950076862937,-0.0004754096147238787,0.0008192581268207239,0.0008387672556384568,0.0004265576575497602,1.0273189275519417e-06,0.0197872545795573,0.10096932469628205,0.174100254505679,-0.000402386697902291,0.0674186675960005,0.08390601787384322,0.1606760481014235,-0.08528783719591315,0.03270756825813793,-0.1007827077096818,-0.017890478056781463,-0.03409191703331347,0.00806721639048322,-0.005286675093448926,0.0020737158835631908,9.787225365594777e-06
-261.76,0.92,0.025,0.009797958971132711,0.5248792922602417,0.5278473586035246,0.023509359043727193,0.11942691431387269,0.2057632594526916,-0.0004752360997378506,0.0008210263799979207,0.000839156417698288,0.00042759662293600717,1.029960143267479e-06,0.019898321494610696,0.10108294027526185,0.17415802280075818,-0.00040223983481811674,0.0675767856651523,0.08395725888072553,0.16072949885641433,-0.08531587752076437,0.03266444227968995,-0.10094054336081049,-0.01793404275458138,-0.03417496048334804,0.00806721639048322,-0.005286675093448927,0.0020780773220496524,9.805139703358453e-06
-261.6,0.92,0.025,0.009797958971132711,0.5248792922602417,0.5278473586035246,0.023640864898952594,0.1195612104073497,0.2058316777644158,-0.0004750622183129136,0.0008227972460011718,0.0008395445846153006,0.0004286369132252031,1.0326053761346002e-06,0.020009628050473478,0.10119660848878079,0.17421593205980154,-0.0004020926615800501,0.0677351513001714,0.08400843213177538,0.16078308001635774,-0.0853439863130865,0.03262112693514314,-0.1010985462880377,-0.017977662954875708,-0.034258109858878526,0.008067216390483219,-0.005286675093448925,0.002082440620035725,9.823046960282983e-06
-261.44,0.92,0.025,0.009797958971132711,0.5248792922602417,0.5278473586035246,0.023772654301933316,0.11969556852768881,0.20590026284271756,-0.00047488797057400496,0.0008245707273613894,0.0008399317528915764,0.00042967852782116754,1.0352546210523404e-06,0.02012117460115636,0.10131032920183582,0.17427398247007617,-0.0004019451782938378,0.06789376476333568,0.08405953732982586,0.16083679175424095,-0.08537216366431526,0.03257762183830611,-0.10125671654696974,-0.018021338632952286,-0.03434136511210175,0.008067216390483219,-0.005286675093448925,0.002086805759942314,9.84094699733967e-06
-261.28,0.92,0.025,0.009797958971132711,0.5248792922602417,0.5278473586035246,0.02390472767132898,0.11982998851482729,0.20596901490865396,-0.0004747133566452454,0.0008263468266097914,0.0008403179190225367,0.0004307214661399067,1.0379078728970513e-06,0.02023296150101285,0.10142410227894982,0.17433217421868472,-0.0004017973850645357,0.06805262631701008,0.08411057417710435,0.1608906342428996,-0.0854004096658056,0.03253392660244172,-0.10141505419295767,-0.018065069764614236,-0.034424726196186375,0.008067216390483222,-0.005286675093448927,0.002091172724247149,9.858839675715122e-06
-261.12,0.92,0.025,0.009797958971132711,0.5248792922602417,0.5278473586035246,0.024037085426204193,0.11996447020814109,0.206037934183089,-0.00047453837664985,0.0008281255462778952,0.0008407030794969338,0.00043176572760974207,1.0405651265223357e-06,0.02034498910473923,0.10153792758417063,0.17439050749256654,-0.00040164928199643306,0.06821173622364603,0.08416154237523148,0.16094460765501858,-0.08542872440883201,0.03249004084026657,-0.10157355928109633,-0.01810885632618539,-0.03450819306528311,0.00806721639048322,-0.005286675093448928,0.002095541495485444,9.876724856812424e-06
-260.96000000000004,0.92,0.025,0.009797958971132711,0.5248792922602417,0.5278473586035246,0.02416972798602868,0.12009901344644376,0.20610702088669564,-0.00047436303071016184,0.0008299068888975136,0.0008410872307968425,0.000432811311671436,1.043226376759538e-06,0.020457257767374677,0.10165180498107,0.1744489824784992,-0.000401500869193081,0.0683710947457812,0.08421244162522022,0.1609987121631339,-0.08545710798458953,0.03244596416395055,-0.10173223186622381,-0.018152698294515525,-0.03459176567453477,0.00806721639048322,-0.005286675093448927,0.002099912056250534,9.894602402256112e-06
-260.79999999999995,0.92,0.025,0.009797958971132711,0.5248792922602417,0.5278473586035246,0.02430265577067723,0.12023361806798553,0.20617627523995724,-0.0004741873189475696,0.0008316908570007491,0.0008414703693976503,0.0004338582177783172,1.0458916184178497e-06,0.020569767844301208,0.10176573433274295,0.1745075993630998,-0.0004013521467572229,0.06853070214603893,0.08426327162747523,0.1610529479396336,-0.0854855604841941,0.032401696185116305,-0.10189107200292048,-0.018196595646985662,-0.034675443980086325,0.00806721639048322,-0.0052866750934489285,0.002104284389194512,9.912472173894159e-06
-260.64,0.92,0.025,0.009797958971132711,0.5248792922602417,0.5278473586035246,0.024435869200429818,0.12036828391045211,0.2062456974631689,-0.000474011241482518,0.0008334774531199879,0.0008418524917680491,0.00043490644539640464,1.0485608462845148e-06,0.020682519691243798,0.10187971550180668,0.17456635833282616,-0.00040120311479080326,0.06869055868712799,0.08431403208179178,0.16110731515675875,-0.08551408199868321,0.032357236514838766,-0.10205007974550824,-0.018240548361513266,-0.03475922793909478,0.008067216390483222,-0.005286675093448928,0.002108658477028861,9.93033403380134e-06
-260.48,0.92,0.025,0.009797958971132711,0.5248792922602417,0.5278473586035246,0.024569368695971608,0.12050301081096372,0.20631528777644045,-0.0004738347984344408,0.0008352666797878962,0.0008422335943700265,0.00043595599400453533,1.051234055125415e-06,0.02079551366427037,0.1019937483503997,0.1746252595739792,-0.00040105377339491073,0.06885066463184214,0.08436472268735518,0.16116181398660623,-0.08554267261901712,0.032312584763644674,-0.10220925514804978,-0.018284556416557567,-0.03484311750973938,0.00806721639048322,-0.005286675093448927,0.0021130343025250863,9.948187844283556e-06
-260.32,0.92,0.025,0.009797958971132711,0.5248792922602417,0.5278473586035246,0.024703154678393013,0.1206377986060739,0.20638504639969654,-0.00047365798992176906,0.000837058539537413,0.0008426136736588566,0.0004370068630944865,1.0539112396849248e-06,0.020908750119791847,0.10210783274018095,0.17468430327270315,-0.00040090412266978535,0.06901102024305962,0.08441534314273959,0.16121644460112824,-0.08557133243607878,0.0322677405415121,-0.10236859826434767,-0.018328619791124743,-0.03492711265123141,0.008067216390483222,-0.005286675093448928,0.002117411848515345,9.966033467879507e-06
-260.15999999999997,0.92,0.025,0.009797958971132711,0.5248792922602417,0.5278473586035246,0.024837227569189747,0.12077264713176852,0.2064549735526804,-0.0004734808160618673,0.0008388530349017459,0.0008429927260830909,0.00043805905217109934,1.0565923946864278e-06,0.021022229414562204,0.10222196853232889,0.1747434896149887,-0.00040075416271476453,0.0691716257837428,0.08446589314590734,0.16127120717213567,-0.08560006154067548,0.03222270345786989,-0.10252810914794365,-0.018372738464773077,-0.035011213323824036,0.00806721639048322,-0.005286675093448927,0.0021217910978930435,9.983870767364571e-06
-260.0,0.92,0.025,0.009797958971132711,0.5248792922602417,0.5278473586035246,0.02497158779026286,0.12090755622346468,0.2065250694549541,-0.0004733032769710347,0.0008406501684143656,0.0008433707480845499,0.0004391125607524011,1.059277514832418e-06,0.021135951905678484,0.1023361555875405,0.17480281878667317,-0.0004006038936282838,0.06933248151693783,0.08451637239420808,0.16132610187129814,-0.0856288600235389,0.032177473121597286,-0.10268778785211778,-0.018416912417618104,-0.03509541948882207,0.00806721639048322,-0.005286675093448926,0.002126172033613468,1.0001699605753562e-05
-259.84000000000003,0.92,0.025,0.009797958971132711,0.5248792922602417,0.5278473586035246,0.025106235763918766,0.12104252571600965,0.2065953343259013,-0.00047312537276443853,0.0008424499426090007,0.0008437477360983138,0.00044016738836973035,1.061966594804976e-06,0.021249917950580843,0.10245039376603057,0.17486229097344286,-0.0004004533155078208,0.06949358770577418,0.08456678058437787,0.16138112887014622,-0.08565772797532611,0.03213204914102333,-0.10284763442988766,-0.018461141630337834,-0.03517973110859204,0.008067216390483219,-0.005286675093448924,0.0021305546386943936,1.001951984630442e-05
-259.68,0.92,0.025,0.009797958971132711,0.5248792922602417,0.5278473586035246,0.025241171912869308,0.12117755544367972,0.20666576838472953,-0.00047294710355614357,0.0008442523600196317,0.0008441236865527135,0.00044122353456785594,1.0646596292655685e-06,0.021364127907052582,0.10256468292753053,0.17492190636083507,-0.0004003024284499199,0.06965494461346419,0.08461711741253831,0.16143628834007304,-0.08568666548662067,0.032086431123926416,-0.10300764893400761,-0.018505426084177795,-0.035264148146571576,0.00806721639048322,-0.005286675093448925,0.0021349388962166745,1.0037331352519577e-05
-259.52,0.92,0.025,0.009797958971132711,0.5248792922602417,0.5278473586035246,0.02537639666023177,0.12131264524017925,0.2067363718504717,-0.0004727684694590097,0.0008460574231804862,0.0008444985958693224,0.0004422809989051014,1.0673566128559625e-06,0.02147858213322017,0.10267902293128772,0.17498166513423924,-0.0004001512325501058,0.06981655250330274,0.08466738257419572,0.16149158045233586,-0.08571567264793309,0.03204061867753387,-0.10316783141696793,-0.018549765760956204,-0.03534867056727951,0.008067216390483219,-0.005286675093448924,0.0021393247893248565,1.0055133988151445e-05
-259.36,0.92,0.025,0.009797958971132711,0.5248792922602417,0.5278473586035246,0.025511910429528946,0.12144779493863943,0.20680714494198754,-0.00047258947058472476,0.0008478651346260332,0.0008448724604629464,0.0004433397809534613,1.0700575401977986e-06,0.021593280987553302,0.10279341363606442,0.17504156747889826,-0.00039999972790291107,0.06997841163866673,0.08471757576424019,0.16154700537805688,-0.08574474954970145,0.03199461140852133,-0.10332818193099394,-0.018594160643068885,-0.035433298336325005,0.008067216390483219,-0.005286675093448926,0.0021437123012277627,1.0072927617202704e-05
-259.2,0.92,0.025,0.009797958971132711,0.5248792922602417,0.5278473586035246,0.025647713644689176,0.12158300437161733,0.20687808787796774,-0.0004724101070437428,0.0008496754968909778,0.0008452452767416158,0.0004443998802987264,1.072762405893375e-06,0.02170822482886492,0.10290785490013692,0.1751016135799119,-0.0003998479146018239,0.07014052228301482,0.08476769667694484,0.16160256328822664,-0.08577389628229308,0.031948408923012366,-0.1034887005280453,-0.0186386107134945,-0.035518031420417685,0.00806721639048322,-0.005286675093448925,0.0021481014151990756,1.0090712103931365e-05
-259.03999999999996,0.92,0.025,0.009797958971132711,0.5248792922602417,0.5278473586035246,0.025783806730046332,0.12171827337109475,0.2069492008769345,-0.0004722303789452823,0.0008514885125102556,0.0008456170411065762,0.0004454612965406006,1.0754712045255054e-06,0.021823414016311216,0.10302234658129461,0.17516180362223738,-0.00039969579273928696,0.0703028846998868,0.08481774500596481,0.1616582543537044,-0.08580311293600489,0.03190201082657798,-0.1036493872598152,-0.018683115955799474,-0.03560286978737692,0.008067216390483219,-0.005286675093448925,0.0021524921145779333,1.010848731285211e-05
-258.88,0.92,0.025,0.009797958971132711,0.5248792922602417,0.5278473586035246,0.025920190110339938,0.12185360176847715,0.20702048415724347,-0.00047205028639725266,0.0008533041840190275,0.0008459877499522787,0.0004465240292928184,1.078183930658068e-06,0.021938848909391725,0.10313688853683907,0.17522213779069087,-0.0003995433624066347,0.07046549915290337,0.08486772044433659,0.1617140787452197,-0.08583239960106386,0.03185541672423603,-0.1038102421777295,-0.018727676354142915,-0.03568781340614124,0.008067216390483222,-0.005286675093448927,0.002156884382769496,1.0126253108740114e-05
-258.72,0.92,0.025,0.009797958971132711,0.5248792922602417,0.5278473586035246,0.026056864210715132,0.12198898939459255,0.20709193793708708,-0.0004718698295062622,0.0008551225139526741,0.0008463573996663722,0.00044758807818326613,1.0809005788360485e-06,0.02205452986794929,0.10325148062358314,0.1752826162699505,-0.00039939062369410034,0.07062836590576563,0.0849176226844769,0.16177003663337494,-0.08586175636762865,0.031808626220450845,-0.10397126533294583,-0.018772291893281695,-0.03577286224677797,0.008067216390483219,-0.005286675093448924,0.002161278203245521,1.01440093566332e-05
-258.56,0.92,0.025,0.009797958971132711,0.5248792922602417,0.5278473586035246,0.026193829456722727,0.12212443607969042,0.20716356243449693,-0.00047168900837762207,0.0008569435048467903,0.0008467259866296938,0.0004486534428541013,1.0836211435858917e-06,0.02217045725217012,0.10336612269784998,0.17534323924455822,-0.0003992375766908193,0.0707914852222546,0.0849674514181821,0.1618261281886473,-0.08589118332579049,0.03176163891913269,-0.10413245677635305,-0.018816962558575474,-0.03585801628049285,0.008067216390483217,-0.005286675093448925,0.002165673559544939,1.0161755921835457e-05
-258.4,0.92,0.025,0.009797958971132711,0.5248792922602417,0.5278473586035246,0.026331086274319283,0.12225994165344069,0.20723535786734454,-0.00047150782311523127,0.00085876715923718,0.0008470935072162602,0.0004497201229618621,1.0863456194156705e-06,0.02228663142258384,0.1034808146154722,0.17540400689892044,-0.0003990842214847318,0.070954857366231,0.08501720633662699,0.16188235358138942,-0.08592068056557346,0.03171445442363731,-0.10429381655857015,-0.01886168833599129,-0.035943275479638714,0.00806721639048322,-0.005286675093448926,0.0021700704352743926,1.0179492669918745e-05
-258.24,0.92,0.025,0.009797958971132711,0.5248792922602417,0.5278473586035246,0.02646863508986707,0.12239550594493251,0.20730732445334518,-0.0004713262738216074,0.0008605934796598495,0.0008474599577932575,0.00045078811817759237,1.0890740008154742e-06,0.02240305274006349,0.10359555623179088,0.17546491941731138,-0.00039893055816260856,0.07111848260163454,0.08506688713036428,0.16193871298183216,-0.085950248176936,0.03166707233676538,-0.10445534472994551,-0.01890646921210879,-0.03602863981772551,0.008067216390483219,-0.005286675093448925,0.0021744688141088196,1.0197219466726672e-05
-258.08,0.92,0.025,0.009797958971132711,0.5248792922602417,0.5278473586035246,0.026606476330134143,0.1225311287826733,0.2073794624100603,-0.00047114436059787594,0.0008624224686510036,0.000847825334721034,0.000451857428186955,1.0918062822573854e-06,0.02251972156582554,0.10371034740165469,0.17552597698387506,-0.0003987765868100422,0.07128236119248374,0.08511649348932354,0.16199520656008667,-0.08597988624977199,0.031619492260762085,-0.10461704134055619,-0.018951305174125018,-0.03611410926942934,0.00806721639048322,-0.005286675093448925,0.0021788686797919897,1.0214936178376143e-05
-257.91999999999996,0.92,0.025,0.009797958971132711,0.5248792922602417,0.5278473586035246,0.02674461042229437,0.12266680999458753,0.20745177195489878,-0.00047096208354369346,0.000864254128747039,0.0008481896343530895,0.0004529280526903433,1.0945424581960152e-06,0.022636638261429958,0.10382518797941889,0.17558717978262633,-0.00039862230751138214,0.0714464934028754,0.08516602510281028,0.16205183448614555,-0.08600959487391116,0.031571713797316575,-0.10477890644020697,-0.01899619620985906,-0.036199683810601395,0.008067216390483224,-0.005286675093448925,0.0021832700161370463,1.0232642671260947e-05
-257.76,0.92,0.025,0.009797958971132711,0.5248792922602417,0.5278473586035246,0.026883037793927464,0.12280254940801574,0.20752425330511998,-0.00047077944275723696,0.0008660884624845392,0.0008485528530360678,0.0004539999914029993,1.0972825230686184e-06,0.022753803188780206,0.10394007781894453,0.17564852799745356,-0.0003984677203497254,0.07161087949698419,0.08521548165950525,0.16210859692988486,-0.0860393741391204,0.031523736547561534,-0.1049409400784296,-0.01904114230775702,-0.03628536341827739,0.00806721639048322,-0.005286675093448923,0.0021876728070270544,1.0250338812053896e-05
-257.6,0.92,0.025,0.009797958971132711,0.5248792922602417,0.5278473586035246,0.027021758873018983,0.12293834684971332,0.20759690667783762,-0.00047059643833522206,0.0008679254724002684,0.0008489149871097468,0.00045507324405512963,1.1000264712952662e-06,0.02287121671012327,0.10405501677359735,0.17571002181212178,-0.000398312825406932,0.07177551973906214,0.0852648628474634,0.1621654940610676,-0.0860692241351053,0.03147556011207266,-0.10510314230448199,-0.01908614345689688,-0.03637114807068679,0.00806721639048322,-0.0052866750934489224,0.0021920770364155335,1.0268024467709513e-05
-257.44,0.92,0.025,0.009797958971132711,0.5248792922602417,0.5278473586035246,0.027160774087960398,0.1230742021458495,0.20766973229001973,-0.00047041307037278305,0.0008697651610311668,0.0008492760329070295,0.0004561478103920134,1.102774297279134e-06,0.022988879188049684,0.10417000469624703,0.1757716614102727,-0.0003981576227635236,0.07194041439343839,0.08531416835411308,0.16222252604934317,-0.08609914495151005,0.03142718409086817,-0.10526551316734732,-0.019131199646993047,-0.03645703774726149,0.008067216390483222,-0.005286675093448923,0.0021964826883269866,1.0285699505465923e-05
-257.28,0.92,0.025,0.009797958971132711,0.5248792922602417,0.5278473586035246,0.027300083867549105,0.12321011512200626,0.20774273035849308,-0.0004702293389635662,0.000871607530914344,0.0008496359867539351,0.00045722369017411966,1.1055259954068922e-06,0.023106790985493564,0.1042850414392661,0.17583344697542855,-0.0003980021124987625,0.07210556372451858,0.08536339786625523,0.1622796930642514,-0.08612913667791938,0.03137860808340833,-0.10542805271573329,-0.019176310868401242,-0.03654303242864518,0.008067216390483222,-0.005286675093448924,0.0022008897468574254,1.0303363792849287e-05
-257.12,0.92,0.025,0.009797958971132711,0.5248792922602417,0.5278473586035246,0.027439688640988464,0.12334608560317717,0.20781590109994544,-0.00047004524419959185,0.0008734525845870741,0.0008499948449695904,0.0004583008831772165,1.108281560048634e-06,0.023224952465732637,0.10440012685452917,0.17589537869099384,-0.00039784629469053455,0.07227096799678455,0.08541255107006235,0.1623369952752239,-0.08615919940385937,0.03132983168859498,-0.10559076099807116,-0.019221477112123127,-0.03662913209670202,0.008067216390483222,-0.005286675093448924,0.0022052981961748824,1.0321017197673615e-05
-256.96000000000004,0.92,0.025,0.009797958971132711,0.5248792922602417,0.5278473586035246,0.027579588837887782,0.12348211341376629,0.20788924473092785,-0.00046986078617129745,0.0008753003245867899,0.0008503526038662201,0.0004593793891924843,1.1110409855583895e-06,0.02334336399238822,0.1045152607934118,0.17595745674025734,-0.0003976901694153862,0.07243662747479378,0.08546162765107777,0.16239443285158606,-0.08618933321879844,0.03128085450477102,-0.10575363806251518,-0.019266698369811004,-0.03671533673452576,0.008067216390483222,-0.005286675093448924,0.002209708020519932,1.0338659588045316e-05
-256.79999999999995,0.92,0.025,0.009797958971132711,0.5248792922602417,0.5278473586035246,0.027719784888262388,0.12361819837758704,0.20796276146785764,-0.0004696759649674786,0.0008771507534510772,0.000850709259749138,0.0004604592080266253,1.11380426627419e-06,0.023462025929425288,0.10463044310678968,0.17601968130639473,-0.0003975337367484739,0.07260254242317908,0.08551062729421464,0.1624520059625594,-0.08621953821214848,0.031231676129719915,-0.1059166839569414,-0.01931197463377247,-0.03680164632644845,0.008067216390483222,-0.005286675093448925,0.002214119204206192,1.0356290832364402e-05
-256.64,0.92,0.025,0.009797958971132711,0.5248792922602417,0.5278473586035246,0.02786027722253363,0.12375434031786126,0.20803645152702097,-0.0004694907806753097,0.0008790038737176688,0.0008510648089167381,0.000461540339501973,1.1165713965183628e-06,0.023580938641152464,0.10474567364503777,0.17608205257247056,-0.00039737699676358217,0.07276871310664808,0.08555954968375525,0.16250971477726348,-0.086249814473266,0.031182296160665268,-0.10607989872894716,-0.019357305896974968,-0.036888060858049194,0.008067216390483222,-0.005286675093448924,0.0022185317316208227,1.0373910799327667e-05
-256.48,0.92,0.025,0.009797958971132711,0.5248792922602417,0.5278473586035246,0.0280010662715289,0.12389053905721788,0.20811031512457587,-0.00046930523338024617,0.0008808596879244397,0.0008514192476604853,0.00046262278345660394,1.1193423705979144e-06,0.023700102492222062,0.10486095225802922,0.17614457072144102,-0.0003972199495330404,0.07293513978998278,0.08560839450334994,0.16256755946471835,-0.08628016209145324,0.031132714194270245,-0.10624328242585007,-0.019402692153050474,-0.036974580316163096,0.00806721639048322,-0.005286675093448923,0.002222945587225031,1.0391519357930976e-05
-256.32,0.92,0.025,0.009797958971132711,0.5248792922602417,0.5278473586035246,0.028142152466481656,0.12402679441769193,0.20818435247655465,-0.0004691193231660553,0.0008827181986094006,0.0008517725722649063,0.0004637065397444444,1.1221171828043422e-06,0.023819517847630076,0.10497627879513445,0.17620723593615586,-0.0003970625951277492,0.07310182273803917,0.08565716143601633,0.16262554019384642,-0.08631058115595922,0.03108292982663716,-0.10640683509468721,-0.019448133396300017,-0.037061204688889744,0.008067216390483219,-0.005286675093448923,0.002227360755554555,1.0409116377470174e-05
-256.15999999999997,0.92,0.025,0.009797958971132711,0.5248792922602417,0.5278473586035246,0.028283536239031473,0.12416310622072342,0.20825856379886662,-0.0004689330501147718,0.0008845794083106926,0.0008521247790075814,0.0004647916082353785,1.1248958274142675e-06,0.02393918507271624,0.10509165310522031,0.17627004839936072,-0.00039690493361714286,0.07326876221574673,0.08570585016413836,0.16268365713347477,-0.08634107175598087,0.031032942653306986,-0.10657055678221437,-0.01949362962169817,-0.03714793396560191,0.008067216390483222,-0.005286675093448925,0.0022317772212201545,1.0426701727545103e-05
-256.0,0.92,0.025,0.009797958971132711,0.5248792922602417,0.5278473586035246,0.028425218021224025,0.12429947428715622,0.20833294930730148,-0.00046874641430667705,0.0008864433195665814,0.0008524758641591339,0.00046587798881535513,1.127678298689589e-06,0.024059104533164014,0.10520707503664903,0.1763330082937,-0.00039674696506917145,0.07343595848810806,0.08575446036946559,0.16274191045233743,-0.0863716339806643,0.030982752269258795,-0.10673444753490514,-0.01953918082489757,-0.03723476813695405,0.008067216390483222,-0.005286675093448926,0.0022361949689080744,1.0444275278061461e-05
-255.84,0.92,0.025,0.009797958971132711,0.5248792922602417,0.5278473586035246,0.02856719824551112,0.12443589843723696,0.20840750921753182,-0.0004685594158203043,0.0008883099349154515,0.000852825823983222,0.00046696568138649596,1.1304645908775358e-06,0.024179276595000614,0.10532254443727737,0.17639611580171893,-0.0003965886895503056,0.0736034118201984,0.08580299173311214,0.16280030031907766,-0.08640226791910599,0.03093235826890936,-0.10689850739895002,-0.019584787002233418,-0.03732170719489094,0.008067216390483222,-0.005286675093448926,0.0022406139833805374,1.0461836899232566e-05
-255.68,0.92,0.025,0.009797958971132711,0.5248792922602417,0.5278473586035246,0.0287094773447507,0.12457237849061381,0.20848224374511634,-0.000468372054732324,0.0008901792568958002,0.0008531746547365296,0.00046805468586720095,1.1332546982109855e-06,0.024299701624596996,0.10543806115445553,0.17645937110586649,-0.000396430107125439,0.07377112247716507,0.08585144393555584,0.16285882690225054,-0.0864329736603539,0.03088176024611262,-0.10706273642025566,-0.01963044815072795,-0.03740875113265612,0.008067216390483222,-0.005286675093448925,0.0022450342494762005,1.0479386461580962e-05
-255.52,0.92,0.025,0.009797958971132711,0.5248792922602417,0.5278473586035246,0.02885205575220689,0.12470891426633558,0.20855715310550163,-0.00046818433111762053,0.0008920512880462327,0.0008535223526687573,0.00046914500219225096,1.1360486149087492e-06,0.02442037998866791,0.10555362503502644,0.1765227743884966,-0.000396271217857954,0.07393909072422725,0.0858998166566374,0.16291749037032396,-0.0864637512934083,0.03083095779415921,-0.10722713464444407,-0.019676164268094692,-0.0374958999448001,0.008067216390483222,-0.005286675093448925,0.0022494557521106208,1.0496923835941997e-05
-255.35999999999999,0.92,0.025,0.009797958971132711,0.5248792922602417,0.5278473586035246,0.028994933901550016,0.12484550558285039,0.208632237514027,-0.00046799624504923815,0.0008939260309054556,0.0008538689140226128,0.00047023663031291635,1.1388463351757655e-06,0.024541312054271933,0.10566923592532457,0.17658632583187248,-0.0003961120218096752,0.0741073168266754,0.08594810957555951,0.16297629089168295,-0.08649460090722375,0.030779950505775967,-0.10739170211685163,-0.019721935352743067,-0.037583153627189024,0.00806721639048322,-0.005286675093448923,0.002253878476276708,1.0514448893465359e-05
-255.2,0.92,0.025,0.009797958971132711,0.5248792922602417,0.5278473586035246,0.02913811222685656,0.12498215225800462,0.20870749718592607,-0.0004678077965983057,0.000895803488012271,0.0008542143350338023,0.00047132957019705677,1.1416478532032153e-06,0.02466249818881139,0.1057848936711751,0.17665002561816784,-0.000395952519040806,0.07427580104987076,0.08599632237088595,0.1630352286346304,-0.08652552259070967,0.030728737973125444,-0.10755643888252833,-0.019767761403782537,-0.03767051217701263,0.00806721639048322,-0.005286675093448924,0.002258302407045175,1.053196150561617e-05
-255.04,0.92,0.025,0.009797958971132711,0.5248792922602417,0.5278473586035246,0.029281591162609266,0.12511885410904186,0.20878293233632983,-0.0004676189858341011,0.0008976836619055713,0.000854558611931021,0.0004724238218292267,1.1444531631688889e-06,0.024783938760032483,0.10590059811789304,0.17671387392946958,-0.0003957927096099832,0.07444454365924506,0.08604445472054066,0.16309430376738984,-0.0865565164327317,0.030677319787805427,-0.10772134498623691,-0.019813642421027074,-0.037757975592792724,0.008067216390483222,-0.005286675093448924,0.0022627275295649912,1.0549461544178681e-05
-254.88,0.92,0.025,0.009797958971132711,0.5248792922602417,0.5278473586035246,0.029425371143697077,0.1252556109526017,0.20885854318027092,-0.0004674298128239602,0.0008995665551243328,0.0008549017409359441,0.0004735193852107763,1.1472622592373304e-06,0.024905634136025208,0.1060163491102821,0.1767778709477813,-0.0003956325935741999,0.07461354492029991,0.08609250630180695,0.1631535164581087,-0.08658758252211333,0.030625695540848444,-0.107886420472452,-0.019859578404999363,-0.03784554387439121,0.008067216390483219,-0.005286675093448923,0.0022671538290638016,1.0566948881257083e-05
-254.72,0.92,0.025,0.009797958971132711,0.5248792922602417,0.5278473586035246,0.0295694526054152,0.12539242260471864,0.20893432993268507,-0.00046724027763327277,0.0009014521702076101,0.0008552437182632179,0.0004746162603599539,1.1500751355599435e-06,0.025027584685223425,0.10613214649263386,0.17684201685502465,-0.00039547217098880207,0.07478280509860644,0.08614047679132651,0.16321286687485936,-0.0866187209476365,0.030573864822721283,-0.10805166538535929,-0.01990556935693511,-0.03793321702301827,0.008067216390483219,-0.005286675093448923,0.002271581290848384,1.0584423389277292e-05
-254.56,0.92,0.025,0.009797958971132711,0.5248792922602417,0.5278473586035246,0.02971383598346508,0.12552928888082093,0.20901029280841515,-0.0004670503803254795,0.0009033405096945306,0.0008555845401204505,0.0004757144473120052,1.1528917862754624e-06,0.025149790776404845,0.10624799010872685,0.1769063118330426,-0.0003953114419074859,0.0749523244598048,0.08618836586509859,0.16327235518564245,-0.08664993179804333,0.03052182722332454,-0.10821707976885468,-0.019951615278787225,-0.03802099504124034,0.00806721639048322,-0.005286675093448923,0.0022760099003050547,1.0601884940990226e-05
-254.4,0.92,0.025,0.009797958971132711,0.5248792922602417,0.5278473586035246,0.02985852171395444,0.12566620959572955,0.20908643202221405,-0.00046686012096202554,0.000905231576124288,0.0008559242027082024,0.00047681394611927524,1.1557122055100023e-06,0.025272252778691037,0.10636387980182549,0.176970756063602,-0.00039515040638225845,0.0751221032696038,0.08623617319847914,0.16333198155838893,-0.08668121516203721,0.030469582331992064,-0.10838266366654338,-0.019997716173230047,-0.0381088779329882,0.00806721639048322,-0.005286675093448924,0.002280439642900106,1.0619333409472719e-05
-254.24,0.92,0.025,0.009797958971132711,0.5248792922602417,0.5278473586035246,0.03000351023339728,0.12580318456365694,0.20916274778874805,-0.0004666694996023511,0.0009071253720361368,0.0008562627022199775,0.00047791475685130664,1.1585363873771086e-06,0.02539497106154746,0.10647981541467924,0.17703534972839635,-0.00039498906446343,0.07529214179378028,0.0862838984661798,0.163391746160963,-0.08671257112828423,0.030417129737490493,-0.10854841712173913,-0.020043872043663546,-0.03819686570356485,0.00806721639048322,-0.005286675093448924,0.00228487050418021,1.0636768668128691e-05
-254.07999999999998,0.92,0.025,0.009797958971132711,0.5248792922602417,0.5278473586035246,0.030148801978713856,0.12594021359820592,0.20923924032259947,-0.00046647851630385415,0.0009090218999693861,0.0008566000348422143,0.0004790168795949372,1.1613643259784136e-06,0.02551794599478341,0.1065957967895215,0.1771000930090482,-0.00039482741619958217,0.0754624402981788,0.0863315413422671,0.16345164916116386,-0.08674399978541421,0.03036446902801884,-0.10871434017746322,-0.020090082894217345,-0.03828495835965334,0.008067216390483219,-0.005286675093448924,0.0022893024697728317,1.0654190590693013e-05
-253.92,0.92,0.025,0.009797958971132711,0.5248792922602417,0.5278473586035246,0.030294397387230755,0.12607729651236863,0.20931590983827045,-0.00046628717112190014,0.0009109211624633942,0.0008569361967542762,0.00048012031445440013,1.1641960154033732e-06,0.025641177948552113,0.10671182376806881,0.17716498608711212,-0.0003946654616375763,0.07563299904871115,0.08637910150016159,0.16351169072672908,-0.08677550122202228,0.030311599791207906,-0.10888043287644378,-0.020136348729754967,-0.03837315590932471,0.00806721639048322,-0.005286675093448924,0.0022937355253866373,1.067159905123135e-05
-253.76,0.92,0.025,0.009797958971132711,0.5248792922602417,0.5278473586035246,0.030440296896680864,0.12621443311852532,0.20939275655018583,-0.00046609546410976367,0.0009128231620575622,0.0008572711841284426,0.00048122506155141674,1.167031449729694e-06,0.025764667293350686,0.10682789619151983,0.1772300291440773,-0.000394503200822504,0.07580381831135587,0.08642657861263692,0.1635718710253364,-0.08680707552666998,0.030258521614119852,-0.10904669526111486,-0.02018266955587772,-0.03846145836204547,0.008067216390483224,-0.005286675093448925,0.0022981696568118736,1.068899392414257e-05
-253.6,0.92,0.025,0.009797958971132711,0.5248792922602417,0.5278473586035246,0.030586500945203324,0.12635162322844323,0.2094697806726961,-0.00046590339531864017,0.0009147279012913284,0.0008576049931298994,0.00048233112102529717,1.1698706230235656e-06,0.025888414400020095,0.10694401390055436,0.17729522236136996,-0.0003943406337976971,0.07597489835215773,0.08647397235181889,0.16363219022460646,-0.08683872278788665,0.030205234083247687,-0.1092131273736155,-0.02022904537892891,-0.038549865728685594,0.008067216390483222,-0.005286675093448926,0.0023026048499207885,1.070637508416103e-05
-253.44,0.92,0.025,0.009797958971132711,0.5248792922602417,0.5278473586035246,0.030733009971343674,0.1264888666532755,0.20954698242008094,-0.0004657109647976003,0.0009166353827041619,0.0008579376199167307,0.0004834384930330335,1.1727135293397812e-06,0.026012419639745286,0.10706017673533239,0.1773605659203565,-0.00039417776060468894,0.07614623943722744,0.08652128238918468,0.1636926484921052,-0.08687044309417055,0.030151736784514837,-0.10937972925578901,-0.020275476205997768,-0.03863837802152599,0.008067216390483224,-0.005286675093448927,0.002307041090667997,1.0723742406357551e-05
-253.28,0.92,0.025,0.009797958971132711,0.5248792922602417,0.5278473586035246,0.030879824414053694,0.12662616320355993,0.20962436200655357,-0.00046551817259359013,0.0009185456088355569,0.0008582690606399085,0.0004845471777493951,1.175560162721963e-06,0.02613668338405505,0.10717638453549314,0.17742606000234695,-0.0003940145812832147,0.07631784183274097,0.08656850839556181,0.16375324599534768,-0.08690223653399105,0.03009802930327459,-0.10954650094918189,-0.02032196204492344,-0.038726995254266115,0.008067216390483222,-0.005286675093448925,0.002311478365090857,1.0741095766141368e-05
-253.12,0.92,0.025,0.009797958971132711,0.5248792922602417,0.5278473586035246,0.031026944712691535,0.12676351268921796,0.20970191964626173,-0.00046532501875138504,0.0009204585822250272,0.0008585993114432839,0.00048565717536702094,1.1784105172027009e-06,0.026261206004822117,0.10729263714015408,0.17749170478859594,-0.0003938510958711723,0.07648970580493925,0.08661565004112737,0.1638139829017985,-0.08693410319578866,0.030044111224309628,-0.10971344249504325,-0.020368502904298844,-0.03881571744203135,0.00806721639048322,-0.005286675093448924,0.002315916659309857,1.0758435039261327e-05
-252.96,0.92,0.025,0.009797958971132711,0.5248792922602417,0.5278473586035246,0.03117437130702163,0.12690091491955344,0.20977965555329262,-0.0004651315033135956,0.0009223743054120988,0.0008589283684635782,0.000486768486096514,1.1812645868039625e-06,0.02638598787426311,0.10740893438791004,0.17755750046030688,-0.0003936873044046273,0.07666183162012759,0.08666270699540708,0.16387485937887575,-0.08696604316797718,0.0299899821318316,-0.1098805539343237,-0.02041509879347467,-0.03890454460138053,0.008067216390483222,-0.005286675093448924,0.0023203559595289767,1.077576010180867e-05
-252.79999999999998,0.92,0.025,0.009797958971132711,0.5248792922602417,0.5278473586035246,0.031322104637214764,0.12703836970325152,0.20985756994167692,-0.0004649376263206384,0.0009242927809363058,0.0008592562278303735,0.0004878811101665344,1.184122365536914e-06,0.026511029364938578,0.1075252761168321,0.17762344719863535,-0.00039352320691778836,0.07683421954467531,0.08670967892727434,0.16393587559395445,-0.08699805653894553,0.02993564160948054,-0.11004783530767458,-0.02046174972256326,-0.03899347675031341,0.008067216390483222,-0.005286675093448926,0.002324796252036041,1.0793070830216666e-05
-252.64,0.92,0.025,0.009797958971132711,0.5248792922602417,0.5278473586035246,0.03147014514384805,0.12717587684837758,0.20993566302538919,-0.0004647433878107213,0.0009262140113371824,0.0008595828856661031,0.0004889950478238886,1.1869838474025206e-06,0.02663633084975299,0.10764166216446679,0.1776895451846894,-0.00039335880344299455,0.07700686984501523,0.08675656550494946,0.16399703171436644,-0.08703014339705749,0.029881089240324493,-0.1102152866554471,-0.020508455702442367,-0.03908251390827778,0.00806721639048322,-0.005286675093448924,0.0023292375232031016,1.081036710126434e-05
-252.48,0.92,0.025,0.009797958971132711,0.5248792922602417,0.5278473586035246,0.031618493267904904,0.12731343616237592,0.21001393501835477,-0.0004645487878197872,0.0009281379991542581,0.0008599083380860428,0.0004901102993336203,1.1898490263915124e-06,0.026761892701954712,0.10775809236783498,0.1777557945995355,-0.0003931940940106679,0.07717978278764312,0.08680336639599864,0.16405832790740602,-0.08706230383065497,0.029826324606858926,-0.11038290801769142,-0.020555216744758933,-0.039171656096176725,0.00806721639048322,-0.005286675093448924,0.0023336797594867447,1.082764879207617e-05
-252.32,0.92,0.025,0.009797958971132711,0.5248792922602417,0.5278473586035246,0.03176714945077509,0.12745104745206878,0.21009238613445078,-0.00046435382638156613,0.0009300647469270519,0.0008602325811983017,0.0004912268649791034,1.1927178964844155e-06,0.02688771529513604,0.10787456656343103,0.17782219562419915,-0.00039302907864935757,0.07735295863911738,0.08685008126733312,0.1641197643403308,-0.0870945379280581,0.029771347291006313,-0.11055069943415587,-0.02060203286193307,-0.03926090333637608,0.00806721639048322,-0.005286675093448924,0.0023381229474284788,1.0844915780123836e-05
-252.16,0.92,0.025,0.009797958971132711,0.5248792922602417,0.5278473586035246,0.031916114134254686,0.1275887105236551,0.21017101658751067,-0.0004641585035274959,0.0009319942571950645,0.0008605556111038118,0.0004923447450621264,1.1955904516521891e-06,0.02701379900323317,0.10799108458722169,0.17788874843966904,-0.00039286375738567254,0.07752639766605844,0.08689670978520832,0.16418134118036512,-0.0871268457775673,0.029716156874115614,-0.11071866094428587,-0.020648904067161498,-0.03935025565271112,0.008067216390483217,-0.005286675093448923,0.0023425670736550355,1.0862167943228938e-05
-252.0,0.92,0.025,0.009797958971132711,0.5248792922602417,0.5278473586035246,0.03206538776054607,0.12772642518270938,0.21024982659132707,-0.00046396281928673297,0.0009339265324977745,0.000860877423896321,0.000493463939902985,1.1984666858559819e-06,0.027140144200526198,0.10810764627464522,0.17795545322689924,-0.0003926981302442908,0.07770010013514833,0.08694325161522283,0.1642430585947023,-0.08715922746746427,0.029660752936961837,-0.11088679258722339,-0.020695830374421527,-0.03943971307049402,0.008067216390483219,-0.005286675093448924,0.0023470121248787296,1.0879405159562779e-05
-251.84,0.92,0.025,0.009797958971132711,0.5248792922602417,0.5278473586035246,0.03221497077225796,0.12786419123418058,0.21032881635965536,-0.0004637667736861252,0.0009358615753746301,0.0008611980156623811,0.0004945844498405642,1.2013465930475196e-06,0.02726675126163914,0.10822425146061045,0.1780223101668123,-0.00039253219724793637,0.07787406631313025,0.08698970642231765,0.16430491675050754,-0.08719168308601352,0.029605135059745477,-0.11105509440180569,-0.02074281179847444,-0.03952927561652038,0.00806721639048322,-0.005286675093448926,0.002351458087897757,1.08966273076485e-05
-251.68,0.92,0.025,0.009797958971132711,0.5248792922602417,0.5278473586035246,0.032364863612405384,0.1280020084823909,0.21040798610621764,-0.00046357036675018616,0.0009377993883650446,0.0008615173824813411,0.0004957062752324316,1.2042301671692892e-06,0.02739362056153992,0.10834089997949567,0.17808931944030262,-0.00039236595841735756,0.078048296466808,0.08703607387077522,0.16436691581492088,-0.08722421272146405,0.02954930282209212,-0.11122356642656474,-0.020789848354869425,-0.0396189433190767,0.00806721639048322,-0.005286675093448925,0.0023559049495965397,1.0913834266362372e-05
-251.52,0.92,0.025,0.009797958971132711,0.5248792922602417,0.5278473586035246,0.03251506672440964,0.1281398767310347,0.21048733604470518,-0.0004633735985010786,0.0009397399740083894,0.000861835520425336,0.0004968294164549162,1.2071174021545582e-06,0.027520752475540318,0.10845759166514776,0.17815648122823846,-0.000392199413771313,0.07822279086304554,0.08708235362421847,0.16442905595505938,-0.08725681646205033,0.029493255803051892,-0.11139220869972617,-0.020836940059946896,-0.039708716207946616,0.00806721639048322,-0.005286675093448925,0.0023603526969460183,1.0931025914934318e-05
-251.35999999999999,0.92,0.025,0.009797958971132711,0.5248792922602417,0.5278473586035246,0.03266558055209836,0.12827779578317722,0.21056686638878278,-0.0004631764689586414,0.0009416833348439884,0.0008621524255592786,0.0004979538739031996,1.2100082919277956e-06,0.027648147379296054,0.1085743263508812,0.17822379571146574,-0.0003920325633265941,0.07839754976876652,0.08712854534560999,0.16449133733802024,-0.08728949439599394,0.029436993581099,-0.11156102125920848,-0.02088408693084231,-0.03979859431441832,0.00806721639048322,-0.005286675093448924,0.002364801317003978,1.0948202132950825e-05
-251.2,0.92,0.025,0.009797958971132711,0.5248792922602417,0.5278473586035246,0.03281640553970544,0.1284157654412536,0.2106465773520919,-0.0004629789781402977,0.0009436294734111106,0.0008624680939408495,0.0004990796479913932,1.212902830404699e-06,0.027775805648806686,0.10869110386947706,0.1782912630708106,-0.000391865407097948,0.07857257345095382,0.08717464869725113,0.16455376013088338,-0.08732224661150507,0.02938051573413125,-0.11173000414262203,-0.020931288985489394,-0.03988857767129058,0.008067216390483219,-0.005286675093448925,0.002369250796915323,1.0965362800354577e-05
-251.04,0.92,0.025,0.009797958971132711,0.5248792922602417,0.5278473586035246,0.032967542131871065,0.12855378550706759,0.2107264691482544,-0.000462781126061108,0.0009455783922489659,0.000862782521620489,0.0005002067391526289,1.215801011492177e-06,0.02790372766041567,0.10880792405318201,0.17835888348708254,-0.0003916979450981218,0.07874786217664902,0.087220663340781,0.16461632450071448,-0.08735507319678393,0.029323821839469605,-0.11189915738726836,-0.020978546242623988,-0.039978666312880086,0.00806721639048322,-0.005286675093448925,0.002373701123912401,1.0982507797445563e-05
-250.88,0.92,0.025,0.009797958971132711,0.5248792922602417,0.5278473586035246,0.033118990773641686,0.12869185578179046,0.21080654199087548,-0.0004625829127336846,0.0009475300938966972,0.0008630957046413863,0.0005013351478391358,1.2187028290890112e-06,0.028031913790810326,0.10892478673370745,0.17842665714107703,-0.0003915301773377907,0.07892341621295196,0.08726658893717579,0.16467903061456712,-0.0873879742400219,0.029266911473857588,-0.11206848103013908,-0.021025858721787218,-0.04006886027502755,0.008067216390483219,-0.005286675093448924,0.002378152285315275,1.0999637004883775e-05
-250.72,0.92,0.025,0.009797958971132711,0.5248792922602417,0.5278473586035246,0.033270751910470006,0.12882997606595972,0.21088679609354827,-0.0004623843381682437,0.0009494845808933749,0.000863407639039471,0.0005024648745223221,1.2216082770855473e-06,0.028160364417021813,0.10904169174222832,0.17849458421357925,-0.0003913621038256015,0.07909923582702015,0.08731242514674746,0.1647418786394864,-0.08742094982940354,0.029209784213460908,-0.1122379751079152,-0.02107322644332898,-0.040159159595104216,0.008067216390483219,-0.005286675093448924,0.002382604268531993,1.101675030368875e-05
-250.56,0.92,0.025,0.009797958971132711,0.5248792922602417,0.5278473586035246,0.03342282598821497,0.12896814615947813,0.21096723166985612,-0.000462185402372546,0.0009514418557779901,0.000863718320843404,0.0005035959196928595,1.2245173493641727e-06,0.028289079916425153,0.1091586389093823,0.17856266488536623,-0.0003911937245681229,0.07927532128606843,0.08735817162914328,0.16480486874251085,-0.08745400005310748,0.029152439633866954,-0.11240763965696597,-0.021120649428411433,-0.040249564312018676,0.00806721639048322,-0.005286675093448925,0.0023870570610588972,1.103384757524175e-05
-250.4,0.92,0.025,0.009797958971132711,0.5248792922602417,0.5278473586035246,0.033575213453141774,0.12910636586161245,0.21104784893337689,-0.00046198610535190987,0.0009534019210894493,0.0008640277460745674,0.0005047282838607615,1.227430039799205e-06,0.028418060666739197,0.10927562806526878,0.1786308993372102,-0.00039102503956985654,0.0794516728573684,0.08740382804334469,0.16486800109067573,-0.0874871249993081,0.029094877310084265,-0.11257747471334824,-0.02116812769901233,-0.04034007446622306,0.00806721639048322,-0.005286675093448926,0.002391510650480878,1.1050928701285771e-05
-250.24,0.92,0.025,0.009797958971132711,0.5248792922602417,0.5278473586035246,0.03372791475192181,0.12924463497099226,0.21112864809768697,-0.00046178644710913753,0.0009553647793665675,0.0008643359107470562,0.0005058619675554571,1.2303463422573482e-06,0.028547307046026617,0.10939265903944785,0.17869928774988225,-0.000390856048833174,0.07962829080824793,0.0874493940476664,0.16493127585101613,-0.08752032475617728,0.029037096816542093,-0.11274748031280547,-0.021215661277928077,-0.040430690099718974,0.008067216390483222,-0.005286675093448928,0.002395965024471611,1.1067993563927205e-05
-250.07999999999998,0.92,0.025,0.009797958971132711,0.5248792922602417,0.5278473586035246,0.03388093033163268,0.1293829532856088,0.21120962937636353,-0.00046158642764459443,0.0009573304331480615,0.0008646428108676676,0.000506996971325878,1.233266250597624e-06,0.028676819432693904,0.1095097316609393,0.1787678303041541,-0.00039068675235838475,0.0798051754060907,0.0874948692997555,0.16499469319056878,-0.08755359941188529,0.02897909772708992,-0.11291765649076677,-0.021263250188777418,-0.04052141125606443,0.008067216390483224,-0.0052866750934489285,0.0024004201707938672,1.1085042045636976e-05
-249.92,0.92,0.025,0.009797958971132711,0.5248792922602417,0.5278473586035246,0.034034260639758195,0.12952132060281385,0.21129079298298953,-0.0004613860469561057,0.0009592988849725446,0.0008649484424358933,0.0005081332957405264,1.2361897586716116e-06,0.02880659820549134,0.10962684575822165,0.17883652718080234,-0.0003905171501436479,0.07998232691833565,0.08754025345659058,0.16505825327637602,-0.08758694905460275,0.02892087961499694,-0.1130880032823461,-0.02131089445600428,-0.04061223798037926,0.008067216390483222,-0.005286675093448927,0.0024048760772997103,1.1102074029250686e-05
-249.76,0.92,0.025,0.009797958971132711,0.5248792922602417,0.5278473586035246,0.03418790612418829,0.1296597367193185,0.21137213913115596,-0.00046118530503899317,0.0009612701373785199,0.000865252801443909,0.0005092709413875601,1.239116860323602e-06,0.028936643743512968,0.10974400115923118,0.17890537856061042,-0.00039034724218500386,0.0801597456124765,0.08758554617448082,0.1651219562754874,-0.08762037377250172,0.028862442052951607,-0.11325852072234135,-0.021358594104881317,-0.04070317031935199,0.00806721639048322,-0.005286675093448928,0.002409332731930796,1.1119089397970288e-05
-249.6,0.92,0.025,0.009797958971132711,0.5248792922602417,0.5278473586035246,0.03434186723321909,0.12979820143119195,0.2114536680344668,-0.0004609842018860335,0.0009632441929043733,0.0008655558838765653,0.0005104099088748596,1.2420475493907703e-06,0.02906695642619664,0.10986119769136087,0.1789743846243727,-0.00039017702847633876,0.08033743175606135,0.08763074710906503,0.16518580235496383,-0.08765387365375757,0.028803784613061156,-0.11342920884523347,-0.02140634916151275,-0.040794208321245105,0.008067216390483222,-0.005286675093448929,0.002413790122718556,1.1136088035364556e-05
-249.44,0.92,0.025,0.009797958971132711,0.5248792922602417,0.5278473586035246,0.034496144415552835,0.1299367145338605,0.21153537990654156,-0.00046078273748747264,0.0009652210540883678,0.0008658576857113785,0.0005115501988301091,1.2449818197032613e-06,0.02919753663332392,0.10997843518145953,0.17904354555289678,-0.00039000650900939684,0.08051538561669205,0.08767585591531074,0.16524979168187925,-0.08768744878655013,0.02874490686685112,-0.11360006768518541,-0.02145415965283778,-0.04088535203590159,0.008067216390483222,-0.0052866750934489285,0.0024182482377844753,1.1153069825370097e-05
-249.28,0.92,0.025,0.009797958971132711,0.5248792922602417,0.5278473586035246,0.03465073812029789,0.13007527582210618,0.21161727496102004,-0.00046058091183098966,0.0009672007234686372,0.000866158202918521,0.000512691811900867,1.2479196650844983e-06,0.029328384745020135,0.11009571345583068,0.17911286152700737,-0.00038983568377374964,0.0806936074620238,0.08772087224751338,0.16531392442332468,-0.08772109925906561,0.0286858083852648,-0.11377109727604137,-0.021502025606633498,-0.040976601514750514,0.008067216390483224,-0.0052866750934489285,0.002422707065340288,1.1170034652292525e-05
-249.12,0.92,0.025,0.009797958971132711,0.5248792922602417,0.5278473586035246,0.03480564879696867,0.13021388509006568,0.2116993534115639,-0.00046037872490167303,0.0009691832035831796,0.0008664574314608121,0.0005138347487546381,1.2508610793509845e-06,0.029459501141754288,0.1102130323402316,0.1791823327275477,-0.0003896645527567761,0.0808720975597645,0.08776579575929527,0.16537820074640922,-0.08775482515949722,0.02862648873866284,-0.11394229765132594,-0.02154994705151797,-0.04106795681081282,0.008067216390483226,-0.00528667509344893,0.0024271665936882237,1.1186982400805674e-05
-248.96,0.92,0.025,0.009797958971132711,0.5248792922602417,0.5278473586035246,0.03496087689548572,0.13035254213122918,0.2117816154718631,-0.0004601761766820338,0.0009711684969698504,0.0008667553672937088,0.0005149790100789479,1.2538060563128414e-06,0.029590886204339115,0.11033039165987238,0.17925195933538496,-0.0003894931159436734,0.0810508561776745,0.08781062610360477,0.16544262081826513,-0.08778862657604777,0.02856694749682273,-0.11411366884424301,-0.02159792401695334,-0.041159417978707306,0.008067216390483226,-0.00528667509344893,0.002431626811221196,1.1203912955954294e-05
-248.79999999999998,0.92,0.025,0.009797958971132711,0.5248792922602417,0.5278473586035246,0.03511642286617559,0.13049124673843915,0.2118640613556372,-0.0004599732671520087,0.0009731566061663569,0.000867052006365296,0.0005161245965814122,1.2567545897736853e-06,0.029722540313931022,0.1104477912394149,0.17932174153141134,-0.0003893213733174602,0.08122988358356588,0.08785536293271529,0.165507184806049,-0.08782250359693036,0.02850718422893834,-0.114285210887675,-0.021645956533248707,-0.0412509850746561,0.008067216390483226,-0.005286675093448931,0.0024360877064230346,1.1220826203153865e-05
-248.64,0.92,0.025,0.009797958971132711,0.5248792922602417,0.5278473586035246,0.03527228715977087,0.13062999870388908,0.2119466912766402,-0.00045976999628887676,0.000975147533710251,0.0008673473446162772,0.0005172715089898052,1.2597066735308675e-06,0.029854463852030066,0.11056523090297173,0.17939167949654827,-0.00038914932485890533,0.08140918004530195,0.0879000058982244,0.16557189287694535,-0.08785645631037019,0.028447198503619372,-0.11445692381418193,-0.021694044631563065,-0.04134265815649015,0.008067216390483224,-0.00528667509344893,0.002440549267868664,1.1237722028190845e-05
-248.48,0.92,0.025,0.009797958971132711,0.5248792922602417,0.5278473586035246,0.03542847022741011,0.13076879781912243,0.21202950544866392,-0.0004595663640673148,0.0009771412821389233,0.0008676413779799656,0.0005184197480521322,1.2626623013756554e-06,0.029986657200479917,0.11068271047410523,0.17946177341174915,-0.00038897697054657526,0.08158874583079695,0.087944554651053,0.16563674519816937,-0.08789048480460607,0.028386989888890983,-0.11462880765600042,-0.02174218834390828,-0.04143443728365507,0.008067216390483226,-0.005286675093448931,0.002445011484224315,1.1254600317224341e-05
-248.32,0.92,0.025,0.009797958971132711,0.5248792922602417,0.5278473586035246,0.03558497252063788,0.13090764387503145,0.21211250408554147,-0.0004593623704593599,0.0009791378539895964,0.000867934102382274,0.0005195693145366956,1.2656214670932724e-06,0.030119120741467904,0.11080022977582663,0.17953202345800232,-0.00038880431035680224,0.08176858120801532,0.08798900884144428,0.16570174193696974,-0.08792458916789171,0.02832655795219321,-0.11480086244504298,-0.02179038770315191,-0.04152632251721633,0.008067216390483226,-0.005286675093448931,0.0024494743442477133,1.1271460956785985e-05
-248.16,0.92,0.025,0.009797958971132711,0.5248792922602417,0.5278473586035246,0.035741794491404646,0.13104653666185587,0.21219568740115147,-0.00045915801543439615,0.0009811372517993184,0.0008682255137417058,0.0005207202092321636,1.2685841644630362e-06,0.030251854857524893,0.11091778863059482,0.17960242981633462,-0.0003886313442636729,0.08194868644497122,0.08803336811896292,0.16576688326063171,-0.08795876948849765,0.028265902260380546,-0.11497308821289683,-0.02183864274302005,-0.041618313919864806,0.008067216390483228,-0.005286675093448931,0.0024539378367882513,1.1288303833780492e-05
-248.0,0.92,0.025,0.009797958971132711,0.5248792922602417,0.5278473586035246,0.035898936592066825,0.13118547596918184,0.21227905560942104,-0.00045895329895914716,0.0009831394781049565,0.0008685156079693452,0.0005218724329476322,1.2715503872584098e-06,0.030384859931525364,0.11103538686031551,0.17967299266781397,-0.00038845807223902216,0.08212906180972823,0.08807763213249406,0.16583216933647954,-0.08799302585471226,0.028205022379721403,-0.11514548499082322,-0.021886953498099982,-0.04171041155592172,0.008067216390483228,-0.005286675093448931,0.002458401950787166,1.1305128835485907e-05
-247.84,0.92,0.025,0.009797958971132711,0.5248792922602417,0.5278473586035246,0.036056399275386695,0.13132446158594063,0.21236260892432957,-0.00045874822099766546,0.0009851445354431905,0.0008688043809688484,0.0005230259865126987,1.274520129247467e-06,0.0305181363466873,0.11115302428634016,0.17974371219355256,-0.00038828449425242406,0.08230970757039853,0.08812180053024242,0.16589760033187956,-0.0880273583548435,0.028143917875897727,-0.11531805280975634,-0.021935320003843208,-0.041802615491344494,0.00806721639048323,-0.005286675093448932,0.002462866675277735,1.1321935849555787e-05
-247.68,0.92,0.025,0.009797958971132711,0.5248792922602417,0.5278473586035246,0.0362141829945324,0.13146349330040757,0.21244634755991326,-0.0004585427815113079,0.0009871524263505062,0.0008690918286364339,0.0005241808707775185,1.2774933841924958e-06,0.030651684486572222,0.11127070072946497,0.17981458857471058,-0.00038811061027117105,0.0824906239951426,0.08816587295973143,0.16596317641424357,-0.08806176707722056,0.02808258831400442,-0.11549079170030253,-0.021983742296567882,-0.04189492579373132,0.00806721639048323,-0.005286675093448933,0.0024673319993854,1.133872476401692e-05
-247.52,0.92,0.025,0.009797958971132711,0.5248792922602417,0.5278473586035246,0.03637228820307787,0.13160257090020072,0.21253027173026745,-0.00045833698045876696,0.000989163153363188,0.0008693779468608724,0.0005253370866128731,1.2804701458507117e-06,0.03078550473508511,0.1113884160099299,0.17988562199249838,-0.0003879364202603004,0.08267181135216867,0.08820984906780224,0.16602889775103083,-0.08809625211019505,0.028021033258548912,-0.11566370169273923,-0.022032220413461617,-0.04198734253232658,0.00806721639048323,-0.005286675093448932,0.0024717979123279592,1.1355495467273194e-05
-247.35999999999999,0.92,0.025,0.009797958971132711,0.5248792922602417,0.5278473586035246,0.03653071535500287,0.13174169417227982,0.21261438164955154,-0.00045813081779598117,0.0009911767190173147,0.0008696627315234785,0.0005264946349102298,1.2834504079736697e-06,0.030919597476474433,0.11150616994741765,0.17995681262818045,-0.00038776192418251847,0.08285326990973209,0.08825372850061289,0.16609476450975172,-0.08813081354214287,0.027959252273450662,-0.11583678281701422,-0.022080754392584064,-0.042079865778025596,0.00806721639048323,-0.005286675093448933,0.002476264403415692,1.1372247848101664e-05
-247.2,0.92,0.025,0.009797958971132711,0.5248792922602417,0.5278473586035246,0.03668946490469292,0.13188086290294496,0.21269867753199173,-0.00045792429347621616,0.0009931931258487505,0.0008699461784981005,0.0005276535165818068,1.286434164308068e-06,0.03105396309533209,0.11162396236105261,0.1800281606630778,-0.0003875871219982694,0.083034999936135,0.08829751090363722,0.16616077685796998,-0.08816545146146536,0.02789724492204071,-0.11601003510274456,-0.022129344272869538,-0.04217249560337985,0.008067216390483231,-0.005286675093448934,0.0024807314620515298,1.1388981795657297e-05
-247.04,0.92,0.025,0.009797958971132711,0.5248792922602417,0.5278473586035246,0.03684853730693922,0.13202007687783548,0.2127831595918856,-0.0004577174074499961,0.0009952123763931392,0.0008702282836511112,0.0005288137325606319,1.2894214085954968e-06,0.031188601976593355,0.11174179306939996,0.180099666278572,-0.00038741201366567673,0.08321700169972565,0.08834119592166417,0.16622693496330646,-0.08820016595659118,0.027835010767061137,-0.11618345857921569,-0.022177990094129588,-0.042265232082601675,0.008067216390483231,-0.005286675093448934,0.0024851990777311752,1.1405697199470867e-05
-246.88,0.92,0.025,0.009797958971132711,0.5248792922602417,0.5278473586035246,0.037007933016938686,0.1321593358819287,0.21286782804360468,-0.0004575101596651043,0.0009972344731858979,0.0008705090428413976,0.0005299752838006012,1.2924121345725505e-06,0.03132351450553691,0.11185966189046447,0.18017132965610702,-0.00038723659914054426,0.08339927546889797,0.08838478319879664,0.16629323899344076,-0.08823495711597745,0.027772549370664614,-0.11635705327538054,-0.022226691897055402,-0.04235807529156897,0.00806721639048323,-0.005286675093448935,0.0024896672400432462,1.1422393949449448e-05
-246.72,0.92,0.025,0.009797958971132711,0.5248792922602417,0.5278473586035246,0.03716765249029388,0.13229863969953887,0.2129526831015995,-0.00045730255006659203,0.00099925941876221,0.0008707884519203536,0.0005311381712765407,1.295406335970957e-06,0.03145870106778474,0.1119775686416897,0.18024315097719384,-0.0003870608783763635,0.08358182151209097,0.08842827237845072,0.16635968911611548,-0.08826982502811168,0.027709860294413993,-0.11653081921985861,-0.02227544972322042,-0.04245102530783005,0.008067216390483231,-0.005286675093448933,0.0024941359386693946,1.143907193587695e-05
-246.56,0.92,0.025,0.009797958971132711,0.5248792922602417,0.5278473586035246,0.03732769618301295,0.1324379881143157,0.2130377249804018,-0.0004570945785967459,0.0010012872156570192,0.0008710665067318675,0.0005323023959842624,1.2984040065178563e-06,0.03159416204930216,0.11209551313995682,0.1803151304234121,-0.00038688485132428574,0.08376464009778832,0.08847166310335473,0.16642628549913793,-0.08830476978151278,0.027646943099281663,-0.116704756440935,-0.022324263615082655,-0.04254408221060821,0.00806721639048323,-0.005286675093448934,0.0024986051633844385,1.1455731049414987e-05
-246.4,0.92,0.025,0.009797958971132711,0.5248792922602417,0.5278473586035246,0.03748806455150967,0.13257738090924348,0.21312295389462976,-0.00045688624519509127,0.0010033178664050218,0.0008713432031123154,0.000533467958940623,1.3014051399356564e-06,0.03172989783639779,0.11221349520158369,0.18038726817641465,-0.00038670851793312525,0.08394773149451776,0.08851495501554822,0.16649302831038418,-0.08833979146473322,0.027583797345649252,-0.1168788649665595,-0.022373133615987206,-0.042637246080806344,0.008067216390483231,-0.005286675093448935,0.0025030749040564643,1.1472371181101986e-05
-246.24,0.92,0.025,0.009797958971132711,0.5248792922602417,0.5278473586035246,0.03764875805260329,0.1327168178666396,0.21320837005899054,-0.00045667754979837946,0.0010053513735406609,0.0008716185368905499,0.0005346348611835761,1.3044097299422803e-06,0.031865908815723425,0.11233151464232377,0.1804595644179296,-0.0003865318781493484,0.08413109597085051,0.08855814775638113,0.16655991771780088,-0.08837489016635997,0.027520422593307045,-0.11705314482434565,-0.02242205977016841,-0.04273051700101118,0.008067216390483231,-0.005286675093448934,0.0025075451506469323,1.1488992222354066e-05
-246.07999999999998,0.92,0.025,0.009797958971132711,0.5248792922602417,0.5278473586035246,0.03780977714351856,0.13285629876815352,0.2132939736882841,-0.0004564684923406076,0.0010073877395981189,0.0008718925038878909,0.0005358031037722322,1.3074177702512025e-06,0.03200219537427411,0.11244957127736514,0.18053201932976368,-0.0003863549319170903,0.08431473379540093,0.08860124096651281,0.16662695388940846,-0.08841006597501616,0.02745681840145352,-0.11722759604156974,-0.022471042122752385,-0.042823895055498024,0.008067216390483233,-0.005286675093448935,0.0025120158932108,1.1505594064965275e-05
-245.92,0.92,0.025,0.009797958971132711,0.5248792922602417,0.5278473586035246,0.03797112228188571,0.13299582339476557,0.21337976499740768,-0.0004562590727529229,0.0010094269671113115,0.0008721650999181168,0.0005369726877869086,1.3104292545715404e-06,0.03213875789938807,0.11256766492132958,0.18060463309380587,-0.000386177679178074,0.08449864523682585,0.0886442342859112,0.16669413699330476,-0.08844531897936292,0.02739298432869489,-0.11740221864517003,-0.02252008071975912,-0.042917380330234775,0.00806721639048323,-0.005286675093448934,0.0025164871218965866,1.1522176601106567e-05
-245.76,0.92,0.025,0.009797958971132711,0.5248792922602417,0.5278473586035246,0.038132793925740344,0.13313539152678552,0.21346574420135853,-0.000456049290963752,0.0010114690586138808,0.0008724363207874541,0.0005381436143291866,1.313444176608272e-06,0.032275596778746626,0.11268579538827127,0.18067740589202985,-0.0003860001198717197,0.08468283056382393,0.08868712735385169,0.16676146719766682,-0.0884806492681005,0.027328919933044597,-0.11757701266174571,-0.02256917560810486,-0.04301097291288648,0.00806721639048323,-0.005286675093448932,0.002520958826946494,1.1538739723328204e-05
-245.6,0.92,0.025,0.009797958971132711,0.5248792922602417,0.5278473586035246,0.03829479253352342,0.13327500294385164,0.21355191151523842,-0.00045583914689866883,0.0010135140166391886,0.0008727061622945684,0.0005393158845219591,1.3164625300620837e-06,0.03241271240037422,0.11280396249167603,0.1807503379064978,-0.00038582225393503334,0.08486729004513541,0.08872991980891633,0.16682894467075454,-0.08851605692997001,0.027264624771922843,-0.11775197811755593,-0.02261832683560414,-0.043104672892819135,0.00806721639048323,-0.005286675093448931,0.0025254309986964584,1.1555283324557112e-05
-245.44,0.92,0.025,0.009797958971132711,0.5248792922602417,0.5278473586035246,0.038457118564081245,0.1334146574249294,0.21363826715425654,-0.0004556286404804437,0.0010155618437203092,0.0008729746202305547,0.0005404894995094848,1.319484308629668e-06,0.03255010515263837,0.11292216604446025,0.18082342931936274,-0.0003856440813026476,0.08505202394954141,0.08877261128899298,0.16689656958091315,-0.08855154205375482,0.027200098402156113,-0.11792711503851892,-0.02266753445097202,-0.043198480361104054,0.008067216390483231,-0.005286675093448934,0.00252990362757625,1.1571807298098662e-05
-245.28,0.92,0.025,0.009797958971132711,0.5248792922602417,0.5278473586035246,0.038619772476665364,0.13355435474831015,0.2137248113337338,-0.0004554177716290409,0.0010176125423900226,0.0008732416903789283,0.0005416644604574384,1.3225095060036408e-06,0.03268777542424957,0.11304040585896971,0.1808966803128723,-0.0003854656019068202,0.08523703254586337,0.0888152014312742,0.1669643420965763,-0.0885871047282821,0.02713534037997676,-0.118102423450211,-0.022716798503826244,-0.043292395410521815,0.008067216390483231,-0.005286675093448934,0.0025343767041095372,1.1588311537635882e-05
-245.12,0.92,0.025,0.009797958971132711,0.5248792922602417,0.5278473586035246,0.03878275473093256,0.13369409469161012,0.2138115442691065,-0.0004552065402615884,0.0010196661151808087,0.0008735073685156142,0.0005428407685529571,1.3255381158729068e-06,0.03282572360426132,0.11315868174697881,0.18097009106937176,-0.0003852868156774084,0.0854223161029626,0.08885768987225649,0.1670322623862691,-0.0886227450424246,0.027070350261022398,-0.1182779033778657,-0.02276611904468913,-0.04338641813556603,0.008067216390483231,-0.005286675093448935,0.002538850218913938,1.1604795937230456e-05
-244.96,0.92,0.025,0.009797958971132711,0.5248792922602417,0.5278473586035246,0.03894606578694478,0.13383387703176894,0.2138984661759297,-0.00045499494629238436,0.0010217225646248392,0.0008737716504089387,0.0005440184250046938,1.3285701319223088e-06,0.032963950082070065,0.11327699351968923,0.1810436617713069,-0.00038510772254187413,0.08560787488973962,0.08890007624773912,0.16710033061861068,-0.0886584630851017,0.027005127600335525,-0.11845355484637275,-0.02281549612498987,-0.04348054863244753,0.00806721639048323,-0.005286675093448933,0.0025433241627011013,1.1621260391320877e-05
-244.79999999999998,0.92,0.025,0.009797958971132711,0.5248792922602417,0.5278473586035246,0.03910970610516909,0.13397370154504865,0.21398557726988054,-0.0004547829896329078,0.0010237818932539715,0.0008740345318196197,0.0005451974310428581,1.3316055478330836e-06,0.03310245524741512,0.11339534098772917,0.1811173926012269,-0.00038492832242529315,0.08579370917513376,0.08894236019282344,0.16716854696231687,-0.08869425894528113,0.02693967195236303,-0.11862937788027715,-0.02286492979706619,-0.04357478699909775,0.00806721639048323,-0.005286675093448932,0.0025477985262767396,1.1637704794724299e-05
-244.64,0.92,0.025,0.009797958971132711,0.5248792922602417,0.5278473586035246,0.03927367614647766,0.13411356800703236,0.214072877766763,-0.00045457067019175534,0.0010258441035997426,0.000874296008500756,0.0005463777879192664,1.334644357282609e-06,0.03324123949037869,0.1135137239611522,0.18119128374178822,-0.00038474861525030174,0.08597981922812258,0.08898454134191189,0.16723691158620388,-0.08873013271198066,0.026873982870955652,-0.11880537250377832,-0.022914420114166535,-0.04366913333517263,0.00806721639048323,-0.005286675093448933,0.002552273300540677,1.165412904263417e-05
-244.48,0.92,0.025,0.009797958971132711,0.5248792922602417,0.5278473586035246,0.039437976372147604,0.13425347619262312,0.21416036788251097,-0.00045435798787470436,0.0010279091981933595,0.0008745560761978192,0.0005475594969073885,1.3376865539448356e-06,0.033380303201385735,0.11363214224943621,0.18126533537575729,-0.00038456860093714977,0.08616620531772125,0.08902661932870692,0.16730542465919054,-0.08876608447426941,0.026808059909367632,-0.11898153874072885,-0.02296396713045192,-0.04376358774205636,0.00806721639048323,-0.005286675093448933,0.0025567484764868966,1.1670533030622626e-05
-244.32,0.92,0.025,0.009797958971132711,0.5248792922602417,0.5278473586035246,0.039602607243861096,0.1343934258760426,0.21424804783319162,-0.00045414494258466155,0.0010299771795656961,0.0008748147306486432,0.0005487425593023871,1.340732131490065e-06,0.03351964677120403,0.11375059566148248,0.1813395476860134,-0.00038438827940365754,0.08635286771298212,0.08906859378621029,0.16737408635030132,-0.08880211432126944,0.026741902620256063,-0.119157876614634,-0.02301357090099769,-0.04385815032286457,0.008067216390483231,-0.0052866750934489355,0.0025612240452035657,1.1686916654638406e-05
-244.16,0.92,0.025,0.009797958971132711,0.5248792922602417,0.5278473586035246,0.03976756922370517,0.13453341683082992,0.2143359178350092,-0.000453931534221691,0.0010320480502472832,0.000875071967583415,0.0005499269764211658,1.343781083585074e-06,0.033659270590944056,0.11386908400561445,0.18141392085555177,-0.0003842076505652393,0.08653980668299406,0.0891104643467219,0.16744289682866895,-0.08883822234215709,0.026675510555680577,-0.11933438614865034,-0.023063231481795465,-0.04395282118244812,0.008067216390483231,-0.005286675093448936,0.0025656999978730705,1.1703279811007317e-05
-244.0,0.92,0.025,0.009797958971132711,0.5248792922602417,0.5278473586035246,0.039932862774171705,0.1346734488298404,0.21442397810430955,-0.0004537177626829716,0.0010341218127683026,0.0008753277827246653,0.0005511127496024076,1.3468334038932864e-06,0.033799175052058934,0.11398760708957692,0.18148845506748762,-0.0003840267143348672,0.08672702249688197,0.08915223064183894,0.16751185626353812,-0.08887440862616484,0.026608883267102805,-0.11951106736558496,-0.023112948929754823,-0.044047600427396236,0.00806721639048323,-0.0052866750934489355,0.00257017632577202,1.1719622396431984e-05
-243.84,0.92,0.025,0.009797958971132711,0.5248792922602417,0.5278473586035246,0.04009848835815743,0.13481352164524435,0.21451222885758262,-0.0004535036278628106,0.001036198469658581,0.000875582171787258,0.000552299880206619,1.3498890860747318e-06,0.03393936054634445,0.11410616472053482,0.18156315050505795,-0.0003838454706230829,0.08691451542380627,0.08919389230245507,0.1675809648242674,-0.08891067326258253,0.026542020305385824,-0.11968792028789457,-0.023162723302705076,-0.04414248816603996,0.008067216390483231,-0.005286675093448937,0.002574653020271279,1.1735944307991418e-05
-243.68,0.92,0.025,0.009797958971132711,0.5248792922602417,0.5278473586035246,0.04026444643896378,0.13495363504852592,0.214600670311467,-0.0004532891296526498,0.0010382780234475819,0.0008758351304783818,0.0005534883696161677,1.3529481237860686e-06,0.03407982746593894,0.11422475670507234,0.1816380073516257,-0.0003836639193380028,0.0871022857329623,0.08923544895875934,0.16765022268033283,-0.08894701634075905,0.026474921220793826,-0.11986494493768443,-0.02321255465939693,-0.04423748450845521,0.00806721639048323,-0.0052866750934489355,0.002579130072835958,1.1752245443140594e-05
-243.52,0.92,0.025,0.009797958971132711,0.5248792922602417,0.5278473586035246,0.04043073748029685,0.13509378881048167,0.21468930268275224,-0.00045307426794105626,0.0010403604766643995,0.0008760866544975401,0.0005546782192353252,1.356010510680738e-06,0.03422057620332326,0.1143433828491917,0.1817130257906815,-0.00038348206038531,0.08729033369357973,0.08927690024023524,0.16771963000132958,-0.08898343795010333,0.026407585562991533,-0.12004214133670749,-0.023262443059504215,-0.04433258956646614,0.008067216390483231,-0.005286675093448936,0.002583607475025445,1.176852569971067e-05
-243.35999999999999,0.92,0.025,0.009797958971132711,0.5248792922602417,0.5278473586035246,0.04059736194626744,0.13523398270121958,0.21477812618838457,-0.00045285904261367605,0.001042445831837751,0.0008763367395365406,0.0005558694304902998,1.3590762404088082e-06,0.034361607151320764,0.11446204295831226,0.18178820600584872,-0.0003832998936682154,0.08747865957492211,0.08931824577565987,0.16778918695697673,-0.0890199381800868,0.026340012881043748,-0.12021950950636327,-0.023312388563625337,-0.044427803453647864,0.008067216390483231,-0.005286675093448938,0.002588085218493353,1.1784784975906917e-05
-243.2,0.92,0.025,0.009797958971132711,0.5248792922602417,0.5278473586035246,0.040764320301390836,0.13537421649015766,0.21486714104546883,-0.00045264345355332,0.0010445340914959694,0.0008765853812794873,0.0005570620048292787,1.362145306617404e-06,0.034502920703097205,0.11458073683726945,0.18186354818088482,-0.00038311741908753007,0.08766726364628624,0.08935948519310292,0.16785889371711846,-0.08905651712024407,0.02627220272341493,-0.12039704946769708,-0.02336239123328496,-0.04452312628532971,0.008067216390483231,-0.005286675093448937,0.00259256329498755,1.180102317031139e-05
-243.04,0.92,0.025,0.009797958971132711,0.5248792922602417,0.5278473586035246,0.040931613010586884,0.13551448994602275,0.21495634747127243,-0.00045242750063988587,0.001046625258166998,0.0008768325754027693,0.0005582559437224621,1.3652177029503927e-06,0.03464451725216074,0.11469946429031366,0.181939052499685,-0.0003829346365415994,0.08785614617700166,0.08940061811992578,0.16792875045172734,-0.0890931748601746,0.026204154637968612,-0.12057476124139897,-0.02341245113093552,-0.044618558178598,0.00806721639048323,-0.005286675093448937,0.0025970416963501334,1.1817240181879875e-05
-242.88,0.92,0.025,0.009797958971132711,0.5248792922602417,0.5278473586035246,0.041099240539179814,0.13565480283684925,0.2150457456832299,-0.0004522111837503618,0.0010487193343783814,0.0008770783175750524,0.0005594512486620983,1.3682934230485257e-06,0.0347863971923618,0.1148182251211092,0.1820147191462858,-0.00038275154592630625,0.08804530743643,0.0894416441827805,0.16799875733090786,-0.08912991148954459,0.02613586817196709,-0.12075264484780271,-0.02346256831995867,-0.044714099252298876,0.00806721639048323,-0.005286675093448936,0.002601520414517391,1.1833435909941903e-05
-242.72,0.92,0.025,0.009797958971132711,0.5248792922602417,0.5278473586035246,0.04126720335289828,0.135795154929978,0.21513533589894518,-0.00045199450275883716,0.00105081632265726,0.0008773226034572687,0.0005606479211625185,1.3713724605494827e-06,0.034928560917893106,0.1149370191327334,0.1820905483048672,-0.0003825681471350798,0.08823474769396454,0.08948256300760891,0.16806891452489817,-0.08916672709808789,0.026067342872070746,-0.12093070030688494,-0.023512742864666734,-0.04480974962704101,0.008067216390483233,-0.005286675093448937,0.0026059994415197907,1.1849610254200586e-05
-242.56,0.92,0.025,0.009797958971132711,0.5248792922602417,0.5278473586035246,0.041435501917875234,0.135935545992055,0.21522511833619642,-0.0004517774575365175,0.0010529162255303623,0.0008775654287026067,0.0005618459627601665,1.3744548090880065e-06,0.0350710088232896,0.11505584612767537,0.18216654015975667,-0.00038238444005890847,0.0884244672190296,0.08952337421964182,0.1681392222040739,-0.08920362177560802,0.0259985782843377,-0.12110892763826409,-0.023562974830303954,-0.04490550942519803,0.008067216390483233,-0.005286675093448938,0.0026104787694819203,1.1865763114732633e-05
-242.4,0.92,0.025,0.009797958971132711,0.5248792922602417,0.5278473586035246,0.04160413670064782,0.13607597578903005,0.2153150932129386,-0.00045156004795169984,0.0010550190455239968,0.0008778067889565031,0.0005630453750136376,1.377540462295719e-06,0.03521374130342832,0.11517470590783505,0.18224269489543124,-0.00038220042458631876,0.08861446628107994,0.08956407744339778,0.1682096805389501,-0.08924059561197922,0.0259295739542234,-0.12128732686119943,-0.023613264283048174,-0.04500137877091163,0.008067216390483233,-0.005286675093448938,0.002614958390622485,1.18818943919867e-05
-242.24,0.92,0.025,0.009797958971132711,0.5248792922602417,0.5278473586035246,0.041773108168157436,0.13621644408615563,0.2154052607473081,-0.0004513422738697769,0.0010571247851640475,0.0008780466798566312,0.0005642461595037028,1.3806294138014014e-06,0.03535675875352846,0.11529359827452212,0.18231901269652157,-0.0003820161006033792,0.08880474514960023,0.08960467230268235,0.168280289700185,-0.08927764869714833,0.025860329426579932,-0.12146589799459022,-0.02366361129001178,-0.04509735779009346,0.008067216390483233,-0.005286675093448938,0.002619438297254215,1.1898003986783894e-05
-242.07999999999998,0.92,0.025,0.009797958971132711,0.5248792922602417,0.5278473586035246,0.041942416787749535,0.13635695064798564,0.2154956211576253,-0.0004511241351532027,0.001059233446975964,0.000878285097032893,0.0005654483178333408,1.383721657230714e-06,0.03550006156915121,0.11541252302845505,0.18239549374781405,-0.0003818314679936708,0.08899530409410453,0.08964515842058708,0.1683510498585818,-0.08931478112113586,0.02579084424565577,-0.12164464105697449,-0.023714015919243117,-0.045193446610427714,0.008067216390483235,-0.005286675093448939,0.0026239184817838375,1.1914091800315469e-05
-241.92,0.92,0.025,0.009797958971132711,0.5248792922602417,0.5278473586035246,0.04211206302717363,0.13649749523837415,0.21558617466239924,-0.0004509056316615669,0.0010613450334847558,0.0008785220361074083,0.0005666518516277686,1.3868171862065927e-06,0.03564365014619976,0.11553147996975989,0.18247213823425473,-0.00038164652663835025,0.08918614338413566,0.08968553541948862,0.1684219611850926,-0.08935199297403804,0.025721117955095164,-0.12182355606652831,-0.02376447823972772,-0.04528964536137356,0.008067216390483233,-0.005286675093448938,0.0026283989367120093,1.193015773414479e-05
-241.76,0.92,0.025,0.009797958971132711,0.5248792922602417,0.5278473586035246,0.04228204735458319,0.1366380776204741,0.21567692148033019,-0.00045068676325150014,0.001063459547214985,0.0008787574926945054,0.0005678567625344689,1.389915994348886e-06,0.035787524880919214,0.11565046889796929,0.18254894634095148,-0.00038146127641606976,0.08937726328926461,0.08972580292104765,0.16849302385082016,-0.08938928434602758,0.025651150097937708,-0.12200264304106467,-0.023814998321389527,-0.04538595417416736,0.008067216390483233,-0.005286675093448939,0.0026328796546332576,1.1946201690203818e-05
-241.6,0.92,0.025,0.009797958971132711,0.5248792922602417,0.5278473586035246,0.04245237023853558,0.13677869755673616,0.2157678618303139,-0.0004504675297767563,0.001065576990690759,0.0008789914624007118,0.0005690630522232129,1.3930180752746912e-06,0.03593168616989652,0.11576948961202149,0.1826259182531777,-0.00038127571720304656,0.08956866407909006,0.08976596054620807,0.16856423802702136,-0.08942665532735578,0.025580940216617897,-0.12218190199803249,-0.023865576235091772,-0.04548237318182444,0.008067216390483231,-0.005286675093448938,0.0026373606282358852,1.1962223570794837e-05
-241.44,0.92,0.025,0.009797958971132711,0.5248792922602417,0.5278473586035246,0.042623032147991985,0.13691935480890735,0.21585899593144486,-0.000450247931088152,0.0010676973664357234,0.0008792239408247441,0.0005702707223860928,1.3961234225980655e-06,0.03607613441006042,0.11588854191025919,0.18270305415637494,-0.00038108984887301185,0.0897603460232377,0.08980600791519595,0.1686356038851097,-0.0894641060083536,0.025510487852964607,-0.12236133295451578,-0.02391621205263842,-0.04557890251914169,0.008067216390483233,-0.005286675093448938,0.002641841850301923,1.1978223278587706e-05
-241.28,0.92,0.025,0.009797958971132711,0.5248792922602417,0.5278473586035246,0.04279403355231734,0.13706004913802997,0.21595032400302056,-0.0004500279670335762,0.0010698206769730544,0.0008794549235574984,0.0005714797747375404,1.3992320299303208e-06,0.0362208699986814,0.11600762559042857,0.1827803542361566,-0.0003809036712972189,0.08995230939135983,0.08984594464751874,0.1687071215966587,-0.08950163647943353,0.025439792548200633,-0.12254093592723247,-0.023966905846774886,-0.04567554232269911,0.008067216390483233,-0.005286675093448937,0.002646323313707009,1.1994200716620427e-05
-241.12,0.92,0.025,0.009797958971132711,0.5248792922602417,0.5278473586035246,0.04296537492128023,0.13720078030444008,0.21604184626454348,-0.00044980763745802656,0.0010719469248254522,0.0008796844061820405,0.0005726902110143543,1.402343890879872e-06,0.03636589333337159,0.11612674044967809,0.1828578186783096,-0.0003807171843444737,0.09014455445313453,0.08988577036196402,0.1687787913334034,-0.08953924683109045,0.025368853842942247,-0.12272071093253353,-0.024017657691189236,-0.04577229273086192,0.008067216390483235,-0.005286675093448937,0.0026508050114203356,1.2010155788298264e-05
-240.96,0.92,0.025,0.009797958971132711,0.5248792922602417,0.5278473586035246,0.04313705672505286,0.13734154806776652,0.2161335629357262,-0.00044958694220355425,0.0010740761125151328,0.0008799123842735961,0.00057390203297572,1.4054589990521852e-06,0.03651120481208474,0.11624588628455759,0.18293544766879866,-0.0003805303878810883,0.09033708147826529,0.08992548467659889,0.1688506132672442,-0.08957693715390368,0.025297671277198654,-0.12290065798640198,-0.024068467660512995,-0.045869153883782175,0.008067216390483233,-0.005286675093448939,0.0026552869365045174,1.2026088397391832e-05
-240.79999999999998,0.92,0.025,0.009797958971132711,0.5248792922602417,0.5278473586035246,0.04330907943421094,0.13748235218692953,0.21622547423649466,-0.00044936588110930744,0.0010762082425638223,0.0008801388533995419,0.0005751152424032335,1.4085773480500069e-06,0.03665680483311614,0.11636506289101715,0.1830132413937691,-0.00038034328177091785,0.09052989073648039,0.08996508720876872,0.16892258757024986,-0.08961470753853829,0.025226244390371643,-0.1230807771044519,-0.024119335830322157,-0.04596612592340068,0.008067216390483235,-0.005286675093448936,0.002659769082115502,1.2041998448037929e-05
-240.64,0.92,0.025,0.009797958971132711,0.5248792922602417,0.5278473586035246,0.04348144351973361,0.13762319242013946,0.21631758038699075,-0.00044914445401149665,0.001078343317492748,0.0008803638091193946,0.0005763298411009202,1.4116989314729982e-06,0.03680269379510253,0.11648427006440604,0.18309120003954898,-0.00038015586587533077,0.09072298249753225,0.09000457757509644,0.16899471441465902,-0.08965255807574624,0.025154572721254945,-0.12326106830192737,-0.024170262277137994,-0.04606320899344843,0.008067216390483235,-0.005286675093448938,0.0026642514415024673,1.2057885844736598e-05
-240.48,0.92,0.025,0.009797958971132711,0.5248792922602417,0.5278473586035246,0.0436541494530034,0.1377640685248956,0.21640988160757718,-0.00044892266074343884,0.001080481339822632,0.0008805872469848025,0.0005775458308952552,1.4148237429181915e-06,0.03694887209702208,0.11660350759947163,0.18316932379265333,-0.0003799681400532467,0.09091635703119699,0.0900439553914815,0.16906699397288427,-0.08969048885636842,0.02508265580803396,-0.12344153159370157,-0.024221247078427873,-0.04616040323944833,0.008067216390483235,-0.005286675093448937,0.00266873400800769,1.2073750492352845e-05
-240.32,0.92,0.025,0.009797958971132711,0.5248792922602417,0.5278473586035246,0.04382719770580605,0.13790498025798478,0.21650237811883985,-0.0004487005011354937,0.0010826223120736834,0.0008808091625395343,0.0005787632136351797,1.4179517759795638e-06,0.037095340138194245,0.11672277529035832,0.18324761283978605,-0.00037978010416108186,0.0911100146072736,0.09008322027309876,0.169139426417514,-0.08972849997133547,0.025010493188285108,-0.12362216699427572,-0.024272290312605995,-0.04625770880871642,0.008067216390483235,-0.005286675093448937,0.0026732167750664303,1.2089592296113044e-05
-240.16,0.92,0.025,0.009797958971132711,0.5248792922602417,0.5278473586035246,0.04400058875033055,0.1380459273754803,0.21659507014159204,-0.00044847797501512487,0.0010847662367655915,0.000881029551319471,0.0005799819911921215,1.4210830242481894e-06,0.03724209831827978,0.11684207293060653,0.18332606736784351,-0.0003795917580528017,0.0913039554955836,0.09012237183439778,0.16921201192131563,-0.08976659151166971,0.024938084398975466,-0.12380297451777815,-0.024323392059034228,-0.04635512585036356,0.008067216390483235,-0.00528667509344894,0.002677699736206812,1.21054111616055e-05
-240.0,0.92,0.025,0.009797958971132711,0.5248792922602417,0.5278473586035246,0.04417432305916896,0.1381869096327406,0.21668795789687792,-0.00044825508220687287,0.001086913116417518,0.0008812484088525948,0.0005812021654600088,1.4242174813122568e-06,0.037389147037280614,0.11696140031315165,0.18340468756391748,-0.0003794031015798972,0.09149817996597043,0.09016140968910184,0.16928475065723833,-0.0898047635684864,0.024865428976462267,-0.12398395417796321,-0.024374552398022716,-0.046452654515296475,0.008067216390483233,-0.005286675093448936,0.002682182885049677,1.2121206994779246e-05
-239.84,0.92,0.025,0.009797958971132711,0.5248792922602417,0.5278473586035246,0.04434840110531641,0.13832792678440783,0.2167810416059755,-0.00044803182253234,0.0010890629535480901,0.0008814657306589799,0.0005824237383552832,1.4273551407570365e-06,0.037536486695539814,0.1170807572303228,0.18348347361529768,-0.00037921413459137256,0.0916926882882987,0.09020033345020667,0.16935764279841542,-0.08984301623299516,0.02479252645649238,-0.12416510598821037,-0.02442577141083038,-0.04655029495621885,0.008067216390483233,-0.0052866750934489355,0.0026866662153084385,1.2136979701942792e-05
-239.68,0.92,0.025,0.009797958971132711,0.5248792922602417,0.5278473586035246,0.044522823362170914,0.13846897858440677,0.21687432149040095,-0.00044780819581021196,0.0010912157506753923,0.0008816815122507826,0.0005836467118169157,1.4304959961647614e-06,0.03768411769374146,0.11720014347384189,0.18356242570947537,-0.0003790248569337634,0.0918874807324537,0.09023914272997989,0.16943068851816767,-0.08988134959650154,0.024719376374201924,-0.12434642996152313,-0.024477049179665658,-0.04664804732763261,0.008067216390483233,-0.0052866750934489355,0.002691149720788939,1.2152729189762867e-05
-239.52,0.92,0.025,0.009797958971132711,0.5248792922602417,0.5278473586035246,0.04469759030353336,0.1386100647859436,0.21696779777191103,-0.00044758420185628386,0.0010933715103169602,0.0008818957491322326,0.0005848710878064231,1.4336400411147575e-06,0.037832040432910635,0.11731955883482266,0.1836415440341455,-0.00037883526845115866,0.09208255756834087,0.09027783713995989,0.16950388799000513,-0.08991976375040818,0.02464597826411578,-0.12452792611052815,-0.024528385787687155,-0.04674591178583915,0.008067216390483235,-0.005286675093448936,0.0026956333953893235,1.2168455365264492e-05
-239.35999999999999,0.92,0.025,0.009797958971132711,0.5248792922602417,0.5278473586035246,0.0448727024036074,0.13875118514150442,0.217061470672508,-0.00044735984048338806,0.0010955302349897717,0.0008821084367996209,0.0005860968683078733,1.4367872691833069e-06,0.037980255314413305,0.11743900310376934,0.18372082877721077,-0.0003786453689851397,0.09227791906588512,0.0903164162909548,0.1695772413876312,-0.0899582587862168,0.024572331660147037,-0.12470959444747404,-0.024579781319003867,-0.04684388848893985,0.008067216390483235,-0.005286675093448937,0.002700117233099835,1.218415813582831e-05
-239.2,0.92,0.025,0.009797958971132711,0.5248792922602417,0.5278473586035246,0.04504816013699936,0.13889233940285417,0.21715534041444143,-0.0004471351115014806,0.0010976919272102403,0.0008823195707412919,0.0005873240553278984,1.4399376739435891e-06,0.03812876273995626,0.11755847607057578,0.18380028012678323,-0.0003784551583748532,0.09247356549503026,0.0903548797930416,0.16965074888494375,-0.08999683479552889,0.024498436095596612,-0.12489143498423047,-0.024631235858675767,-0.046941977596837034,0.008067216390483235,-0.005286675093448936,0.002704601228002679,1.2199837409190539e-05
-239.04,0.92,0.025,0.009797958971132711,0.5248792922602417,0.5278473586035246,0.045223963978718126,0.13903352732103527,0.21724940722021288,-0.000446910014717566,0.001099856589494208,0.0008825291464376337,0.0005885526508957044,1.4430912489657436e-06,0.038277563111587025,0.11767797752452426,0.1838798982711882,-0.00037826463645694786,0.09266949712573838,0.09039322725556524,0.16972441065603913,-0.09003549187004771,0.024424291103152793,-0.12507344773228726,-0.024682749492714186,-0.04704017927123486,0.008067216390483238,-0.005286675093448939,0.002709085374271842,1.2215493093441249e-05
-238.88,0.92,0.025,0.009797958971132711,0.5248792922602417,0.5278473586035246,0.0454001144041751,0.13917474864636642,0.21734367131257928,-0.0004466845499357551,0.001102024224356937,0.0008827371593610667,0.0005897826570630825,1.4462479878167205e-06,0.03842665683169381,0.11779750725428455,0.18395968339896712,-0.00037807380306562315,0.0928657142279894,0.0904314582871375,0.16979822687521437,-0.09007423010157967,0.024349896214890667,-0.12525563270275322,-0.02473432230808232,-0.047138493675640075,0.008067216390483236,-0.005286675093448938,0.002713569666172923,1.2231125097023386e-05
-238.72,0.92,0.025,0.009797958971132711,0.5248792922602417,0.5278473586035246,0.045576611889184056,0.13931600312844117,0.21743813291455535,-0.00044645871695724276,0.0011041948343131023,0.0008829436049760359,0.0005910140759044098,1.4494078840603562e-06,0.03857604430300539,0.1179170650479126,0.18403963569887966,-0.0003778826580326103,0.09306221707178022,0.09046957249563621,0.1698721977169696,-0.09011304958203532,0.024275250962271778,-0.1254379899063551,-0.024785954392695226,-0.047236920975362175,0.008067216390483231,-0.005286675093448934,0.0027180540980629377,1.224673332873185e-05
-238.56,0.92,0.025,0.009797958971132711,0.5248792922602417,0.5278473586035246,0.045753456909961084,0.13945729051612674,0.21753279224941868,-0.0004462325155802962,0.001106368421876786,0.0008831484787389992,0.0005922469095166602,1.4525709312572725e-06,0.03872572592859106,0.11803665069284967,0.184119755359908,-0.0003776912011871627,0.0932590059271243,0.09050756948820408,0.16994632335601148,-0.09015195040343142,0.024200354876143505,-0.12562051935343688,-0.024837645835420325,-0.04733546133751423,0.008067216390483233,-0.0052866750934489355,0.0027225386643901263,1.2262317697711743e-05
-238.4,0.92,0.025,0.009797958971132711,0.5248792922602417,0.5278473586035246,0.04593064994312447,0.13959861055756284,0.21762764954071126,-0.00044600594560030874,0.0011085449895614668,0.0008833517760984189,0.000593481160019409,1.4557371229647386e-06,0.038875702111860554,0.11815626397592119,0.18420004257125802,-0.00037749943235610133,0.09345608106405101,0.09054544887124799,0.17002060396725477,-0.09019093265789167,0.024125207486738767,-0.12580322105395836,-0.024889396726077578,-0.04743411493101327,0.008067216390483235,-0.005286675093448936,0.0027270233596937807,1.2277878113457485e-05
-238.24,0.92,0.025,0.009797958971132711,0.5248792922602417,0.5278473586035246,0.04610819146569462,0.13973996300016026,0.21772270501224464,-0.0004457790068097308,0.001110724539880014,0.0008835534924947512,0.0005947168295548353,1.4589064527368446e-06,0.03902597325656393,0.11827590468333564,0.18428049752236386,-0.00037730735136375614,0.0936534427526051,0.09058321025043785,0.17009503972582632,-0.09022999643764874,0.02404980832367545,-0.1259860950174944,-0.024941207155439567,-0.047532881926580436,0.008067216390483235,-0.0052866750934489355,0.002731508178604015,1.229341448581153e-05
-238.07999999999998,0.92,0.025,0.009797958971132711,0.5248792922602417,0.5278473586035246,0.04628608195509393,0.1398813475905996,0.2178179588881023,-0.0004455516989981268,0.0011129070753446801,0.0008837536233604363,0.0005959539202877259,1.46207891412413e-06,0.0391765397667915,0.1183955726006835,0.1843611204028898,-0.00037711495803201457,0.09385109126284596,0.09062085323070565,0.17016963080706676,-0.09026914183504527,0.023974156915955922,-0.12616914125323375,-0.024993077215231738,-0.04763176249674135,0.008067216390483235,-0.0052866750934489355,0.0027359931158415737,1.2308926724962394e-05
-237.92,0.92,0.025,0.009797958971132711,0.5248792922602417,0.5278473586035246,0.04646432188914672,0.14002276407483,0.21791341139264322,-0.00044532402195213144,0.0011150925984670934,0.0008839521641198895,0.0005971924344054765,1.4652545006738097e-06,0.03932740204697378,0.11851526751293612,0.18444191140273322,-0.00037692225218028405,0.09404902686484708,0.09065837741624462,0.17024437738653334,-0.09030836894253537,0.023898252791966647,-0.12635235976997825,-0.025045006998132373,-0.047730756815826156,0.008067216390483233,-0.005286675093448935,0.002740478166217615,1.2324414741443985e-05
-237.76,0.92,0.025,0.009797958971132711,0.5248792922602417,0.5278473586035246,0.04664291174607912,0.1401642121980679,0.21800906275050586,-0.0004450959754555225,0.0011172811117582497,0.0008841491101894903,0.0005984323741180913,1.4684332059296344e-06,0.039478560501881366,0.11863498920444468,0.18452287071202816,-0.00037672923362555425,0.09424724982869546,0.09069578241050806,0.17031927964000326,-0.09034767785268631,0.02382209547947763,-0.12653575057614158,-0.02509699659777263,-0.0478298650599695,0.008067216390483236,-0.005286675093448938,0.0027449633246334794,1.2339878446134757e-05
-237.6,0.92,0.025,0.009797958971132711,0.5248792922602417,0.5278473586035246,0.046821852004518966,0.14030569170479573,0.2181049131866108,-0.00044486755928914017,0.0011194726177285042,0.0008843444569775731,0.0005996737416581861,1.4716150234316471e-06,0.03963001553662485,0.11875473745893911,0.1846039985211474,-0.00037653590218232825,0.09444576042449102,0.09073306781620855,0.17039433774347534,-0.09038706865817946,0.02374568450564205,-0.12671931367974829,-0.02514904610873666,-0.0479290874071108,0.008067216390483235,-0.005286675093448936,0.002749448586080487,1.2355317750254508e-05
-237.44,0.92,0.025,0.009797958971132711,0.5248792922602417,0.5278473586035246,0.047001143143495704,0.1404472023387605,0.21820096292616392,-0.0004446387732309574,0.0011216671188875654,0.000884538199884417,0.0006009165392809792,1.4747999467163405e-06,0.03978176755665477,0.1188745120595269,0.18468529502070516,-0.00037634225766268236,0.09464455892234588,0.09077023323531688,0.17046955187317295,-0.09042654145181181,0.023669019396995686,-0.12690304908843283,-0.025201155626561236,-0.04802842403699345,0.008067216390483235,-0.0052866750934489355,0.0027539339456396764,1.2370732565364813e-05
-237.28,0.92,0.025,0.009797958971132711,0.5248792922602417,0.5278473586035246,0.04718078564244028,0.14058874384297274,0.21829721219466178,-0.00044440961705604417,0.0011238646177444864,0.0008847303343022364,0.0006021607692642975,1.4779879693165828e-06,0.03993381696776145,0.11899431278869213,0.18476676040156173,-0.0003761482998762358,0.09484364559238391,0.09080727826906111,0.17054492220554776,-0.09046609632649803,0.023592099679456503,-0.1270869568094386,-0.025253325247736,-0.0481278751311654,0.008067216390483235,-0.005286675093448935,0.002758419398481584,1.238612280336701e-05
-237.12,0.92,0.025,0.009797958971132711,0.5248792922602417,0.5278473586035246,0.047360779981185014,0.14073031595970503,0.2183936612178917,-0.0004441800905365712,0.0011260651168076578,0.0008849208556151711,0.0006034064339085656,1.4811790847612468e-06,0.040086164176074995,0.11911413942829434,0.18484839485482354,-0.00037595402863015387,0.09504302070473991,0.09084420251792566,0.17062044891728026,-0.09050573337527057,0.023514924878324208,-0.12727103684961671,-0.025305555069703042,-0.048227440872978186,0.008067216390483236,-0.005286675093448935,0.002762904939866005,1.240148837649957e-05
-236.96,0.92,0.025,0.009797958971132711,0.5248792922602417,0.5278473586035246,0.047541126639963543,0.1408719184304908,0.21849031022193863,-0.0004439501934418258,0.0011282686185847988,0.0008851097591992758,0.000604653535536803,1.484373286575549e-06,0.040238809588065146,0.11923399175956742,0.18493019857184886,-0.00037575944372916136,0.09524268452955922,0.09088100558165028,0.1706961321852848,-0.09054545269128247,0.02343749451827974,-0.1274552892154251,-0.02535784519085676,-0.048327121447586795,0.008067216390483236,-0.0052866750934489355,0.0027673905651417127,1.2416829197338418e-05
-236.79999999999998,0.92,0.025,0.009797958971132711,0.5248792922602417,0.5278473586035246,0.04772182609941067,0.14101355099612298,0.21858715943318532,-0.0004437199255382365,0.0011304751255829509,0.000885297040422511,0.0006059020764946187,1.4875705682806279e-06,0.04039175361054119,0.1193538695631185,0.18501217174424806,-0.0003755645449755634,0.09544263733699698,0.09091768705922909,0.17077197218670975,-0.09058525436780755,0.023359808123384833,-0.12763971391292744,-0.025410195710543638,-0.048426917041949145,0.008067216390483235,-0.005286675093448934,0.002771876269746246,1.2432145178794397e-05
-236.64,0.92,0.025,0.009797958971132711,0.5248792922602417,0.5278473586035246,0.04790287884056227,0.14115521339665266,0.2186842090783181,-0.00044348928658931417,0.0011326846403084698,0.000885482694644733,0.0006071520591502017,1.490770923393648e-06,0.04054499665065191,0.11947377261892682,0.18509431456388845,-0.00037536933216919554,0.09564287939721743,0.09095424654890953,0.17084796909894215,-0.09062513849824254,0.023281865217081543,-0.12782431094779223,-0.02546260672906188,-0.048526827844825385,0.00806721639048324,-0.005286675093448935,0.0027763620492056054,1.2447436234111576e-05
-236.48,0.92,0.025,0.009797958971132711,0.5248792922602417,0.5278473586035246,0.04808428534485519,0.14129690537138806,0.21878145938432905,-0.0004432582763557253,0.001134897165267017,0.0008856667172176829,0.0006084034858943145,1.4939743454276799e-06,0.04069853911588543,0.11959370070634286,0.18517662722289613,-0.0003751738051074859,0.09584341098039356,0.09099068364819161,0.17092412309960955,-0.09066510517610832,0.023203665322191744,-0.1280090803252915,-0.025515078347661098,-0.048626854046777336,0.008067216390483236,-0.0052866750934489355,0.002780847899134011,1.2462702276866536e-05
-236.32,0.92,0.025,0.009797958971132711,0.5248792922602417,0.5278473586035246,0.04826604609412712,0.14143862665889279,0.21887891057851933,-0.0004430268945952465,0.001137112702963553,0.0008858491034849789,0.0006096563591402808,1.4971808278914317e-06,0.040852381414069196,0.11971365360408685,0.18525910991365876,-0.00037497796358541667,0.09604423235670616,0.09102699795382668,0.17100043436658205,-0.09070515449505097,0.023125207960916737,-0.12819402205030017,-0.02556761066854187,-0.048726995840167514,0.008067216390483236,-0.005286675093448937,0.002785333815233616,1.2477943220965325e-05
-236.16,0.92,0.025,0.009797958971132711,0.5248792922602417,0.5278473586035246,0.0484481615706165,0.14158037699698492,0.21897656288850303,-0.0004427951410627879,0.0011393312559023283,0.0008860298487821044,0.0006109106813239754,1.500390364289496e-06,0.04100652395336981,0.11983363109024804,0.18534176282882897,-0.00037478180739554374,0.09624534379634336,0.09106318906181658,0.17107690307797602,-0.09074528654884359,0.023046492654836756,-0.12837913612729449,-0.02562020379485525,-0.04882725341915837,0.008067216390483236,-0.005286675093448936,0.0027898197932942205,1.2493158980643593e-05
-236.0,0.92,0.025,0.009797958971132711,0.5248792922602417,0.5278473586035246,0.04863063225696237,0.1417221561227355,0.21907441654221002,-0.0004425630155103988,0.0011415528265868772,0.0008862089484363987,0.0006121664549038152,1.5036029481218897e-06,0.04116096714229295,0.11995363294228334,0.18542458616132657,-0.00037458533632800156,0.09644674556950013,0.0910992565674127,0.1711535294121557,-0.09078550143138744,0.022967518924910436,-0.12856442256035153,-0.025672857830702424,-0.04892762697971143,0.008067216390483236,-0.005286675093448936,0.0027943058291930076,1.2508349470463408e-05
-235.84,0.92,0.025,0.009797958971132711,0.5248792922602417,0.5278473586035246,0.04881345863620429,0.1418639637724674,0.21917247176788945,-0.000442330517687269,0.0011437774175200083,0.000886386397767048,0.0006134236823607384,1.5068185728841526e-06,0.04131571138968331,0.12007365893701642,0.18550758010434165,-0.0003743885501705045,0.09664843794637737,0.09113520006511498,0.17123031354773638,-0.09082579923671323,0.022888286291474477,-0.1287498813531478,-0.02572557288113389,-0.049028116719585825,0.008067216390483235,-0.0052866750934489355,0.002798791918894216,1.2523514605312366e-05
-235.68,0.92,0.025,0.009797958971132711,0.5248792922602417,0.5278473586035246,0.0489966411917822,0.14200579968175372,0.21927072879411316,-0.00044209764733971424,0.0011460050312037979,0.0008865621920850738,0.0006146823661981994,1.5100372320673454e-06,0.041470757104724455,0.12019370885063636,0.1855907448513374,-0.00037419144870833417,0.09685042119718149,0.09117101914867082,0.17130725566358687,-0.09086618005898274,0.022808794274243042,-0.1289355125089583,-0.02577834905214914,-0.0491287228383377,0.008067216390483238,-0.005286675093448936,0.0028032780584488796,1.2538654300402223e-05
-235.52,0.92,0.025,0.009797958971132711,0.5248792922602417,0.5278473586035246,0.04918018040753633,0.14214766358541683,0.21936918784977869,-0.0004418644042112224,0.0011482356701395815,0.0008867363266933244,0.0006159425089421456,1.5132589191575582e-06,0.04162610469693875,0.12031378245869681,0.1856740805960527,-0.00037399403172437866,0.0970526955921237,0.0912067134110743,0.17138435593883192,-0.09090664399248992,0.0227290423923074,-0.12912131603065544,-0.025831186450695806,-0.04922944553731847,0.008067216390483238,-0.005286675093448939,0.002807764243994491,1.2553768471265895e-05
-235.35999999999999,0.92,0.025,0.009797958971132711,0.5248792922602417,0.5278473586035246,0.04936407676770707,0.14228955521752687,0.21946784916411277,-0.00044163078804240784,0.0011504693368279458,0.0008869087968864643,0.0006172041131410029,1.5164836276361783e-06,0.04178175457618727,0.12043387953611474,0.18575758753250507,-0.000373796298999094,0.09725526140141946,0.09124228244456503,0.17146161455285486,-0.0909471911316625,0.022649030164135445,-0.12930729192070808,-0.025884085184669017,-0.04933028501967362,0.008067216390483238,-0.005286675093448937,0.0028122504717547035,1.2568857033756826e-05
-235.2,0.92,0.025,0.009797958971132711,0.5248792922602417,0.5278473586035246,0.049548330756934794,0.14243147431140038,0.219566712966675,-0.0004413967985710555,0.0011527060337687218,0.0008870795979509644,0.0006184671813656585,1.5197113509796147e-06,0.04193770715266961,0.12055399985716929,0.18584126585499372,-0.0003735982503105414,0.09745811889528765,0.09127772584062734,0.1715390316853005,-0.09098782157106323,0.022568757107571134,-0.12949344018118042,-0.025937045362910638,-0.04943124149034133,0.00806721639048324,-0.005286675093448939,0.0028167367380390086,1.2583919904046977e-05
-235.04,0.92,0.025,0.009797958971132711,0.5248792922602417,0.5278473586035246,0.049732942860259845,0.14257342059959924,0.21966577948735966,-0.0004411624355321129,0.0011549457634609757,0.0008872487251650927,0.0006197317162094412,1.5229420826591687e-06,0.04209396283692393,0.1206741431955008,0.18592511575810122,-0.0003733998854343804,0.09766126834395022,0.09131304318998913,0.17161660751607663,-0.09102853540539095,0.022488222739834203,-0.12967976081373098,-0.02599006709520852,-0.04953231515605089,0.00806721639048324,-0.005286675093448939,0.0028212230392424317,1.2598956998624925e-05
-234.88,0.92,0.025,0.009797958971132711,0.5248792922602417,0.5278473586035246,0.04991791356312235,0.14271539381392903,0.21976504895640134,-0.00044092769865766045,0.0011571885284030014,0.0008874161737989026,0.0006209977202881012,1.526175816140913e-06,0.04225052203982676,0.12079430932410953,0.1860091374366981,-0.00037320120414384384,0.09786471001763132,0.09134823408262094,0.1716943422253584,-0.0910693327294827,0.022407426577519523,-0.12986625381961148,-0.026043150492295615,-0.04963350622532106,0.00806721639048324,-0.005286675093448939,0.0028257093718451736,1.2613968234293437e-05
-234.72,0.92,0.025,0.009797958971132711,0.5248792922602417,0.5278473586035246,0.050103243351362056,0.14285739368543798,0.21986452160437595,-0.00044069258767700213,0.001159434331092313,0.0008875819391142251,0.0006222651962397856,1.529412544885615e-06,0.04240738517259285,0.12091449801535471,0.1860933310859438,-0.0003730022062098146,0.09806844418655675,0.0913832981077351,0.17177223599358898,-0.09111021363831423,0.022326368136596744,-0.13005291919966588,-0.02609629566584897,-0.0497348149084582,0.00806721639048324,-0.00528667509344894,0.0028301957324122946,1.2628953528169112e-05
-234.56,0.92,0.025,0.009797958971132711,0.5248792922602417,0.5278473586035246,0.0502889327112183,0.14299941994441553,0.2199641976622052,-0.0004404571023165418,0.0011616831740256359,0.0008877460163646574,0.0006235341467250206,1.5326522623484965e-06,0.042564552646775174,0.12103470904095331,0.1861776969012905,-0.000372802891400721,0.0982724711209533,0.09141823485378453,0.17185028900148325,-0.0911511782270018,0.02224504693240982,-0.13023975695432918,-0.026149502728489,-0.04983624141755473,0.008067216390483238,-0.005286675093448937,0.0028346821175933763,1.264391279767829e-05
-234.4,0.92,0.025,0.009797958971132711,0.5248792922602417,0.5278473586035246,0.0504749821293298,0.14314147232039104,0.22006407736115965,-0.00044022124229992635,0.0011639350596988997,0.0008879084007955534,0.0006248045744266828,1.5358949619793675e-06,0.04272202487426474,0.12115494217197897,0.18626223507848555,-0.0003726032594826577,0.09847679109104816,0.09145304390846203,0.1719285014300299,-0.09119222659080352,0.022163462479676505,-0.1304267670836266,-0.026202771793778244,-0.04993778596648691,0.008067216390483238,-0.005286675093448937,0.002839168524122158,1.265884596055815e-05
-234.24,0.92,0.025,0.009797958971132711,0.5248792922602417,0.5278473586035246,0.05066139209273455,0.14328355054213246,0.22016416093286204,-0.00043998500734794625,0.0011661899906072297,0.0008880690876440137,0.0006260764820499765,1.5391406372220513e-06,0.042879802267290525,0.12127519717886091,0.18634694581357444,-0.00037240331021930174,0.0986814043670682,0.09148772485869901,0.17200687346049454,-0.09123335882512067,0.022081614292487953,-0.13061394958717223,-0.026256102976220465,-0.05003944877091298,0.008067216390483238,-0.005286675093448937,0.002843654948816195,1.2673752934851457e-05
-234.07999999999998,0.92,0.025,0.009797958971132711,0.5248792922602417,0.5278473586035246,0.05084816308886974,0.143425654337645,0.22026444860929,-0.0004397483971785943,0.0011684479692449393,0.0008882280721388761,0.0006273498723224054,1.54238928151458e-06,0.04303788523841935,0.12139547383138274,0.18643182930290308,-0.00037220304337196226,0.0988863112192394,0.09152227729066466,0.1720854052744212,-0.09127457502549886,0.021999501884308218,-0.1308013044641683,-0.02630949639125946,-0.05014123004827093,0.00806721639048324,-0.005286675093448938,0.0028481413885764998,1.2688633638906877e-05
-233.92,0.92,0.025,0.009797958971132711,0.5248792922602417,0.5278473586035246,0.05103529560557155,0.14356778343416987,0.22036494062277967,-0.0004395114115070466,0.0011707089981055209,0.0008883853495007043,0.0006286247479937467,1.5456408882889964e-06,0.043196274200555766,0.12151577189868139,0.18651688574312072,-0.00037200245869956425,0.09909151191778612,0.09155670078976501,0.1721640970536356,-0.09131587528762947,0.02191712476797378,-0.1309888317134037,-0.026362952155277973,-0.05024313001777639,0.00806721639048324,-0.005286675093448937,0.0028526278403871773,1.2703487991376436e-05
-233.76,0.92,0.025,0.009797958971132711,0.5248792922602417,0.5278473586035246,0.051222790131075065,0.1437099375581829,0.22046563720602913,-0.0004392740500456779,0.0011729730796816394,0.0008885409149417792,0.0006299011118360205,1.5488954509711785e-06,0.04335496956694194,0.121636091149246,0.18660211533118307,-0.0003718015559586618,0.09929700673293057,0.09159099494064186,0.17224294898024764,-0.09135725970735106,0.021834482455693104,-0.13117653133325335,-0.026416470385596393,-0.05034514890042021,0.008067216390483238,-0.005286675093448938,0.0028571143013150463,1.2718315911213514e-05
-233.6,0.92,0.025,0.009797958971132711,0.5248792922602417,0.5278473586035246,0.05141064715401413,0.1438521164353931,0.22056653859210162,-0.0004390363125040475,0.0011752402164651227,0.0008886947636660887,0.00063117896664346,1.5521529629805918e-06,0.043513971751157565,0.12175643135091674,0.1866875182643548,-0.0003716003349034258,0.09950279593489195,0.0916251593271718,0.17232196123665408,-0.09139872838065087,0.02175157445904622,-0.13136440332167681,-0.02647005120047157,-0.05044728691896607,0.008067216390483238,-0.005286675093448937,0.0028616007685092638,1.2733117317670135e-05
-233.44,0.92,0.025,0.009797958971132711,0.5248792922602417,0.5278473586035246,0.05159886716342121,0.14399431979074165,0.22066764501442804,-0.00043879819858896673,0.0011775104109469545,0.0008888468908693171,0.0006324583152324824,1.5554134177302337e-06,0.04367328116711971,0.12187679227088374,0.1867730947402119,-0.00037139879528570144,0.09970887979388608,0.09165919353246522,0.17240113400554016,-0.09144028140366564,0.02166840028898418,-0.1315524476762174,-0.026523694719095554,-0.05054954429794814,0.00806721639048324,-0.005286675093448939,0.002866087239200961,1.274789213029628e-05
-233.28,0.92,0.025,0.009797958971132711,0.5248792922602417,0.5278473586035246,0.05178745064872727,0.14413654734840026,0.22076895670681093,-0.0004385597080044047,0.0011797836656172657,0.0008889972917388354,0.000633739160441652,1.5586768086264096e-06,0.04383289822908276,0.12199717367568598,0.1868588449566448,-0.0003711969368549282,0.09991525858012457,0.09169309713886546,0.17248046746988313,-0.09148191887268335,0.021584959455828664,-0.13174066439400103,-0.026577401061594067,-0.050651921263668125,0.008067216390483238,-0.005286675093448938,0.002870573710702828,1.2762640268936128e-05
-233.12,0.92,0.025,0.009797958971132711,0.5248792922602417,0.5278473586035246,0.051976398099761616,0.14427879883176992,0.2208704739034275,-0.00043832084045155223,0.0011820599829653266,0.0008891459614536919,0.0006350215051316485,1.561943129068751e-06,0.04399282335163823,0.12211757533121007,0.18694476911186106,-0.0003709947593581938,0.1001219325638141,0.09172686972794754,0.17255996181295427,-0.09152364088414452,0.021501251469271492,-0.13192905347173514,-0.026631170349025186,-0.05075441804419274,0.008067216390483242,-0.005286675093448939,0.002875060180408729,1.2777361653727597e-05
-232.96,0.92,0.025,0.009797958971132711,0.5248792922602417,0.5278473586035246,0.05216571000675178,0.1444210739634797,0.22097219683883285,-0.0004380815956288593,0.0011843393654795385,0.000889292895184601,0.000636305352185233,1.5652123724497813e-06,0.044153056949714706,0.12223799700268922,0.18703086740438812,-0.00037079226254026654,0.100328902015156,0.0917605108805175,0.17263961721832166,-0.0915654475346435,0.02141727583837418,-0.1321176149057077,-0.026685002703377893,-0.050857034869350996,0.008067216390483238,-0.005286675093448938,0.002879546645793306,1.2792056205099423e-05
-232.79999999999998,0.92,0.025,0.009797958971132711,0.5248792922602417,0.5278473586035246,0.05235538686032334,0.14456337246538523,0.22107412574796248,-0.00043784197323196974,0.0011866218156474254,0.0008894380880939343,0.0006375907045072087,1.568484532154893e-06,0.044313599438577676,0.12235843845470207,0.18711714003307545,-0.0003705894461435392,0.10053616720434534,0.09179402017661113,0.17271943386985203,-0.09160733892092948,0.021333032071567472,-0.13230634869178606,-0.02673889824757049,-0.05095977197073102,0.008067216390483242,-0.005286675093448937,0.0028840331044115712,1.2806723843768825e-05
-232.64,0.92,0.025,0.009797958971132711,0.5248792922602417,0.5278473586035246,0.052545429151499824,0.14470569405856756,0.22117626086613704,-0.0004376019729537477,0.0011889073359556263,0.0008895815353357096,0.000638877565024387,1.5717596015622287e-06,0.044474451233829454,0.12247889945117159,0.1872035871970984,-0.0003703863099080521,0.10074372840157045,0.09182739719549328,0.17279941195171436,-0.09164931513990848,0.021248519676650868,-0.13249525482541588,-0.026792857105449125,-0.051062629581677385,0.00806721639048324,-0.005286675093448937,0.0028885195538984887,1.2821364490739775e-05
-232.48,0.92,0.025,0.009797958971132711,0.5248792922602417,0.5278473586035246,0.05273583737170259,0.14484803846333158,0.22127860242906386,-0.0004373615944843115,0.0011911959288898864,0.0008897232320555817,0.0006401659366855429,1.5750375740423562e-06,0.04463561275140908,0.12259937975536385,0.18729020909595967,-0.0003701828535715213,0.10095158587701213,0.09186064151565647,0.1728795516483813,-0.09169137628864399,0.021163738160792197,-0.13268433330162008,-0.026846879401785966,-0.05116560793728752,0.008067216390483242,-0.005286675093448936,0.0028930059919685517,1.2835978067300581e-05
-232.32,0.92,0.025,0.009797958971132711,0.5248792922602417,0.5278473586035246,0.05292661201275057,0.14499040539920494,0.22138115067284062,-0.0004371208375110291,0.0011934875969350496,0.0008898631733908319,0.000641455822461382,1.578318442958077e-06,0.044797084407592086,0.12271987912988706,0.1873770059294923,-0.00036997907686933505,0.10115973990084311,0.09189375271482028,0.1729598531446319,-0.0917335224643585,0.021078687030527125,-0.13287358411499775,-0.026900965262277837,-0.05126870727440909,0.00806721639048324,-0.005286675093448938,0.002897492416415385,1.2850564495021567e-05
-232.16,0.92,0.025,0.009797958971132711,0.5248792922602417,0.5278473586035246,0.05311775356686026,0.14513279458493641,0.2214839058339597,-0.0004368797017184743,0.0011957823425750491,0.0008900013544703579,0.0006427472253444927,1.5816022016646046e-06,0.044958866618990526,0.1228403973366902,0.18746397789786348,-0.00036977497953451666,0.10136819074322725,0.09192673036993014,0.17304031662555505,-0.09177575376443528,0.020993365791758742,-0.13306300725972303,-0.026955114813544144,-0.05137192783163611,0.008067216390483242,-0.005286675093448939,0.0029019788251112718,1.2865123695753653e-05
-232.0,0.92,0.025,0.009797958971132711,0.5248792922602417,0.5278473586035246,0.05330926252664547,0.14527520573849495,0.22158686814931,-0.0004366381867885139,0.0011980801682928998,0.0008901377704146642,0.0006440401483493086,1.5848888435087355e-06,0.04512095980255273,0.12296093413706213,0.187551125201576,-0.00036957056129779817,0.10157693867431902,0.09195957405715642,0.1731209422765509,-0.09181807028641915,0.020907773949757093,-0.13325260272954406,-0.02700932818312541,-0.05147526984930601,0.008067216390483242,-0.005286675093448938,0.002906465216006755,1.2879655591624455e-05
-231.84,0.92,0.025,0.009797958971132711,0.5248792922602417,0.5278473586035246,0.05350113938511725,0.14541763857706796,0.22169003785617983,-0.0004363962924002397,0.001200381076570691,0.0008902724163358514,0.0006453345945120572,1.5881783618292671e-06,0.04528336437556324,0.12308148929163033,0.18763844804147062,-0.00036936582188756286,0.10178598396426271,0.09199228335189347,0.173201730283333,-0.09186047212801766,0.02082191100915865,-0.13344237051778196,-0.02706360549948103,-0.05157873356949552,0.00806721639048324,-0.005286675093448936,0.002910951587130168,1.2894160105037766e-05
-231.68,0.92,0.025,0.009797958971132711,0.5248792922602417,0.5278473586035246,0.05369338463568369,0.14556009281706014,0.22179341519226176,-0.0004361540182300076,0.0012026850698895761,0.0008904052873376069,0.0006466305668907244,1.591470749956469e-06,0.04544608075564268,0.12320206256035972,0.18772594661873035,-0.00036916076102987843,0.1019953268831918,0.09202485782875845,0.17328268083193238,-0.09190295938710313,0.020735776473965958,-0.13363231061732964,-0.027117946891987862,-0.05168231923601777,0.008067216390483245,-0.005286675093448938,0.0029154379365872087,1.2908637158670132e-05
-231.52,0.92,0.025,0.009797958971132711,0.5248792922602417,0.5278473586035246,0.05388599877214978,0.14570256817409213,0.22189700039565444,-0.00043591136395146216,0.0012049921507297653,0.0008905363785151936,0.0006479280685650001,1.5947660012119914e-06,0.04560910936074757,0.12332265370255159,0.18781362113488193,-0.0003689553784485176,0.10220496770122829,0.0920572970615906,0.17336379410869865,-0.09194553216171332,0.02064936984754712,-0.1338224230206506,-0.027172352490937926,-0.051786027094418007,0.008067216390483242,-0.005286675093448938,0.0029199242625604672,1.2923086675469317e-05
-231.35999999999999,0.92,0.025,0.009797958971132711,0.5248792922602417,0.5278473586035246,0.0540789822887173,0.14584506436299907,0.22200079370486592,-0.00043566832923547135,0.0012073023215705178,0.0008906656849554417,0.000649227102636235,1.5980641089085792e-06,0.045772450609170325,0.12344326247684242,0.18790147179179853,-0.000368749673864903,0.10241490668848202,0.09208960062344997,0.1734450703003028,-0.09198819055005292,0.020562690632635373,-0.1340127077197782,-0.02722682242753659,-0.05188985739197008,0.008067216390483243,-0.005286675093448939,0.002924410563308982,1.29375085786507e-05
-231.2,0.92,0.025,0.009797958971132711,0.5248792922602417,0.5278473586035246,0.05427233567998462,0.14598758109782947,0.22210479535881755,-0.00043542491375022166,0.0012096155848901322,0.0008907932017367365,0.0006505276722273845,1.6013650663499516e-06,0.045936104919538985,0.12356388864120287,0.18798949879170318,-0.00036854364699818765,0.10262514411505011,0.09212176808661668,0.17352650959374016,-0.09203093465049512,0.020475738331328593,-0.13420316470631424,-0.027281356833900233,-0.05199381037767204,0.008067216390483242,-0.005286675093448937,0.002928896837167738,1.2951902791696328e-05
-231.04,0.92,0.025,0.009797958971132711,0.5248792922602417,0.5278473586035246,0.05446605944094653,0.14613011809184354,0.22220900559684573,-0.00043518111716114714,0.0012119319431659395,0.0008909189239290102,0.0006518297804829696,1.6046688668305745e-06,0.04610007271081715,0.12368453195293637,0.18807770233717022,-0.00036833729756519497,0.102835680251016,0.09215379902258976,0.17360811217633174,-0.09207376456158226,0.020388512445088866,-0.134393793971428,-0.027335955843054625,-0.05209788630224291,0.00806721639048324,-0.005286675093448938,0.002933383082547262,1.29662692383517e-05
-230.88,0.92,0.025,0.009797958971132711,0.5248792922602417,0.5278473586035246,0.054660154066994183,0.14627267505751204,0.22231342465870682,-0.000434936939131006,0.0012142513988742931,0.0008910428465937305,0.0006531334305690134,1.6079755036353919e-06,0.04626435440230388,0.1238051921686782,0.18816608263112947,-0.0003681306252804835,0.10304651536644908,0.09218569300208615,0.17368987823572826,-0.09211668038202797,0.020301012474742062,-0.13458459550585508,-0.027390619588932234,-0.05220208541811764,0.00806721639048324,-0.005286675093448936,0.0029378692979330646,1.2980607842623761e-05
-230.72,0.92,0.025,0.009797958971132711,0.5248792922602417,0.5278473586035246,0.054854620053914796,0.14641525170651498,0.22241805278457916,-0.0004346923793197885,0.0012165739544905618,0.0008911649647838909,0.0006544386256729968,1.6112849700397513e-06,0.046428950413633485,0.12392586904439429,0.1882546398768678,-0.000367923629856269,0.10325764973140382,0.09221744959503983,0.17377180795991148,-0.09215968221071799,0.0202132379204773,-0.13477556929989637,-0.027445348206370433,-0.05230640797944363,0.00806721639048324,-0.005286675093448937,0.0029423554818852195,1.2994918528778041e-05
-230.56,0.92,0.025,0.009797958971132711,0.5248792922602417,0.5278473586035246,0.05504945789789162,0.14655784774974,0.22252289021506608,-0.00043444743738482424,0.0012188996124891203,0.0008912852735440005,0.0006557453690037968,1.6145972593088687e-06,0.04659386116477547,0.12404656233537995,0.18834337427803194,-0.00036771631100251527,0.10346908361591912,0.09224906837060064,0.1738539015371966,-0.0922027701467113,0.020125188281846555,-0.13496671534341687,-0.027500141831108854,-0.05241085424207567,0.008067216390483242,-0.005286675093448937,0.0029468416330378335,1.3009201221336054e-05
-230.4,0.92,0.025,0.009797958971132711,0.5248792922602417,0.5278473586035246,0.055244668095503685,0.14670046289728145,0.22262793719119983,-0.00043420211298071784,0.0012212283753433417,0.0008914037679100749,0.000657053663791638,1.6179123646980764e-06,0.04675908707603432,0.12416727179625903,0.18843228603863155,-0.0003675086684268796,0.10368081729001774,0.09228054889713351,0.17393615915623561,-0.09224594428924195,0.020036863057764243,-0.13515803362584472,-0.027555000599787414,-0.05251542446357219,0.00806721639048324,-0.005286675093448937,0.0029513277500985797,1.302345584507404e-05
-230.24,0.92,0.025,0.009797958971132711,0.5248792922602417,0.5278473586035246,0.05544025114372573,0.14684309685843847,0.2227331939544443,-0.0004339564057594014,0.0012235602455255878,0.000891520442909624,0.0006583635132880298,1.6212302794521651e-06,0.04692462856804946,0.12428799718098232,0.18852137536304167,-0.00036730070183475734,0.10389285102370548,0.09231189074221723,0.17401858100601894,-0.09228920473771998,0.019948261746506657,-0.1353495241361699,-0.027609924649943662,-0.05262011890319014,0.00806721639048324,-0.005286675093448937,0.0029558138318481744,1.3037682325019159e-05
-230.07999999999998,0.92,0.025,0.009797958971132711,0.5248792922602417,0.5278473586035246,0.055636207539927915,0.14698574934171404,0.2228386607466981,-0.0004337103153700786,0.001225895225507202,0.0008916352935616441,0.0006596749207657115,1.6245509968052816e-06,0.04709048606179499,0.12440873824282678,0.18861064245600526,-0.00036709241092923456,0.1041051850869704,0.09234309347264356,0.17410116727587827,-0.09233255159173281,0.0198593838457116,-0.13554118686294336,-0.027664914120010483,-0.052724937821880626,0.008067216390483242,-0.005286675093448937,0.0029602998771398816,1.305188058644676e-05
-229.92,0.92,0.025,0.009797958971132711,0.5248792922602417,0.5278473586035246,0.05583253778187581,0.14712842005481364,0.22294433781029804,-0.0004334638414592937,0.0012282333177584994,0.0008917483148766061,0.0006609878895185884,1.62787450998088e-06,0.04725665997857969,0.12452949473439427,0.18870008752263628,-0.0003668837954111462,0.10431781974978256,0.09237415665441634,0.1741839181554891,-0.09237598495104675,0.019770228852377916,-0.13573302179427568,-0.02771996914931343,-0.05282988148228384,0.008067216390483238,-0.0052866750934489355,0.002964785884898983,1.3066050554879485e-05
-229.76,0.92,0.025,0.009797958971132711,0.5248792922602417,0.5278473586035246,0.05602924236773012,0.14727110870464347,0.22305022538802136,-0.00043321698367090547,0.0012305745247487598,0.0008918595018564461,0.0006623024228616768,1.631200812191231e-06,0.04742315074004677,0.12465026640761023,0.1887897107684213,-0.0003666748549790544,0.10453075528209274,0.09240507985275014,0.17426683383487243,-0.09241950491560764,0.019680796262864987,-0.1359250289178361,-0.02777508987806845,-0.0529349501487246,0.008067216390483242,-0.0052866750934489355,0.0029692718541222914,1.3080192156083292e-05
-229.6,0.92,0.025,0.009797958971132711,0.5248792922602417,0.5278473586035246,0.05622632179604654,0.14741381499730952,0.22315632372309052,-0.00043296974164607735,0.0012329188489462173,0.0008919688494945555,0.0006636185241310356,1.634529896637257e-06,0.04758995876817379,0.12477105301372278,0.18887951239922382,-0.0003664655893292399,0.10474399195383217,0.09243586263206964,0.1743499145043986,-0.09246311158554323,0.019591085572892363,-0.13611720822085135,-0.027830276447378968,-0.05304014408720691,0.008067216390483242,-0.005286675093448936,0.002973757783877582,1.3094305316064814e-05
-229.44,0.92,0.025,0.009797958971132711,0.5248792922602417,0.5278473586035246,0.05642377656577562,0.14755653863811607,0.22326263305917426,-0.00043272211502330243,0.001235266292818053,0.0008920763527757702,0.0006649361966837068,1.6378617565083743e-06,0.04775708448527249,0.12489185430330145,0.1889694926212851,-0.0003662559981557232,0.1049575300349118,0.09246650455600852,0.1744331603547881,-0.09250680506116322,0.019501096277539282,-0.13630955969010464,-0.02788552899923345,-0.05314546356540923,0.008067216390483242,-0.005286675093448935,0.002978243673303105,1.3108389961069679e-05
-229.28,0.92,0.025,0.009797958971132711,0.5248792922602417,0.5278473586035246,0.05662160717626255,0.1476992793315642,0.22336915364039242,-0.00043247410343843666,0.0012376168588303863,0.000892182006676361,0.0006662554438976489,1.6411963849821003e-06,0.04792452831398863,0.12501267002623595,0.18905965164122815,-0.0003660460811502928,0.10517136979522133,0.09249700518740829,0.17451657157711525,-0.09255058544296169,0.019410827871244166,-0.13650208331193436,-0.027940847676502574,-0.05325090885267904,0.008067216390483243,-0.005286675093448934,0.0029827295216070192,1.3122446017579419e-05
-229.12,0.92,0.025,0.009797958971132711,0.5248792922602417,0.5278473586035246,0.056819814127247036,0.14784203678135055,0.22347588571131916,-0.0004322257065246162,0.001239970549448266,0.0008922858061640228,0.0006675762691716691,1.6445337752239266e-06,0.04809229067730189,0.12513349993173511,0.18914998966606053,-0.0003658358380024352,0.1053855115046288,0.09252736408831745,0.174600148362811,-0.09259445283161792,0.01932027984780422,-0.13669477907223318,-0.027996232622936452,-0.05335648022002758,0.008067216390483243,-0.0052866750934489355,0.002987215328066846,1.3136473412308254e-05
-228.96,0.92,0.025,0.009797958971132711,0.5248792922602417,0.5278473586035246,0.057018397918863095,0.14798481069036593,0.2235828295169838,-0.00043197692391236815,0.0012423273671356614,0.0008923877461978655,0.0006688986759253551,1.647873920386976e-06,0.048260371998525724,0.12525434376832573,0.1892405069031751,-0.0003656252683994284,0.10559995543297981,0.09255758081999045,0.1746838909036631,-0.0926384073279972,0.019229451700374982,-0.13688764695644678,-0.02805168398316171,-0.05346217794012424,0.008067216390483243,-0.005286675093448937,0.002991701092028942,1.3150472072201618e-05
-228.79999999999998,0.92,0.025,0.009797958971132711,0.5248792922602417,0.5278473586035246,0.0572173590516389,0.14812760076069378,0.22368998530287698,-0.00043172775522952445,0.0012446873143554535,0.0008924878217284025,0.0006702226675990113,1.6512168136117143e-06,0.04842877270130717,0.1253752012838512,0.1893312035603551,-0.0003654143720262695,0.10581470185009667,0.09258765494288658,0.17476779939182135,-0.0926824490331531,0.019138342921469903,-0.13708068694957265,-0.028107201902678878,-0.053568002287291576,0.008067216390483243,-0.005286675093448936,0.0029961868129079372,1.3164441924431954e-05
-228.64,0.92,0.025,0.009797958971132711,0.5248792922602417,0.5278473586035246,0.057416698026496585,0.14827040669360914,0.2237973533149511,-0.00043147820010128353,0.0012470503935694281,0.0008925860276975418,0.0006715482476535808,1.6545624480258376e-06,0.04859749320962671,0.12549607222547077,0.1894220798457746,-0.0003652031485657264,0.10602975102577795,0.09261758601666918,0.17485187401979774,-0.09272657804832776,0.019046953002959787,-0.1372738990361593,-0.028162786527859078,-0.053673953537498986,0.008067216390483243,-0.005286675093448937,0.00300067249018617,1.31783828963976e-05
-228.48,0.92,0.025,0.009797958971132711,0.5248792922602417,0.5278473586035246,0.057616415344752106,0.14841322818957695,0.22390493379962625,-0.00043122825815018257,0.0012494166072382644,0.0008926823590385745,0.0006728754195705777,1.6579108167438037e-06,0.04876653394779819,0.12561695633965794,0.18951313596800368,-0.00036499159769831456,0.10624510322979763,0.09264737360020447,0.17493611498047115,-0.09277079447495436,0.018955281436072464,-0.13746728320030474,-0.028218438005941232,-0.053780031968357345,0.008067216390483242,-0.005286675093448937,0.0030051581234131043,1.319229491571855e-05
-228.32,0.92,0.025,0.009797958971132711,0.5248792922602417,0.5278473586035246,0.057816511508115016,0.14855606494825072,0.22401272700379024,-0.0004309779289961184,0.001251785957821528,0.0008927768106761658,0.0006742041868520119,1.661261912866687e-06,0.04893589534046855,0.12573785337219942,0.18960437213600806,-0.0003647797191023146,0.10646075873190428,0.09267701725156047,0.17502052246708735,-0.09281509841465702,0.018863327711392264,-0.13766083942565566,-0.028274156485028894,-0.05388623785911298,0.008067216390483243,-0.005286675093448937,0.0030096437122047928,1.3206177910234732e-05
-228.16,0.92,0.025,0.009797958971132711,0.5248792922602417,0.5278473586035246,0.0580169870186883,0.1486989166684714,0.22412073317480424,-0.00043072721225635957,0.0012541584477776622,0.0008928693775263445,0.0006755345530203177,1.6646157294819165e-06,0.049105577812617776,0.1258587630681942,0.1896957885591543,-0.00036456751245378274,0.10667671780182064,0.09270651652800628,0.17510509667326343,-0.09285948996925329,0.018771091318859616,-0.1378545676954061,-0.02832994211408725,-0.05399257149064193,0.00806721639048324,-0.0052866750934489355,0.0030141292562432787,1.3220031808003236e-05
-228.0,0.92,0.025,0.009797958971132711,0.5248792922602417,0.5278473586035246,0.05821784237896821,0.14884178304826565,0.22422895256050493,-0.0004304761075455161,0.0012565340795639781,0.0008929600544964921,0.0006768665216182724,1.6679722596628503e-06,0.049275581789558695,0.12597968517205205,0.18978738544721138,-0.00036435497742652486,0.10689298070924261,0.09273587098601076,0.17518983779298936,-0.09290396924075489,0.01867857174777057,-0.13804846799229642,-0.028385795042939754,-0.0540990331454435,0.008067216390483242,-0.005286675093448936,0.0030186147552760004,1.3233856537294444e-05
-227.84,0.92,0.025,0.009797958971132711,0.5248792922602417,0.5278473586035246,0.0584190780918441,0.14898466378484468,0.22433738540920706,-0.00043022461447557567,0.0012589128556366473,0.0008930488364853335,0.0006782000962089219,1.6713314964686632e-06,0.04944590769693685,0.12610061942749254,0.18987916301035287,-0.00036414211369212724,0.10710954772383878,0.09276508018124163,0.17527474602063028,-0.09294853633136892,0.018585768486776344,-0.13824254029861222,-0.02844171542226499,-0.05420562310763426,0.008067216390483243,-0.005286675093448937,0.0030231002091152225,1.3247652026590484e-05
-227.68,0.92,0.025,0.009797958971132711,0.5248792922602417,0.5278473586035246,0.058620694660598216,0.14912755857460283,0.2244460319697076,-0.00042997273265589844,0.0012612947784506913,0.000893135718382926,0.0006795352803755016,1.6746934329439013e-06,0.049616555960730335,0.12622156557754385,0.18997112145916054,-0.00036392892091995245,0.10732641911524958,0.09279414366856457,0.1753598215509293,-0.09299319134349938,0.01849268102388291,-0.13843678459618297,-0.02849770340359333,-0.05431234166294169,0.008067216390483242,-0.005286675093448935,0.003027585617637429,1.3261418204581504e-05
-227.52,0.92,0.025,0.009797958971132711,0.5248792922602417,0.5278473586035246,0.05882269258890547,0.1492704671131161,0.2245548924912884,-0.0004297204616931988,0.0012636798504599746,0.00089322069507065,0.0006808720777213544,1.678058062118387e-06,0.04978752700724959,0.12634252336454146,0.1900632610046265,-0.0003637153987771235,0.10754359515308656,0.09282306100204209,0.17544506457901013,-0.0930379343797485,0.018399308846450517,-0.13863120086638125,-0.028553759139303577,-0.05441918909869772,0.008067216390483242,-0.0052866750934489355,0.003032070980782719,1.3275155000163421e-05
-227.35999999999999,0.92,0.025,0.009797958971132711,0.5248792922602417,0.5278473586035246,0.05902507238083336,0.14941338909514087,0.22466396722371934,-0.00042946780119159527,0.0012660680741171946,0.0008933037614211979,0.0006822104918698516,1.6814253770066614e-06,0.04995882126313736,0.12646349253012723,0.19015558185815606,-0.00036350154692856625,0.1077610761069318,0.0928518317349325,0.175530475300379,-0.09308276554291786,0.018305651441193255,-0.13882578909012125,-0.0286098827826196,-0.05452616570383231,0.008067216390483242,-0.005286675093448936,0.0030365562985542075,1.3288862342434516e-05
-227.2,0.92,0.025,0.009797958971132711,0.5248792922602417,0.5278473586035246,0.05922783454084169,0.1495563242146124,0.22477325641726123,-0.0004292147507525605,0.0012684594518738725,0.0008933849122985644,0.0006835505264643062,1.684795370607898e-06,0.05013043915536841,0.12658447281524796,0.19024808423156991,-0.00036328736503696724,0.10797886224633696,0.09288045541968895,0.17561605391092727,-0.0931276849360097,0.01821170829417863,-0.13902054924785778,-0.0286660744876067,-0.05463327176886657,0.00806721639048324,-0.005286675093448934,0.003041041571017408,1.3302540160692761e-05
-227.04,0.92,0.025,0.009797958971132711,0.5248792922602417,0.5278473586035246,0.059430979573782385,0.14969927216464354,0.22488276032266954,-0.00042896130997494513,0.0012708539861803463,0.0008934641425580362,0.0006848921851678898,1.6881680359055178e-06,0.05030238111124941,0.1267054639601543,0.1903407683371075,-0.0003630728527627936,0.10819695384082283,0.09290893160795843,0.17570180060693433,-0.09317269266222838,0.018117478890827085,-0.13921548131958528,-0.02872233440916819,-0.05474050758590609,0.008067216390483242,-0.0052866750934489355,0.0030455267982996016,1.331618838443279e-05
-226.88,0.92,0.025,0.009797958971132711,0.5248792922602417,0.5278473586035246,0.059634507984899394,0.14984223263752325,0.224992479191197,-0.00042870747845503385,0.0012732516794857593,0.0008935414470461811,0.0006862354716635479,1.6915433658668841e-06,0.05047464755841885,0.12682646570439968,0.19043363438742913,-0.0003628580097643407,0.1084153511598784,0.09293725985058073,0.17578771558506934,-0.09321778882498152,0.018022962715911525,-0.1394105852848363,-0.02877866270304178,-0.054847873448634184,0.008067216390483242,-0.005286675093448935,0.0030500119805892344,1.3329806943343735e-05
-226.72,0.92,0.025,0.009797958971132711,0.5248792922602417,0.5278473586035246,0.05983842027982839,0.1499852053247153,0.2251024132745968,-0.00042845325578643405,0.001275652534238053,0.0008936168206008388,0.0006875803896539101,1.6949213534429262e-06,0.05064723892484675,0.12694747778683904,0.19052668259561872,-0.0003626428356976378,0.10863405447296025,0.0929654396975874,0.17587379904239422,-0.09326297352788131,0.017928159253556973,-0.13960586112268084,-0.02883505952579587,-0.054955369652304666,0.00806721639048324,-0.005286675093448935,0.003054497118135269,1.3343395767304407e-05
-226.56,0.92,0.025,0.009797958971132711,0.5248792922602417,0.5278473586035246,0.06004271696459663,0.15012818991685672,0.22521256282512567,-0.00042819864156017675,0.001278056552883958,0.0008936902580511103,0.0006889269428612014,1.698301991568002e-06,0.05082015563883459,0.12706849994562755,0.19061991317518637,-0.0003624273302165336,0.10885306404949177,0.09299347069820074,0.17596005117636557,-0.09330824687474575,0.01783306798724003,-0.13980130881172476,-0.028891525034825817,-0.05506299649373483,0.00806721639048324,-0.005286675093448936,0.0030589822112465546,1.3356954786382458e-05
-226.4,0.92,0.025,0.009797958971132711,0.5248792922602417,0.5278473586035246,0.060247398545622756,0.1502711861037566,0.2253229280955477,-0.00042794363536468856,0.0012804637378689835,0.0008937617542173471,0.000690275135027152,1.7016852731593642e-06,0.050993398129015106,0.12718953191821958,0.19071332634007157,-0.00036221149297267243,0.10907238015886245,0.09302135240083285,0.1760464721848379,-0.09335360896960025,0.017737688399788523,-0.13999692833010885,-0.028948059388350152,-0.05517075427129817,0.00806721639048324,-0.005286675093448934,0.003063467260291171,1.337048393082994e-05
-226.24,0.92,0.025,0.009797958971132711,0.5248792922602417,0.5278473586035246,0.06045246552971656,0.1504141935743945,0.22543350933913603,-0.00042768823678579617,0.0012828740916374106,0.0008938313039111412,0.0006916249699129056,1.7050711911170792e-06,0.051166966824352095,0.1273105734413675,0.19080692230464474,-0.0003619953236154979,0.10929200307042714,0.09304908435308457,0.17613306226606504,-0.09339905991667835,0.017642019973380895,-0.14019271965550775,-0.029004662745406768,-0.0552786432849171,0.008067216390483238,-0.005286675093448935,0.0030679522656958066,1.3383983131081531e-05
-226.07999999999998,0.92,0.025,0.009797958971132711,0.5248792922602417,0.5278473586035246,0.06065791842407886,0.15055721201691918,0.22554430680967788,-0.00042743244540668804,0.0012852876166322817,0.0008938989019353157,0.0006929764512989265,1.7084597383233346e-06,0.05134086215414035,0.1274316242511204,0.19090070128371137,-0.0003617788217922208,0.10951193305350529,0.09307666610174437,0.1762198216187038,-0.09344459982042379,0.017546062189545974,-0.1403886827651286,-0.029061335265849017,-0.055386663836055436,0.00806721639048324,-0.005286675093448935,0.0030724372279450746,1.3397452317749145e-05
-225.92,0.92,0.025,0.009797958971132711,0.5248792922602417,0.5278473586035246,0.06086375773630126,0.15070024111864716,0.22565532076147615,-0.0004271762608079829,0.0012877043152953916,0.000893964543083913,0.0006943295829849002,1.7118509076425179e-06,0.05151508454800539,0.12755268408282297,0.19099466349251343,-0.0003615619871478767,0.10973217037738033,0.09310409719278753,0.17630675044181549,-0.09349022878549107,0.017449814529162406,-0.14058481763570999,-0.02911807711034153,-0.05549481622771059,0.00806721639048324,-0.005286675093448934,0.0030769221475808583,1.3410891421621718e-05
-225.76,0.92,0.025,0.009797958971132711,0.5248792922602417,0.5278473586035246,0.06106998397436592,0.1508432805660613,0.22576655144935293,-0.0004269196825677024,0.0012901241900672798,0.0008940282221421858,0.0006956843687896451,1.7152446919205975e-06,0.05168963443590332,0.1276737526711143,0.19108880914673232,-0.00036134481932530334,0.10995271531129885,0.09313137717137496,0.17639384893486848,-0.09353594691674716,0.017353276472458164,-0.14078112424352088,-0.029174888440356563,-0.05560310076440635,0.00806721639048324,-0.0052866750934489355,0.0030814070252016723,1.3424300373660466e-05
-225.6,0.92,0.025,0.009797958971132711,0.5248792922602417,0.5278473586035246,0.06127659764664541,0.15098633004480935,0.225877999128653,-0.00042666271026127803,0.0012925472433872188,0.000894089933886586,0.0006970408125510086,1.718641083984978e-06,0.05186451224812068,0.12779482974992665,0.1911831384624919,-0.00036112731796514574,0.11017356812446977,0.09315850558185215,0.17648111729774096,-0.09358175431927267,0.01725644749901028,-0.14097760256435926,-0.029231769418169608,-0.055711517752184705,0.00806721639048324,-0.0052866750934489355,0.0030858918614619603,1.3437679104996679e-05
-225.44,0.92,0.025,0.009797958971132711,0.5248792922602417,0.5278473586035246,0.06148359926190249,0.15112938923970262,0.22598966405524681,-0.00042640534346149404,0.0012949734776932082,0.000894149673084755,0.0006983989181257666,1.7220400766439334e-06,0.05203971841527427,0.1279159150524843,0.1912776516563609,-0.00036090948270580856,0.11039472908606378,0.09318548196774838,0.1765685557307235,-0.09362765109836312,0.017159327087744213,-0.14117425257355112,-0.029288720206855225,-0.05582006749859772,0.00806721639048324,-0.005286675093448934,0.0030903766570714144,1.3451027546926778e-05
-225.28,0.92,0.025,0.009797958971132711,0.5248792922602417,0.5278473586035246,0.06169098932928986,0.15127245783471457,0.22610154648553332,-0.00042614758173860963,0.0012974028954219636,0.0008942074344955133,0.0006997586893895284,1.7254416626864177e-06,0.05221525336831094,0.1280370083113024,0.1913723489453554,-0.0003606913131835592,0.11061619846521252,0.09321230587177541,0.17665616443452084,-0.09367363735953033,0.01706191471693355,-0.14137107424594939,-0.029345740970283012,-0.05592875031269997,0.008067216390483238,-0.0052866750934489355,0.0030948614127943195,1.3464345630911632e-05
-225.12,0.92,0.025,0.009797958971132711,0.5248792922602417,0.5278473586035246,0.06189876835835003,0.1514155355129793,0.22621364667644353,-0.00042588942466025427,0.001299835499008907,0.0008942632128688494,0.0007011201302366269,1.728845834881707e-06,0.05239111753850747,0.1281581092581857,0.1914672305469418,-0.0003604728090324392,0.1108379765310078,0.09323897683582666,0.176743943610255,-0.09371971320850365,0.016964209864199484,-0.1415680675559324,-0.02940283187311306,-0.056037566505039736,0.008067216390483238,-0.005286675093448935,0.003099346129448827,1.3477633288571794e-05
-224.96,0.92,0.025,0.009797958971132711,0.5248792922602417,0.5278473586035246,0.06210693685901505,0.15155862195679023,0.22632596488544357,-0.00042563087179146484,0.0013022712908881597,0.0008943170029459106,0.0007024832445800234,1.7322525859791385e-06,0.05256731135747034,0.12827921762422725,0.19156229667903946,-0.00036025396988429586,0.11106006355250092,0.09326549440097612,0.17683189345946773,-0.0937658787512314,0.01686621200651038,-0.14176523247740322,-0.029459993080791932,-0.05614651638765146,0.008067216390483238,-0.005286675093448935,0.0031038308079063,1.3490890451685346e-05
-224.79999999999998,0.92,0.025,0.009797958971132711,0.5248792922602417,0.5278473586035246,0.062315495341606325,0.15170171684759864,0.22643850137053734,-0.00042537192269470484,0.0013047102734925309,0.0008943687994589919,0.0007038480363511931,1.7356619087073585e-06,0.05274383525713559,0.1284003331398075,0.19165754756002282,-0.0003600347953687982,0.11128245979870187,0.09329185810747723,0.17692001418412223,-0.09381213409388174,0.0167679206201814,-0.14196256898378798,-0.02951722475954789,-0.056255600274046476,0.00806721639048324,-0.005286675093448935,0.003108315449090574,1.3504117052183148e-05
-224.64,0.92,0.025,0.009797958971132711,0.5248792922602417,0.5278473586035246,0.06252444431683442,0.15184481986601234,0.22655125639027027,-0.00042511257692983925,0.0013071524492535105,0.0008944185971315265,0.0007052145095000245,1.739073795774504e-06,0.05292068966976866,0.12852145553459285,0.19175298340872476,-0.00035981528511341593,0.11150516553857863,0.09331806749476211,0.17700830598660633,-0.09385847934284444,0.01666933518087397,-0.14216007704803518,-0.029574527076386668,-0.05636481847920507,0.008067216390483238,-0.005286675093448933,0.0031128000539772742,1.3517313022147715e-05
-224.48,0.92,0.025,0.009797958971132711,0.5248792922602417,0.5278473586035246,0.06273378429579882,0.1519879306917941,0.2266642302037325,-0.0004248528340541297,0.001309597820601259,0.0008944663906780745,0.0007065826679947073,1.7424882398673057e-06,0.05309787502796412,0.12864258453753452,0.19184860444443919,-0.0003595954387434154,0.11172818104105639,0.09334412210144029,0.17709676906973507,-0.09390491460473217,0.016570455163595385,-0.14235775664261424,-0.02963190019908679,-0.05647417131956743,0.008067216390483242,-0.0052866750934489355,0.0031172846235930827,1.3530478293807496e-05
-224.32,0.92,0.025,0.009797958971132711,0.5248792922602417,0.5278473586035246,0.06294351578998772,0.15213104900386032,0.22677742307056145,-0.0004245926936222927,0.001312046389964597,0.0008945121748043131,0.000707952515821625,1.745905233651275e-06,0.05327539176464561,0.12876371987686738,0.1919444108869232,-0.00035937525588190854,0.11195150657501678,0.09337002146529774,0.17718540363675245,-0.09395143998638143,0.01647128004269842,-0.14255560773951426,-0.02968934429619507,-0.05658365911302516,0.00806721639048324,-0.005286675093448933,0.0031217691590150424,1.3543612799536992e-05
-224.16,0.92,0.025,0.009797958971132711,0.5248792922602417,0.5278473586035246,0.06315363931127785,0.15227417448027963,0.22689083525094517,-0.0004243321551864087,0.0013144981597709988,0.0008945559442070263,0.0007093240569852401,1.7493247697697697e-06,0.05345324031306557,0.12888486128010868,0.19204040295639999,-0.0003591547361497763,0.11217514240929718,0.09339576512329593,0.17727420989133427,-0.09399805559485401,0.01637180929188077,-0.14275363031024307,-0.029746859537021816,-0.05669328217891199,0.00806721639048324,-0.005286675093448934,0.003126253661369813,1.3556716471849694e-05
-224.0,0.92,0.025,0.009797958971132711,0.5248792922602417,0.5278473586035246,0.0633641553719342,0.15241730679827142,0.22700446700562618,-0.00042407121829598745,0.0013169531324465804,0.0008945976935740947,0.0007106972955079841,1.752746840843949e-06,0.053631421106805105,0.12900600847405694,0.192136580873562,-0.0003589338791657238,0.11239908881268992,0.09342135261157072,0.17736318803759088,-0.0940447615374386,0.016272042384184778,-0.14295182432582604,-0.029804446091636204,-0.05680304083799504,0.008067216390483238,-0.005286675093448933,0.0031307381318329453,1.3569789243397152e-05
-223.84,0.92,0.025,0.009797958971132711,0.5248792922602417,0.5278473586035246,0.06357506448460984,0.1525604456342044,0.22711831859590317,-0.00042380988249797,0.0013194113104160919,0.0008946374175844843,0.0007120722354301409,1.756171439472489e-06,0.05380993457977377,0.12912716118479062,0.19223294485957246,-0.0003587126845462819,0.11262334605394149,0.09344678346543132,0.17745233828006893,-0.09409155792165147,0.016171978791996812,-0.14315018975680466,-0.0298621041308614,-0.05691293541246552,0.00806721639048324,-0.005286675093448933,0.0031352225716281584,1.3582831046966235e-05
-223.68,0.92,0.025,0.009797958971132711,0.5248792922602417,0.5278473586035246,0.06378636716234568,0.15270359066359526,0.22723239028363568,-0.0004235481473366794,0.001321872696102907,0.0008946751109082372,0.0007134488808097291,1.759598558230784e-06,0.05398878116620938,0.12924831913766704,0.19232949513606926,-0.0003584911519057655,0.11284791440175188,0.09347205721935942,0.17754166082375453,-0.09413844485523837,0.016071617987046965,-0.14334872657323555,-0.02991983382626965,-0.05702296622592925,0.00806721639048324,-0.005286675093448934,0.0031397069820265663,1.3595841815473169e-05
-223.52,0.92,0.025,0.009797958971132711,0.5248792922602417,0.5278473586035246,0.06399806391857027,0.1528467415611071,0.2273466823312463,-0.0004232860123538542,0.001324337291929015,0.0008947107682064606,0.0007148272357223877,1.7630281896709458e-06,0.05416796130067788,0.12936948205732107,0.1924262319251669,-0.0003582692808563022,0.11307279412477367,0.09349717340700792,0.17763115587407544,-0.09418542244617553,0.015970959440408584,-0.14354743474468926,-0.029977635350177497,-0.05713313360339758,0.008067216390483238,-0.005286675093448934,0.0031441913643459633,1.3608821481962516e-05
-223.35999999999999,0.92,0.025,0.009797958971132711,0.5248792922602417,0.5278473586035246,0.06421015526709956,0.15298989800054819,0.22746119500172435,-0.00042302347708866986,0.00132680510031501,0.0008947443841313169,0.0007162073042612548,1.7664603263212269e-06,0.05434747541807307,0.129490649667664,0.1925231554494595,-0.00035804707100785016,0.11329798549161146,0.09352213156120005,0.17772082363690353,-0.09423249080267103,0.015870002622497784,-0.1437463142402491,-0.030035508875640653,-0.05724343787127764,0.008067216390483236,-0.005286675093448934,0.0031486757199500537,1.362176997960325e-05
-223.2,0.92,0.025,0.009797958971132711,0.5248792922602417,0.5278473586035246,0.06442264172213669,0.15313305965487028,0.22757592855862846,-0.00042276054107768347,0.0013292761236800828,0.0008947759533260129,0.0007175890905368437,1.769894960685615e-06,0.054527323953616494,0.1296118216918822,0.19262026593202314,-0.0003578245219681513,0.11352348877082091,0.09354693121392833,0.17781066431855708,-0.09427965003316603,0.015768747003073097,-0.1439453650285099,-0.030093454576448873,-0.05735387935736248,0.00806721639048324,-0.005286675093448934,0.0031531600502476827,1.3634687241684615e-05
-223.04,0.92,0.025,0.009797958971132711,0.5248792922602417,0.5278473586035246,0.06463552379827174,0.15327622619616746,0.22769088326609024,-0.00042249720385488277,0.001331750364442011,0.0008948054704247893,0.0007189725986769247,1.7733320852435288e-06,0.0547075073428572,0.12973299785243614,0.19271756359641878,-0.0003576016333427728,0.1137493042309081,0.09357157189635353,0.17790067812580357,-0.09432690024633612,0.01566719205123494,-0.14414458707757688,-0.03015147262712099,-0.057464458390821614,0.008067216390483238,-0.0052866750934489355,0.003157644356692091,1.3647573201613878e-05
-222.88,0.92,0.025,0.009797958971132711,0.5248792922602417,0.5278473586035246,0.06484880201048156,0.15341939729567453,0.22780605938881787,-0.00042223346495162434,0.0013342278250171485,0.0008948329300529112,0.0007203578328263996,1.7767716924493657e-06,0.054888026021671595,0.12985417787105893,0.19281504866669547,-0.00035737840473505487,0.11397543214032875,0.09359605313880358,0.17799086526586247,-0.09437424155109297,0.015565337235425277,-0.1443439803550643,-0.030209563202899612,-0.05757517530219093,0.00806721639048324,-0.005286675093448935,0.0031621286407801283,1.3660427792911824e-05
-222.72,0.92,0.025,0.009797958971132711,0.5248792922602417,0.5278473586035246,0.06506247687412949,0.15356257262376558,0.22792145719209744,-0.00042196932389671816,0.0013367085078204186,0.0008948583268266567,0.0007217447971471735,1.7802137747320826e-06,0.0550688804262632,0.12997536146875519,0.1929127213673913,-0.00035715483574618226,0.11420187276748742,0.09362037447077262,0.1780812259464063,-0.09442167405658472,0.015463182023427096,-0.14454354482809453,-0.030267726479745818,-0.05768603042336252,0.008067216390483238,-0.005286675093448934,0.0031666129040514896,1.3673250949210615e-05
-222.56,0.92,0.025,0.009797958971132711,0.5248792922602417,0.5278473586035246,0.06527654890496506,0.1537057518499526,0.22803707694179784,-0.00042170478021635464,0.001339192415265302,0.0008948816553533073,0.0007231334958180272,1.7836583244947663e-06,0.05525007099316243,0.1300965483657999,0.1930105819235377,-0.0003569309259751226,0.11442862638073667,0.09364453542091995,0.17817176037556434,-0.09446919787219814,0.01536072588236408,-0.14474328046329668,-0.030325962634333778,-0.0577970240875744,0.00806721639048324,-0.0052866750934489355,0.003171097148087911,1.3686042604249156e-05
-222.4,0.92,0.025,0.009797958971132711,0.5248792922602417,0.5278473586035246,0.06549101861912399,0.15384893464288413,0.22815291890437372,-0.00042143983343411866,0.0013416795497638283,0.0008949029102311362,0.0007245239330344939,1.7871053341141888e-06,0.05543159815922655,0.13021773828173713,0.19310863056066194,-0.00035670667501863803,0.11465569324837646,0.09366853551706894,0.17826246876192534,-0.09451681310755973,0.01525796827870001,-0.1449431872268054,-0.03038427184404561,-0.057908156629400714,0.00806721639048324,-0.005286675093448935,0.003175581374512408,1.3698802691869802e-05
-222.24,0.92,0.025,0.009797958971132711,0.5248792922602417,0.5278473586035246,0.06570588653312766,0.1539921206703435,0.22826898334686882,-0.00042117448307101333,0.001344169913726567,0.0008949220860494002,0.000725916113008721,1.7905547959405224e-06,0.055613462361639256,0.13033893093537877,0.19320686750478977,-0.0003564820824713057,0.11488307363865313,0.09369237428620603,0.17835335131453958,-0.0945645198725372,0.01515490867823854,-0.14514326508425976,-0.03044265428696557,-0.05801942838474066,0.008067216390483238,-0.005286675093448933,0.0031800655849884476,1.371153114601579e-05
-222.07999999999998,0.92,0.025,0.009797958971132711,0.5248792922602417,0.5278473586035246,0.06592115316388314,0.1541353095992478,0.22838527053691698,-0.0004209087286454247,0.0013466635095626175,0.0008949391773883268,0.0007273100399693399,1.7940067022968127e-06,0.05579566403791069,0.13046012604480334,0.19330529298244656,-0.00035625714792548747,0.11511076781975899,0.09371605125447972,0.17844440824292,-0.09461231827723977,0.015051546546122565,-0.1453435140008021,-0.03050111014187461,-0.058130839690808046,0.008067216390483238,-0.005286675093448933,0.003184549781219182,1.3724227900727018e-05
-221.92,0.92,0.025,0.009797958971132711,0.5248792922602417,0.5278473586035246,0.06613681902868278,0.1542785010956461,0.2285017807427485,-0.0004206425696731418,0.0013491603396795994,0.0008949541788191059,0.0007287057181613369,1.797461045478442e-06,0.055978203625877104,0.13058132332735486,0.19340390722066234,-0.00035603187097134727,0.11533877605983109,0.09373956594719945,0.17853563975704714,-0.0946602084320209,0.014947881346833952,-0.1455439339410766,-0.03055963958824499,-0.05824239088612103,0.00806721639048324,-0.005286675093448932,0.0031890339649466273,1.3736892890136186e-05
-221.76,0.92,0.025,0.009797958971132711,0.5248792922602417,0.5278473586035246,0.06635288464520402,0.15442169482471815,0.22861851423319127,-0.0004203760056673457,0.001351660406483643,0.0008949670849038771,0.0007301031518459074,1.8009178177530175e-06,0.056161081563700685,0.13070252249964145,0.1935027104469731,-0.0003558062511968414,0.11556709862695075,0.09376291788883473,0.17862704606737007,-0.09470819044747875,0.014843912544192966,-0.14574452486922831,-0.030618242806234142,-0.058354082310490434,0.008067216390483242,-0.005286675093448932,0.003193518137950835,1.374952604846666e-05
-221.6,0.92,0.025,0.009797958971132711,0.5248792922602417,0.5278473586035246,0.06656935053150917,0.1545648904507731,0.2287354712776741,-0.00042010903613860074,0.0013541637123793797,0.0008949778901957221,0.0007315023453003285,1.8043770113595297e-06,0.056344298289869366,0.13082372327753436,0.19360170288942338,-0.0003555802881877117,0.11579573578914272,0.09378610660301395,0.17871862738480865,-0.0947562644344574,0.014739639601357999,-0.14594528674890186,-0.030676919976679335,-0.058465914305009505,0.00806721639048324,-0.005286675093448932,0.003198002302049106,1.3762127310027134e-05
-221.44,0.92,0.025,0.009797958971132711,0.5248792922602417,0.5278473586035246,0.0667862172060452,0.15470808763724764,0.228852652146231,-0.00041984166059486945,0.0013566702597699331,0.0008949865892386515,0.0007329033028178148,1.8078386185081674e-06,0.05652785424319666,0.1309449253761664,0.1937008847765699,-0.0003553539815274975,0.11602468781437435,0.09380913161252337,0.17881038392075743,-0.09480443050404883,0.014635061980824954,-0.14614621954324025,-0.03073567128109169,-0.058577887212042504,0.008067216390483238,-0.005286675093448932,0.003202486459095145,1.3774696609209358e-05
-221.28,0.92,0.025,0.009797958971132711,0.5248792922602417,0.5278473586035246,0.06700348518764343,0.15485128604670478,0.22897005710950324,-0.00041957387854148643,0.0013591800510569082,0.0008949931765675966,0.0007343060287073763,1.8113026313798587e-06,0.0567117498628214,0.13106612850993093,0.19380025633748355,-0.0003551273307975141,0.11625395497055473,0.09383199243930603,0.17890231588708677,-0.09485268876759362,0.014530179144426983,-0.1463473232148836,-0.03079449690165015,-0.058690001375213234,0.008067216390483242,-0.005286675093448932,0.003206970610978225,1.3787233880484233e-05
-221.12,0.92,0.025,0.009797958971132711,0.5248792922602417,0.5278473586035246,0.06722115499551931,0.15499448534083266,0.22908768643874244,-0.00041930568948115443,0.001361693088640383,0.0008949976467083968,0.0007357105272936806,1.8147690421258726e-06,0.05689598558820755,0.13118733239248076,0.1938998178017516,-0.00035490033557684914,0.11648353752553417,0.093854688604461,0.17899442349614555,-0.09490103933668226,0.014424990553333903,-0.14654859772596807,-0.030853397021195748,-0.05880225713939407,0.008067216390483238,-0.005286675093448932,0.0032114547596223857,1.3799739058398539e-05
-220.96,0.92,0.025,0.009797958971132711,0.5248792922602417,0.5278473586035246,0.06743922714927217,0.15513768518044246,0.22920554040581487,-0.0004190370929139827,0.001364209374918897,0.0008949999941777918,0.0007371168029169061,1.8182378428670243e-06,0.057080561859143966,0.13130853673672652,0.1939995693994817,-0.00035467299544239496,0.11671343574710304,0.09387721962824186,0.17908670696076445,-0.09494948232315693,0.014319495668051963,-0.14675004303812447,-0.03091237182322548,-0.05891465485069422,0.008067216390483238,-0.005286675093448931,0.0032159389069855585,1.3812212077570302e-05
-220.79999999999998,0.92,0.025,0.009797958971132711,0.5248792922602417,0.5278473586035246,0.067657702168885,0.15528088522546757,0.22932361928320355,-0.0004187680883374341,0.0013667289122894439,0.0008950002134834081,0.0007385248599325952,1.821709025693755e-06,0.05726547911574427,0.13142974125483575,0.1940995113613035,-0.0003544453099688042,0.11694364990299122,0.09389958503005609,0.17917916649425752,-0.09499801783911244,0.014213693948423159,-0.14695165911247715,-0.030971421491886104,-0.05902719485644797,0.008067216390483236,-0.005286675093448931,0.0032204230550587315,1.3824652872686909e-05
-220.64,0.92,0.025,0.009797958971132711,0.5248792922602417,0.5278473586035246,0.06787658057472419,0.15542408513496175,0.22944192334401156,-0.0004184986752463225,0.0013692517031474595,0.0008949982991237515,0.0007399347027115064,1.8251825826650787e-06,0.05745073779844656,0.13155094565823164,0.19419964391837138,-0.0003542172787284874,0.11717418026086732,0.09392178432846375,0.17927180231042503,-0.09504664599689742,0.014107584853625085,-0.14715344590964285,-0.031030546211967994,-0.0591398775052029,0.008067216390483238,-0.005286675093448931,0.003224907205865098,1.3837061378498963e-05
-220.48,0.92,0.025,0.009797958971132711,0.5248792922602417,0.5278473586035246,0.06809586288753927,0.15556728456709787,0.22956045286196589,-0.00041822885313284706,0.0013717777498868143,0.0008949942455881945,0.0007413463356394685,1.8286585058086565e-06,0.057636338348013245,0.13167214965759164,0.19429996730236793,-0.00035398890129164176,0.11740502708833774,0.09394381704117669,0.17936461462355602,-0.095095366909116,0.014001167842170254,-0.14735540338972936,-0.031089746168899018,-0.05925270314670818,0.008067216390483235,-0.00528667509344893,0.003229391361459197,1.3849437529819454e-05
-220.32,0.92,0.025,0.009797958971132711,0.5248792922602417,0.5278473586035246,0.06831554962846263,0.15571048317916628,0.22967920811142004,-0.00041795862148655836,0.0013743070548998017,0.0008949880473569666,0.0007427597631172276,1.8321367871200321e-06,0.057822281205530776,0.13179335296284633,0.19440048174550592,-0.000353760177226223,0.1176361906529459,0.09396568268505719,0.17945760364843077,-0.095144180688629,0.013894442371905827,-0.14755753151233425,-0.031149021548738096,-0.05936567213190234,0.008067216390483235,-0.00528667509344893,0.003233875523926056,1.3861781261518491e-05
-220.16,0.92,0.025,0.009797958971132711,0.5248792922602417,0.5278473586035246,0.06853564131900938,0.15585368062757354,0.2297981893673572,-0.0004176879797943481,0.0013768396205771295,0.0008949796989011444,0.0007441749895602922,1.83561741856214e-06,0.05800856681240955,0.13191455528317825,0.19450118748053113,-0.00035353110609793624,0.11786767122217166,0.09398738077611725,0.17955076960032318,-0.09519308744855495,0.013787407900013147,-0.14775983023654393,-0.031208372538168782,-0.05947878481290095,0.008067216390483235,-0.005286675093448929,0.003238359695380307,1.3874092508519436e-05
-220.0,0.92,0.025,0.009797958971132711,0.5248792922602417,0.5278473586035246,0.06875613848107692,0.15599687656784073,0.22991739690539323,-0.0004174169275404742,0.0013793754493079094,0.00089496919468264,0.0007455920193987833,1.8391003920649812e-06,0.05819519561038351,0.1320357563270204,0.19460208474072485,-0.0003533016874702574,0.1180994690634301,0.09400891082951725,0.17964411269500286,-0.09524208730227164,0.01368006388300732,-0.14796229952093204,-0.031267799324492904,-0.059592041542984524,0.008067216390483236,-0.00528667509344893,0.003242843877965332,1.3886371205796364e-05
-219.84,0.92,0.025,0.009797958971132711,0.5248792922602417,0.5278473586035246,0.06897704163694486,0.15614007065460223,0.230036831001781,-0.00041714546420651584,0.0013819145434796477,0.0008949565291541913,0.000747010857077273,1.8425856995251213e-06,0.058382168041510134,0.13215695580205533,0.19470317375990745,-0.000353071920904395,0.11833158444407119,0.09403027235956515,0.17973763314873895,-0.09529118036341766,0.013572409776736705,-0.14816493932355854,-0.031327302095623864,-0.05970544267658574,0.008067216390483235,-0.0052866750934489285,0.0032473280738523516,1.3898617288369612e-05
-219.68,0.92,0.025,0.009797958971132711,0.5248792922602417,0.5278473586035246,0.06919835130927458,0.15628326254160396,0.23015649193341187,-0.00041687358927139774,0.0013844569054782348,0.0008949416967593511,0.0007484315070546289,1.8460733328049278e-06,0.05856948454817001,0.1322781534152136,0.19480445477243982,-0.00035284180595931107,0.11856401763137848,0.09405146487971522,0.17983133117830086,-0.09534036674589316,0.013464445036382637,-0.1483677496019683,-0.031386881040080104,-0.0598189885692769,0.008067216390483236,-0.00528667509344893,0.003251812285239562,1.391083069130141e-05
-219.52,0.92,0.025,0.009797958971132711,0.5248792922602417,0.5278473586035246,0.06942006802110921,0.15642645188170223,0.23027637997781986,-0.00041660130221137263,0.001387002537687936,0.000894924691932477,0.0007498539738038565,1.8495632837326485e-06,0.05875714557306684,0.13239934887267277,0.19490592801322673,-0.0003526113421917058,0.11879676889256885,0.09407248790256721,0.17992520700096182,-0.09538964656386145,0.013356169116458882,-0.14857073031318999,-0.031446536346978485,-0.05993267957775738,0.008067216390483236,-0.00528667509344893,0.0032562965143512444,1.3923011349694417e-05
-219.35999999999999,0.92,0.025,0.009797958971132711,0.5248792922602417,0.5278473586035246,0.06964219229587314,0.15656963832686208,0.23039649541318433,-0.0004163286025000129,0.0013895514424913816,0.0008949055090987204,0.0007512782618119353,1.8530555441012503e-06,0.05894515155922703,0.13252054187985607,0.19500759371771922,-0.00035238052915601096,0.11902983849479122,0.09409334093986521,0.18001926083450087,-0.09543901993175023,0.013247581470811247,-0.14877388141373468,-0.03150626820602744,-0.06004651605984049,0.008067216390483236,-0.0052866750934489285,0.0032607807634368615,1.3935159198685098e-05
-219.2,0.92,0.025,0.009797958971132711,0.5248792922602417,0.5278473586035246,0.06986472465737185,0.15671282152815572,0.2305168385183342,-0.00041605548960821836,0.0013921036222695566,0.0008948841426740169,0.000752704375579654,1.8565501056684135e-06,0.05913350294999954,0.13264173214143102,0.19510945212191808,-0.00035214936640439603,0.11926322670512596,0.09411402350249645,0.1801134928972061,-0.09548848696425315,0.013138681552617182,-0.1489772028595949,-0.03156607680752007,-0.06016049837444037,0.008067216390483238,-0.00528667509344893,0.0032652650347701298,1.3947274173442144e-05
-219.04,0.92,0.025,0.009797958971132711,0.5248792922602417,0.5278473586035246,0.07008766562979171,0.1568560011357613,0.23063740957274986,-0.00041578196300416577,0.0013946590794017906,0.0008948605870650745,0.0007541323196214473,1.8600469601558546e-06,0.05932220018905571,0.13276291936130838,0.19521150346237548,-0.00035191785348672594,0.11949693379058411,0.09413453510049061,0.18020790340787632,-0.0955380477763308,0.013029468814385332,-0.149180694606243,-0.03162596234232731,-0.06027462688155885,0.008067216390483236,-0.005286675093448929,0.0032697493306481427,1.3959356209161529e-05
-218.88,0.92,0.025,0.009797958971132711,0.5248792922602417,0.5278473586035246,0.07031101573769954,0.15699917679896136,0.23075820885656628,-0.0004155080221533857,0.0013972178162657482,0.0008948348366693645,0.0007555620984652304,1.8635460992488692e-06,0.0595112437203889,0.1328841032426409,0.19531374797619772,-0.00035168598995062567,0.11973096001810639,0.0941548752430184,0.18030249258582337,-0.09558770248321183,0.012919942707955134,-0.14938435660863028,-0.03168592500189095,-0.060388901942272304,0.008067216390483235,-0.005286675093448927,0.0032742336533904516,1.3971405241064081e-05
-218.72,0.92,0.025,0.009797958971132711,0.5248792922602417,0.5278473586035246,0.07053477550604254,0.15714234816614103,0.23087923665057786,-0.00041523366651865406,0.0013997798352374197,0.0008948068858751093,0.000756993716652228,1.8670475145956396e-06,0.059700633988314405,0.13300528348782178,0.19541618590104912,-0.0003514537753413888,0.11996530565456257,0.09417504343839068,0.18039726065087588,-0.09563745120039505,0.012810102684496324,-0.1495881888211856,-0.03174596497821657,-0.0605033239187179,0.008067216390483235,-0.00528667509344893,0.0032787180053381213,1.3983421204389343e-05
-218.56,0.92,0.025,0.009797958971132711,0.5248792922602417,0.5278473586035246,0.07075894546014797,0.1572855148847871,0.23100049323623933,-0.0004149588955600791,0.0014023451386911097,0.0008947767290612739,0.0007584271787368049,1.8705511978069774e-06,0.05989037143746924,0.1331264597984838,0.19551881747515298,-0.00035122120920205095,0.12019997096675059,0.09419503919405746,0.1804922078233801,-0.09568729404364969,0.01269994819450863,-0.14979219119781406,-0.03180608246386635,-0.0606178931740801,0.008067216390483235,-0.005286675093448929,0.0032832023888528334,1.3995404034394409e-05
-218.4,0.92,0.025,0.009797958971132711,0.5248792922602417,0.5278473586035246,0.0709835261257227,0.15742867660148607,0.23112197889567007,-0.0004146837087350065,0.0014049137289994277,0.0008947443605975534,0.0007598624892862908,1.874057140455722e-06,0.0600804565128117,0.13324763187549782,0.19562164293729517,-0.00035098829107330955,0.12043495622139559,0.09421486201660677,0.18058733432420318,-0.09573723112901728,0.012589478687821254,-0.14999636369189587,-0.03186627765195174,-0.060732610072576666,0.008067216390483235,-0.0052866750934489285,0.003287686806315928,1.400735366634839e-05
-218.24,0.92,0.025,0.009797958971132711,0.5248792922602417,0.5278473586035246,0.07120851802885321,0.15757183296192295,0.23124369391165833,-0.00041440810549808564,0.0014074856085332789,0.0008947097748443641,0.0007612996528808129,1.8775653340761375e-06,0.06027088965962136,0.1333687994189716,0.19572466252682763,-0.0003507550204935797,0.12067026168514937,0.09423451141176362,0.18068264037473655,-0.09578726257281334,0.012478693613592495,-0.15020070625628512,-0.03192655073612654,-0.06084747497944526,0.008067216390483236,-0.005286675093448931,0.0032921712601274777,1.4019270035529257e-05
-218.07999999999998,0.92,0.025,0.009797958971132711,0.5248792922602417,0.5278473586035246,0.07143392169600514,0.15771498361087963,0.23136563856766187,-0.00041413208530120365,0.001410060779661852,0.0008946729661528317,0.000762738674113113,1.881075770163485e-06,0.06046167132349875,0.1334899621282485,0.19582787648366903,-0.0003505213969989388,0.12090588762458931,0.09425398688438891,0.18077812619689643,-0.09583738849162762,0.012367592420309343,-0.15040521884330837,-0.031986901910579076,-0.06096248826092879,0.008067216390483236,-0.005286675093448929,0.003296655752705353,1.4031153077219754e-05
-217.92,0.92,0.025,0.009797958971132711,0.5248792922602417,0.5278473586035246,0.07165973765402306,0.15785812819223344,0.2314878131478126,-0.0004138556475935344,0.0014126392447526123,0.0008946339288647814,0.0007641795575883711,1.8845884401734335e-06,0.06065280195036512,0.1336111197019064,0.1959312850483086,-0.0003502874201231675,0.12114183430621764,0.09427328793847849,0.18087379201312725,-0.09588760900232605,0.012256174555786975,-0.15060990140476363,-0.03204733137002499,-0.06107765028426137,0.008067216390483236,-0.005286675093448929,0.0033011402864842536,1.4043002726704005e-05
-217.76,0.92,0.025,0.009797958971132711,0.5248792922602417,0.5278473586035246,0.07188596643013022,0.1580012663489557,0.23161021793692022,-0.0004135787918214543,0.0014152210061712887,0.0008945926573127274,0.0007656223079240286,1.8881033355215242e-06,0.06084428198646222,0.1337322718377561,0.19603488846180928,-0.0003500530893976789,0.12137810199646068,0.09429241407716202,0.18096963804640487,-0.09593792422205218,0.012144439467168438,-0.15081475389191892,-0.032107839309699675,-0.061192961417654124,0.008067216390483235,-0.005286675093448929,0.003305624863914764,1.4054818919262563e-05
-217.6,0.92,0.025,0.009797958971132711,0.5248792922602417,0.5278473586035246,0.07211260855192819,0.1581443977231101,0.2317328532204741,-0.0004133015174286203,0.0014178060662818645,0.0008945491458198625,0.0007670669297496048,1.8916204475828103e-06,0.06103611187835203,0.1338534182328404,0.1961386869658093,-0.00034981840435158423,0.12161469096166784,0.09431136480270189,0.18106566452023776,-0.09598833426822805,0.012032386600924216,-0.15101977625551116,-0.0321684259253507,-0.06130842203028058,0.008067216390483236,-0.005286675093448929,0.0033101094874623976,1.4066601590170604e-05
-217.44,0.92,0.025,0.009797958971132711,0.5248792922602417,0.5278473586035246,0.07233966454739671,0.15828752195585138,0.23185571928464724,-0.0004130238238558878,0.001420394427446568,0.0008945033887000466,0.0007685134277065149,1.8951397676908824e-06,0.06122829207291658,0.13397455858343263,0.19624268080252544,-0.00034958336451162346,0.12185160146811097,0.09433013961649231,0.18116187165867018,-0.09603883925855565,0.011920015402851739,-0.15122496844574473,-0.03222909141323012,-0.06142403249226203,0.008067216390483236,-0.005286675093448929,0.0033145941596066284,1.4078350674691106e-05
-217.28,0.92,0.025,0.009797958971132711,0.5248792922602417,0.5278473586035246,0.0725671349448933,0.15843063868742369,0.2319788164162988,-0.00041274571054133037,0.0014229860920258609,0.000894455380257797,0.0007699618064478803,1.8986612871378673e-06,0.061420823017357684,0.13409569258503543,0.19634687021475533,-0.000349347969402182,0.12208883378198342,0.09434873801905796,0.1812582596862842,-0.09608943931101817,0.011807325318075015,-0.15143033041229043,-0.032289835970086535,-0.061539793174652475,0.008067216390483235,-0.005286675093448928,0.003319078882839907,1.409006610807373e-05
-217.12,0.92,0.025,0.009797958971132711,0.5248792922602417,0.5278473586035246,0.07279502027315297,0.15857374755715917,0.23210214490297784,-0.000412467176920257,0.0014255810623784303,0.0008944051147882777,0.0007714120706383467,1.9021849971735972e-06,0.06161370515919668,0.13421681993237952,0.19645125544588046,-0.00034911221854530555,0.12232638816939916,0.09436715951005338,0.1813548288282026,-0.09614013454388133,0.0116943157910442,-0.15163586210428404,-0.032350659793157516,-0.06165570444942402,0.008067216390483235,-0.005286675093448928,0.0033235636596666987,1.4101747825550082e-05
-216.96,0.92,0.025,0.009797958971132711,0.5248792922602417,0.5278473586035246,0.07302332106128807,0.15871684820347645,0.23222570503292622,-0.0004121882224251523,0.001428179340861176,0.0008943525865772886,0.0007728642249538934,1.9057108890048978e-06,0.06180693894627423,0.13433794031942248,0.19655583673986876,-0.00034887611146064895,0.12256426489639204,0.09438540358826145,0.1814515793100912,-0.09619092507569474,0.011580986265535212,-0.15184156347032518,-0.03241156308016155,-0.06177176668945158,0.008067216390483236,-0.005286675093448929,0.0033280484926024945,1.4113395762328408e-05
-216.79999999999998,0.92,0.025,0.009797958971132711,0.5248792922602417,0.5278473586035246,0.07325203783878785,0.15885994026387917,0.23234949709508126,-0.00041190884648567566,0.0014307809298292021,0.0008942977899012556,0.0007743182740816418,1.909238953795473e-06,0.06200052482675004,0.13445905343934733,0.1966606143412768,-0.0003486396476654759,0.12280246422891496,0.09440346975159265,0.18154851135816086,-0.09624181102529288,0.011467336184649271,-0.15204743445847604,-0.03247254602929005,-0.06188798026849769,0.008067216390483235,-0.005286675093448928,0.0033325333841728306,1.4125009853591743e-05
-216.64,0.92,0.025,0.009797958971132711,0.5248792922602417,0.5278473586035246,0.07348117113551823,0.1590030233749544,0.2324735213790793,-0.00041162904852868985,0.0014333858316358053,0.0008942407190272185,0.0007757742227196586,1.9127691826648124e-06,0.06219446324910263,0.1345801589845614,0.19676558849525275,-0.0003484028266746831,0.12304098643283892,0.09442135749708393,0.18164562519917027,-0.09629279251179655,0.01135336499081253,-0.15225347501625994,-0.03253360883919912,-0.06200434556119666,0.008067216390483235,-0.005286675093448927,0.0033370183369122656,1.4136590034492188e-05
-216.48,0.92,0.025,0.009797958971132711,0.5248792922602417,0.5278473586035246,0.07371072148172152,0.15914609717237113,0.2325977781752588,-0.0004113488279782176,0.001435994048632466,0.0008941813682128223,0.0007772320755767707,1.9163015666881594e-06,0.06238875466212909,0.13470125664669494,0.19687075944753907,-0.0003481656480007634,0.12327983177395221,0.09443906632089745,0.18174292106042841,-0.09634386965461426,0.011239072125775587,-0.15245968509066035,-0.03259475170900176,-0.062120862943039874,0.008067216390483238,-0.005286675093448929,0.0033415033533634284,1.414813624014888e-05
-216.32,0.92,0.025,0.009797958971132711,0.5248792922602417,0.5278473586035246,0.07394068940801612,0.159289161290879,0.2327222677746633,-0.0004110681842554196,0.0014386055831688371,0.0008941197317063048,0.0007786918373723614,1.9198360968954577e-06,0.06258339951494485,0.1348223461166,0.196976127444475,-0.0003479281111537872,0.12351900051795968,0.09445659571831994,0.18184039916979694,-0.0963950425734433,0.011124457030613127,-0.15266606462811932,-0.03265597483825936,-0.062237532790359394,0.008067216390483235,-0.00528667509344893,0.0033459884360759824,1.4159648405641746e-05
-216.16,0.92,0.025,0.009797958971132711,0.5248792922602417,0.5278473586035246,0.07417107544539629,0.1594322153643064,0.23284699046904375,-0.0004107871167786191,0.001441220437592734,0.000894055803746488,0.0007801535128361692,1.923372764271301e-06,0.06277839825698342,0.13494342708434895,0.19708169273299864,-0.00034769021564142323,0.12375849293048169,0.09447394518376107,0.181938059755692,-0.09644631138827085,0.011009519145723559,-0.15287261357453655,-0.03271727842697325,-0.06235435548031197,0.008067216390483236,-0.0052866750934489285,0.0033504735876056114,1.4171126466010351e-05
-216.0,0.92,0.025,0.009797958971132711,0.5248792922602417,0.5278473586035246,0.07440188012523168,0.15957525902555936,0.23297194655086356,-0.0004105056249632582,0.001443838614250124,0.0008939895785627652,0.000781617106708096,1.926911559753751e-06,0.0629737513379961,0.13506449923923344,0.19718745556065093,-0.00034745196096890176,0.12399830927705341,0.09449111421075303,0.18203590304708786,-0.09649767621937588,0.010894257910828408,-0.15307933187526773,-0.0327786626755767,-0.06247133139086365,0.008067216390483236,-0.00528667509344893,0.0033549588105130203,1.4182570356246784e-05
-215.84,0.92,0.025,0.009797958971132711,0.5248792922602417,0.5278473586035246,0.07463310397926723,0.15971829190661968,0.23309713631329937,-0.0004102237082219064,0.0014464601154851162,0.0008939210503750923,0.0007830826237379976,1.930452474234313e-06,0.06316945920805178,0.13518556226976292,0.1972934161755766,-0.0003472133466390216,0.1242384498231239,0.09450810229194888,0.1821339292735181,-0.0965491371873296,0.010778672764972175,-0.1532862194751235,-0.032840127784926065,-0.06258846090077307,0.008067216390483238,-0.0052866750934489285,0.003359444107362912,1.4193980011294493e-05
-215.68,0.92,0.025,0.009797958971132711,0.5248792922602417,0.5278473586035246,0.07486474753962273,0.1598613136385438,0.23322256005024578,-0.0004099413659642343,0.001449084943639951,0.0008938502133939765,0.000784550068685481,1.9339954985570233e-06,0.06336552231753668,0.1353066158636635,0.19739957482652803,-0.00034697437215212796,0.12447891483405528,0.09452490891912198,0.1822321386650789,-0.09660069441299733,0.010662763146521701,-0.15349327631836823,-0.032901673956292364,-0.06270574438957519,0.008067216390483235,-0.005286675093448928,0.003363929480722941,1.4205355366042564e-05
-215.52,0.92,0.025,0.009797958971132711,0.5248792922602417,0.5278473586035246,0.07509681133879262,0.1600043238514609,0.23334821805631695,-0.0004096585975970069,0.00145171310105499,0.0008937770618204652,0.0007860194463196976,1.9375406235178346e-06,0.06356194111715407,0.1354276597078765,0.19750593176286668,-0.00034673503700610665,0.1247197045751219,0.09454153358316451,0.18233053145243028,-0.09665234801753919,0.010546528493165824,-0.1537005023487186,-0.0329633013913526,-0.06282318223756482,0.008067216390483235,-0.0052866750934489285,0.0033684149331627087,1.4216696355321834e-05
-215.35999999999999,0.92,0.025,0.009797958971132711,0.5248792922602417,0.5278473586035246,0.07532929590964565,0.16014732217457173,0.2334741106268515,-0.0004093754025240835,0.0014543445900687048,0.0008937015898461365,0.0007874907614191379,1.941087839864418e-06,0.06375871605792409,0.13554869348855753,0.19761248723456712,-0.0003464953406963843,0.1249608193115094,0.09455797577408674,0.18242910786680025,-0.09670409812241205,0.010429968241915045,-0.1539078975093423,-0.03302501029218109,-0.06294077482578021,0.008067216390483236,-0.0052866750934489285,0.0033729004672527077,1.4228002913902613e-05
-215.2,0.92,0.025,0.009797958971132711,0.5248792922602417,0.5278473586035246,0.07556220178542457,0.16029030823614676,0.23360023805791333,-0.00040909178014637165,0.0014569794130176675,0.0008936237916530871,0.0007889640187714178,1.9446371382950705e-06,0.06395584759118336,0.13566971689107463,0.19771924149221784,-0.00034625528271588896,0.1252022593083139,0.09457423498101573,0.1825278681399851,-0.09675594484936995,0.01031308182910099,-0.15411546174285687,-0.03308680086124063,-0.06305852253598593,0.008067216390483236,-0.005286675093448928,0.0033773860855632943,1.4239274976488255e-05
-215.04,0.92,0.025,0.009797958971132711,0.5248792922602417,0.5278473586035246,0.07579552949974579,0.16043328166352502,0.23372660064629633,-0.0004088077298618498,0.0014596175722365393,0.000893543661413923,0.0007904392231730651,1.9481885094583757e-06,0.06415333616858483,0.1357907296000076,0.19782619478702523,-0.0003460148625550697,0.12544402483054118,0.09459031069219441,0.18262681250435342,-0.09680788832046594,0.010195868690376083,-0.1543231949913283,-0.03314867330137343,-0.0631764257506558,0.008067216390483235,-0.0052866750934489285,0.003381871790663615,1.4250512477712606e-05
-214.88,0.92,0.025,0.009797958971132711,0.5248792922602417,0.5278473586035246,0.07602927958659916,0.16057624208311225,0.23385319868952675,-0.0004085232510655479,0.0014622590700580603,0.0008934611932917481,0.000791916379429308,1.9517419439526076e-06,0.06435118224209753,0.13591173129914622,0.19793334737081544,-0.0003457740797018798,0.12568611614310568,0.09460620239498042,0.18272594119284757,-0.09685992865805311,0.01007832826071311,-0.15453109719626984,-0.033210627815792315,-0.06329448485295602,0.008067216390483233,-0.005286675093448928,0.00338635758512057,1.4261715352136028e-05
-214.72,0.92,0.025,0.009797958971132711,0.5248792922602417,0.5278473586035246,0.07626345258034758,0.16071918912037952,0.23398003248586574,-0.00040823834314949857,0.0014649039088130398,0.0008933763814401542,0.0007933954923538598,1.955297432325181e-06,0.06454938626400619,0.13603272167148925,0.19804069949603678,-0.0003455329336417356,0.12592853351082975,0.09462190957584508,0.18282525443898617,-0.09691206598478566,0.009960459974404827,-0.15473916829864065,-0.03327266460807169,-0.06341270022672794,0.00806721639048324,-0.005286675093448929,0.003390843471497769,1.4272883534241158e-05
-214.56,0.92,0.025,0.009797958971132711,0.5248792922602417,0.5278473586035246,0.07649804901572674,0.16086212239986195,0.23410710233431345,-0.0004079530055027681,0.0014675520908303441,0.0008932892200032091,0.000794876566768695,1.9588549650717026e-06,0.06474794868691111,0.13615370039924315,0.19814825141576292,-0.00034529142385754293,0.12617127719844282,0.09463743172037255,0.1829247524768668,-0.09696430042362045,0.00984226326506352,-0.1549474082388445,-0.03333478388213814,-0.06353107225647016,0.008067216390483238,-0.005286675093448929,0.003395329452354427,1.428401695842794e-05
-214.4,0.92,0.025,0.009797958971132711,0.5248792922602417,0.5278473586035246,0.07673306942784479,0.1610050415451566,0.23423440853461078,-0.000407667237511408,0.0014702036184368874,0.0008931997031154475,0.0007963596075038348,1.962414532635791e-06,0.06494686996372784,0.13627466716382056,0.19825600338369456,-0.00034504954982965576,0.12641434747058036,0.09465276831325814,0.18302443554116773,-0.09701663209781786,0.00972373756562061,-0.15515581695672853,-0.03339698584226147,-0.06364960132732136,0.008067216390483238,-0.005286675093448931,0.003399815530244331,1.4295115559011114e-05
-214.24,0.92,0.025,0.009797958971132711,0.5248792922602417,0.5278473586035246,0.07696851435218205,0.16114794617892156,0.2343619513872432,-0.00040738103855847424,0.0014728584939576207,0.0008931078249018596,0.0007978446193971226,1.9659761254082025e-06,0.0651461505476869,0.1363956216458392,0.19836395565416265,-0.0003448073110358926,0.12665774459178314,0.09466791883830797,0.18312430386715078,-0.09706906113094321,0.009604882308326278,-0.1553643943915819,-0.03345927069304527,-0.06376828782504243,0.00806721639048324,-0.005286675093448929,0.003404301707714752,1.4306179270215475e-05
-214.07999999999998,0.92,0.025,0.009797958971132711,0.5248792922602417,0.5278473586035246,0.07720438432459062,0.16129083592287408,0.23448973119344302,-0.00040709440802398704,0.0014755167197155212,0.0008930135794778802,0.0007993316072939965,1.9695397337263083e-06,0.0653457908923335,0.13651656352512062,0.19847210848213018,-0.00034456470695150266,0.12690146882649636,0.09468288277843755,0.1832243576906631,-0.09712158764686787,0.009485696924749003,-0.15557314048213455,-0.03352163863941739,-0.06388713213599818,0.00806721639048324,-0.005286675093448931,0.003408787987305356,1.431720802617193e-05
-213.92,0.92,0.025,0.009797958971132711,0.5248792922602417,0.5278473586035246,0.07744067988129417,0.16143371039778903,0.23461774825519285,-0.0004068073452849178,0.0014781782980315809,0.0008929169609493783,0.0008008205760472671,1.9731053478733183e-06,0.06554579145152739,0.13663749248068865,0.19858046212319524,-0.00034432173704915443,0.12714552043906863,0.09469765961567062,0.18332459724813993,-0.09717421176977055,0.009366180845775184,-0.15578205516655583,-0.03358408988662062,-0.06400613464713968,0.008067216390483238,-0.005286675093448931,0.0034132743715471294,1.432820176091281e-05
-213.76,0.92,0.025,0.009797958971132711,0.5248792922602417,0.5278473586035246,0.07767740155888758,0.1615765692234975,0.23474600287522776,-0.00040651984971517077,0.0014808432312247977,0.0008928179634126467,0.0008023115305168869,1.976672958077961e-06,0.06574615267944245,0.1367584081907683,0.19868901683359277,-0.0003440784007989206,0.12738989969375128,0.09471224883113816,0.18342502277660627,-0.09722693362413812,0.009246333501608745,-0.15599113838245326,-0.03364662464020302,-0.06412529574598572,0.008067216390483242,-0.005286675093448932,0.003417760862961294,1.4339160408369158e-05
-213.6,0.92,0.025,0.009797958971132711,0.5248792922602417,0.5278473586035246,0.07791454989433655,0.16171941201888534,0.23487449535703936,-0.0004062319206855935,0.0014835115216121628,0.0008927165809543908,0.0008038044755697204,1.9802425545134342e-06,0.06594687503056645,0.13687931033278455,0.19879777287019812,-0.00034383469766828637,0.12763460685469738,0.09472664990507762,0.18352563451367995,-0.09727975333476742,0.009126154321770694,-0.1562003900668712,-0.03370924310600833,-0.06424461582060452,0.008067216390483238,-0.005286675093448931,0.003422247464058189,1.4350083902365173e-05
-213.44,0.92,0.025,0.009797958971132711,0.5248792922602417,0.5278473586035246,0.07815212542497738,0.1618622384018913,0.23500322600487777,-0.0004059435575639389,0.0014861831715086511,0.0008926128076517184,0.0008052994160793099,1.983814127297285e-06,0.06614795895970085,0.1370001985833608,0.19890673049052857,-0.0003435906271221179,0.12787964218596076,0.09474086231683128,0.18362643269757353,-0.09733267102676602,0.00900564273509878,-0.15640981015628952,-0.03377194549016606,-0.06436409525959498,0.008067216390483242,-0.00528667509344893,0.003426734177336185,1.4360972176616094e-05
-213.28,0.92,0.025,0.009797958971132711,0.5248792922602417,0.5278473586035246,0.07839012868851658,0.16200504798950588,0.23513219512375427,-0.00040565475971485887,0.0014888581832272108,0.0008925066375721284,0.0008067963569256421,1.987387666490097e-06,0.06634940492196044,0.1371210726183178,0.19901588995274563,-0.00034334618862265657,0.12812500595149542,0.09475488554484574,0.18372741756709593,-0.09738568682555326,0.008884798169746988,-0.15661939858662235,-0.03383473199908182,-0.06448373445206802,0.008067216390483238,-0.00528667509344893,0.0034312210052805823,1.4371825164721457e-05
-213.12,0.92,0.025,0.009797958971132711,0.5248792922602417,0.5278473586035246,0.0786285602230306,0.16214784039776944,0.2352614030194449,-0.0004053655264998587,0.0014915365590787513,0.000892398064773501,0.0008082953029949098,1.9909631620955475e-06,0.0665512133727731,0.13724193211267208,0.19912525151565816,-0.0003431013816294804,0.12837069841515422,0.09476871906667038,0.18382858936165558,-0.09743880085686175,0.00876362005318524,-0.15682915529321678,-0.03389760283942724,-0.06460353378762754,0.008067216390483242,-0.005286675093448932,0.003435707950362481,1.438264280016351e-05
-212.96,0.92,0.025,0.009797958971132711,0.5248792922602417,0.5278473586035246,0.07886742056696541,0.16229061524177102,0.23539084999849275,-0.00040507585727733817,0.001494218301372133,0.0008922870833040862,0.0008097962591792774,1.994540604059311e-06,0.06675338476787952,0.137362776740635,0.19923481543872426,-0.000342856205599539,0.1286167198406884,0.09478236235895672,0.18392994832126208,-0.09749201324673833,0.008642107812198966,-0.1570390802108514,-0.03396055821813019,-0.0647234936563516,0.00806721639048324,-0.005286675093448932,0.0034401950150376916,1.4393425016302137e-05
-212.79999999999998,0.92,0.025,0.009797958971132711,0.5248792922602417,0.5278473586035246,0.07910671025913633,0.16243337213564646,0.2355205363682109,-0.00040478575140251585,0.001496903412414157,0.0008921736872024935,0.000811299230376633,1.9981199822684665e-06,0.066955919563333,0.13748360617561117,0.1993445819820537,-0.0003426106599870894,0.12886307049174645,0.09479581489745699,0.18403149468652863,-0.09754532412154522,0.008520260872888645,-0.15724917327373508,-0.03402359834236436,-0.06484361444877278,0.00806721639048324,-0.005286675093448932,0.0034446822017455826,1.4404171746370141e-05
-212.64,0.92,0.025,0.009797958971132711,0.5248792922602417,0.5278473586035246,0.07934642983872754,0.1625761106925771,0.23565046243668528,-0.00040449520822744066,0.001499591894509555,0.0008920578704976811,0.0008128042214903485,2.001701286551111e-06,0.06715881821549899,0.13760442009019727,0.19945455140641044,-0.0003423647442437058,0.12910975063187324,0.0948090761570232,0.18413322869867393,-0.09759873360796119,0.008398078660669446,-0.15745943441550592,-0.03408672341953922,-0.0649638965558588,0.008067216390483238,-0.005286675093448932,0.0034491695129079667,1.4414882923470748e-05
-212.48,0.92,0.025,0.009797958971132711,0.5248792922602417,0.5278473586035246,0.07958657984529181,0.162718830524788,0.23578062851277728,-0.0004042042271009785,0.0015022837499609756,0.0008919396272089452,0.0008143112374290368,2.00528450667525e-06,0.067362081181055,0.13772521815618058,0.1995647239732147,-0.00034211845781826825,0.1293567605245092,0.09482214561160608,0.18423515059952475,-0.0976522418329827,0.008275560600270836,-0.15766986356922935,-0.03414993365728987,-0.06508434036899324,0.00806721639048324,-0.005286675093448933,0.0034536569509279777,1.4425558480571678e-05
-212.32,0.92,0.025,0.009797958971132711,0.5248792922602417,0.5278473586035246,0.07982716081875016,0.16286153124354674,0.23591103490612647,-0.00040391280736880937,0.0015049789810689762,0.0008918189513459094,0.0008158202831063012,2.0088696323486408e-06,0.06756570891699014,0.13784600004453798,0.19967509994454546,-0.00034187180015696027,0.12960410043298934,0.09483502273425402,0.18433726063151767,-0.09770584892392489,0.0081527061157362,-0.1578804606673974,-0.03421322926346645,-0.06520494627995549,0.008067216390483238,-0.005286675093448931,0.0034581445181889265,1.4436198350503465e-05
-212.16,0.92,0.025,0.009797958971132711,0.5248792922602417,0.5278473586035246,0.08006817329939157,0.16300421245916147,0.23604168192715336,-0.0004036209483733352,0.0015076775901320112,0.0008916958369085136,0.0008173313634404861,2.0124566532176345e-06,0.06776970188060503,0.13796676542543426,0.1997856795831426,-0.00034162477070319094,0.12985177062054246,0.09484770699711192,0.1844395590377014,-0.09775955500842286,0.008029514630422317,-0.15809122564192693,-0.03427661044612378,-0.06532571468090079,0.00806721639048324,-0.005286675093448931,0.0034626322170531517,1.4446802465952151e-05
-212.0,0.92,0.025,0.009797958971132711,0.5248792922602417,0.5278473586035246,0.08030961782787256,0.16314687378097975,0.23617256988706237,-0.00040332864945376176,0.0015103795794464204,0.0008915702778870036,0.0008188444833544257,2.0160455588669655e-06,0.06797406052951134,0.13808751396822128,0.1998964631524096,-0.00034137736889766396,0.1300997713502901,0.09486019787142023,0.184542046061739,-0.09781336021443267,0.007905985566999134,-0.1583021584241586,-0.03434007741351079,-0.06544664596434013,0.008067216390483236,-0.005286675093448931,0.0034671200498608747,1.4457370759458612e-05
-211.84,0.92,0.025,0.009797958971132711,0.5248792922602417,0.5278473586035246,0.08055149494521695,0.16328951481738654,0.23630369909784393,-0.0004030359099460256,0.0015130849513064193,0.0008914422682619205,0.0008203596477751926,2.019636338818651e-06,0.06817878532163163,0.13820824534143597,0.2000074509164151,-0.00034112959417831605,0.13034810288524573,0.09487249482751361,0.18464472194790973,-0.09786726467023243,0.00778211834744924,-0.1585132589448554,-0.03440363037405997,-0.06556774052312027,0.00806721639048324,-0.005286675093448931,0.0034716080189290664,1.4467903163411972e-05
-211.68,0.92,0.025,0.009797958971132711,0.5248792922602417,0.5278473586035246,0.0807938051928154,0.16343213517580324,0.23643506987227783,-0.0004027427291827785,0.0015157937080040875,0.0008913118020040899,0.0008218768616338377,2.0232289825316795e-06,0.06838387671519895,0.13832895921279986,0.20011864313989597,-0.0003408814459803037,0.1305967654883139,0.09488459733482031,0.1847475869411114,-0.09792126850442345,0.007657912393067558,-0.15872452713420143,-0.034467269536376445,-0.06568899875040275,0.008067216390483236,-0.005286675093448929,0.0034760961265502574,1.4478399610046968e-05
-211.52,0.92,0.025,0.009797958971132711,0.5248792922602417,0.5278473586035246,0.08103654911242517,0.16357473446268547,0.2365666825239344,-0.0004024491064933658,0.0015185058518293576,0.0008911788730746105,0.0008233961298651329,2.0268234794010836e-06,0.06858933516875666,0.13844965524921699,0.2002300400882581,-0.00034063292373598484,0.13084575942228913,0.09489650486186053,0.18485064128686166,-0.09797537184593091,0.007533367124460827,-0.15893596292180046,-0.03453099510922728,-0.06581042103964352,0.008067216390483236,-0.0052866750934489285,0.0034805843749914083,1.4488860031438975e-05
-211.35999999999999,0.92,0.025,0.009797958971132711,0.5248792922602417,0.5278473586035246,0.08127972724616969,0.16371731228352207,0.23669853736717988,-0.0004021550412038365,0.001521221385070004,0.0008910434754248445,0.0008249174574073159,2.030419818757353e-06,0.06879516114115804,0.13857033311677308,0.20034164202758106,-0.00034038402687492725,0.13109508494985514,0.09490821687624586,0.1849538852313018,-0.09802957482400593,0.0074084819615473415,-0.15914756623667453,-0.034594807301530674,-0.06593200778457244,0.008067216390483238,-0.00528667509344893,0.0034850727664927144,1.4499284359500512e-05
-211.2,0.92,0.025,0.009797958971132711,0.5248792922602417,0.5278473586035246,0.08152334013653834,0.1638598682428333,0.23683063471717572,-0.0004018605326368967,0.0015239403100116324,0.0008909056029964058,0.0008264408492018192,2.034017989865771e-06,0.06900135509156605,0.1386909924807341,0.20045344922461755,-0.0003401347548238694,0.1313447423335841,0.09491973284467789,0.18505731902119651,-0.09808387756822527,0.007283256323556474,-0.15935933700726285,-0.03465870632234465,-0.06605375937917159,0.008067216390483238,-0.005286675093448931,0.0034895613032664553,1.450967252597714e-05
-211.04,0.92,0.025,0.009797958971132711,0.5248792922602417,0.5278473586035246,0.081767388326386,0.1640024019441692,0.2369629748898836,-0.00040156558011189856,0.0015266626289376687,0.0008907652497211502,0.0008279663101930147,2.0376179819256923e-06,0.06920791747945311,0.13881163300554483,0.2005654619467975,-0.00033988510700671095,0.13159473183593534,0.09493105223294718,0.18516094290393775,-0.0981382802084935,0.007157689629028303,-0.15957127516142042,-0.034722692380856346,-0.06617567621765495,0.008067216390483238,-0.005286675093448929,0.003494049987495812,1.4520024462443183e-05
-210.88,0.92,0.025,0.009797958971132711,0.5248792922602417,0.5278473586035246,0.08201187235893266,0.16414491299010817,0.23709555820206613,-0.0004012701829448083,0.0015293883441293476,0.0008906224095211636,0.0008294938453279363,2.0412197840697987e-06,0.0694148487646006,0.13893225435482756,0.20067768046222878,-0.00033963508284448574,0.13184505371925473,0.09494217450593223,0.18526475712754525,-0.09819278287504307,0.007031781295813185,-0.1597833806264164,-0.034786765686370395,-0.06629775869444617,0.008067216390483238,-0.005286675093448931,0.003498538821333674,1.4530340100297395e-05
-210.72,0.92,0.025,0.009797958971132711,0.5248792922602417,0.5278473586035246,0.0822567927777632,0.1642874009822554,0.2372283849712911,-0.0004009743404482255,0.0015321174578657012,0.0008904770763087523,0.0008310234595560233,2.0448233853634677e-06,0.06962214940709878,0.13905285619138097,0.2007901050397008,-0.0003393846817553781,0.13209570824577363,0.09495309912759839,0.18536876194066979,-0.09824738569843633,0.006905530741071436,-0.159995653328933,-0.03485092644829812,-0.06642000720415807,0.008067216390483238,-0.005286675093448929,0.003503027806901478,1.4540619370759644e-05
-210.56,0.92,0.025,0.009797958971132711,0.5248792922602417,0.5278473586035246,0.08250215012682692,0.1644298655212412,0.23736145551593268,-0.00040067805193132926,0.00153484997242355,0.0008903292439864315,0.0008325551578288389,2.048428774804088e-06,0.06982981986734631,0.13917343817717856,0.20090273594868543,-0.0003391339031546771,0.13234669567760796,0.09496382556099678,0.1854729575925943,-0.09830208880956577,0.0067789373812728385,-0.1602080931950644,-0.03491517487614578,-0.0665424221415701,0.00806721639048324,-0.00528667509344893,0.00350751694628799,1.4550862204866496e-05
-210.4,0.92,0.025,0.009797958971132711,0.5248792922602417,0.5278473586035246,0.08274794495043726,0.1645723062067196,0.23749477015517437,-0.0004003813166998499,0.0015375858900774876,0.0008901789064469146,0.0008340889450998003,2.0520359413203036e-06,0.0700378606060501,0.13929399997336747,0.2010155734593396,-0.000338882746454753,0.1325980162767574,0.09497435326826317,0.18557734433323608,-0.09835689233965529,0.006652000632196333,-0.16042070015031482,-0.034979511179503237,-0.06666500390160686,0.008067216390483238,-0.005286675093448931,0.0035120062415481186,1.456106853346676e-05
-210.24,0.92,0.025,0.009797958971132711,0.5248792922602417,0.5278473586035246,0.08299417779327145,0.1647147226373665,0.2376283292090107,-0.0004000841340560926,0.0015403252130998734,0.0008900260575731029,0.0008356248263239024,2.055644873771217e-06,0.07024627208422496,0.139414541240267,0.20112861784250666,-0.0003386312110650768,0.13284967030510436,0.09498468171061689,0.18568192241314818,-0.09841179642026095,0.006524719908929582,-0.16063347411959752,-0.03504393556803237,-0.06678775287931592,0.008067216390483236,-0.00528667509344893,0.0035164956947017242,1.4571238287217808e-05
-210.07999999999998,0.92,0.025,0.009797958971132711,0.5248792922602417,0.5278473586035246,0.08324084920037003,0.16485711441087844,0.237762132998251,-0.0003997865032988552,0.0015430679437608203,0.0008898706912380744,0.0008371628064574458,2.0592555609459305e-06,0.07045505476319319,0.1395350616373675,0.20124186936971966,-0.00033837929639215104,0.13310165802441304,0.09499481034835983,0.18578669208352225,-0.09846680118327245,0.00639709462586858,-0.16084641502723354,-0.035108448251455676,-0.06691066946984611,0.008067216390483238,-0.005286675093448929,0.0035209853077324137,1.4581371396581552e-05
-209.92,0.92,0.025,0.009797958971132711,0.5248792922602417,0.5278473586035246,0.08348795971713667,0.16499948112397084,0.23789618184452058,-0.0003994884237234886,0.001545814084328183,0.0008897128013050734,0.0008387028904577459,2.0628679915626635e-06,0.07066420910458449,0.13965556082332892,0.20135532831320221,-0.0003381270018395608,0.13335397969632853,0.0950047386408753,0.18589165359618964,-0.09852190676091357,0.006269124196717262,-0.16105952279695018,-0.035173049439544045,-0.06703375406842435,0.00806721639048324,-0.005286675093448931,0.0035254750825863056,1.4591467791820952e-05
-209.76,0.92,0.025,0.009797958971132711,0.5248792922602417,0.5278473586035246,0.08373550988933764,0.16514182237237646,0.23803047607026273,-0.00039918989462178777,0.0015485636370675458,0.0008895523816274988,0.000840245083282858,2.0664821542679664e-06,0.07087373557033538,0.13977603845597944,0.2014689949458704,-0.0003378743268078812,0.13360663558237595,0.09501446604662697,0.18599680720362283,-0.09857711328574312,0.006140808034487163,-0.16127279735187958,-0.03523773934210527,-0.0671570070703335,0.008067216390483236,-0.00528667509344893,0.003529965021170851,1.4601527402994447e-05
-209.6,0.92,0.025,0.009797958971132711,0.5248792922602417,0.5278473586035246,0.0839835002631016,0.1652841377508437,0.23816501599874298,-0.00039889091528204996,0.001551316604242214,0.0008893894260488947,0.0008417893898912911,2.0700980376361373e-06,0.0710836346226892,0.13989649419231412,0.20158286954133608,-0.00033762127069472713,0.13385962594395942,0.0950239920231576,0.18610215315893888,-0.0986324208906565,0.0060121455514969375,-0.16148623861455758,-0.035302518168972036,-0.06728042887088966,0.008067216390483238,-0.005286675093448931,0.0035344551253535784,1.4611550159953492e-05
-209.44,0.92,0.025,0.009797958971132711,0.5248792922602417,0.5278473586035246,0.08423193138491906,0.16542642685313522,0.23829980195404857,-0.0003985914849889914,0.0015540729881131999,0.0008892239284029384,0.0008433358152417215,2.0737156301683845e-06,0.0712939067241955,0.14001692768849366,0.20169695237390672,-0.00033736783289468235,0.13411295104236107,0.09503331602708831,0.18620769171589888,-0.09868782970888562,0.005883136159372035,-0.16169984650692215,-0.0353673861299899,-0.06740401986541918,0.00806721639048324,-0.00528667509344893,0.0035389453969609133,1.462153599233738e-05
-209.28,0.92,0.025,0.009797958971132711,0.5248792922602417,0.5278473586035246,0.08448080380164218,0.1655686892720264,0.23843483426109296,-0.0003982916030237557,0.0015568327909392136,0.0008890558825134303,0.0008448843642927018,2.0773349202922666e-06,0.07150455233770994,0.14013733859984315,0.2018112437185891,-0.0003371140127993069,0.13436661113874032,0.0950424375141173,0.1863134231289117,-0.09874333987400062,0.005753779269044305,-0.1619136209503123,-0.0354323434350051,-0.06752778044923544,0.008067216390483238,-0.005286675093448931,0.0035434358377769088,1.4631484829570155e-05
-209.12,0.92,0.025,0.009797958971132711,0.5248792922602417,0.5278473586035246,0.08473011806048432,0.1657109245993034,0.2385701132456171,-0.00039799126866390145,0.0015595960149766498,0.0008888852821942828,0.0008464350420023709,2.080955896360728e-06,0.07171557192639393,0.1402577265808504,0.20192574385109033,-0.00033685980979712623,0.13462060649413268,0.09505135593901855,0.18641934765303472,-0.09879895151991044,0.0056240742907515745,-0.1621275618654664,-0.03549739029385239,-0.06765171101761563,0.00806721639048324,-0.00528667509344893,0.003547926449542032,1.4641396600855848e-05
-208.96,0.92,0.025,0.009797958971132711,0.5248792922602417,0.5278473586035246,0.0849798747090196,0.16585313242576194,0.23870563923419097,-0.00039769048118337393,0.001562362662479578,0.0008887121212495093,0.0008479878533281616,2.0845785466516303e-06,0.0719269659537142,0.1403780912851649,0.20204045304781926,-0.0003366052232736077,0.13487493736944903,0.09506007075564113,0.18652546554397534,-0.09885466478086351,0.005494020634037301,-0.162341669172521,-0.03556252691634276,-0.06777581196577749,0.00806721639048324,-0.005286675093448931,0.003552417233951939,1.465127123517552e-05
-208.79999999999998,0.92,0.025,0.009797958971132711,0.5248792922602417,0.5278473586035246,0.08523007429518277,0.16599531234120565,0.23884141255421704,-0.00039738923985244156,0.0015651327356997304,0.0008885363934732142,0.0008495428032265018,2.08820285936674e-06,0.0721387348834427,0.14049843236559648,0.2021553715858893,-0.0003363502526111066,0.13512960402547455,0.09506858141690788,0.1866317770580934,-0.09891047979144893,0.005363617707750154,-0.16255594279100946,-0.03562775351225095,-0.06790008368885524,0.00806721639048324,-0.00528667509344893,0.003556908192656207,1.4661108661281386e-05
-208.64,0.92,0.025,0.009797958971132711,0.5248792922602417,0.5278473586035246,0.08548071736726852,0.16613746393444426,0.23897743353393094,-0.00039708754393776464,0.0015679062368864902,0.000888358092649581,0.0008510998966525159,2.0918288226312045e-06,0.07235087917965607,0.14061874947411362,0.20227049974311917,-0.000336094897188924,0.13538460672286776,0.0950768873748143,0.18673828245240207,-0.09896639668659711,0.005232864920043655,-0.16277038263986057,-0.03569307029130288,-0.06802452658187588,0.00806721639048324,-0.0052866750934489285,0.0035613993272571,1.4670908807695164e-05
-208.48,0.92,0.025,0.009797958971132711,0.5248792922602417,0.5278473586035246,0.08573180447393126,0.16627958679329236,0.23911370250240485,-0.00039678539270227,0.001570683168286881,0.0008881772125528624,0.00085265913855973,2.0954564244925505e-06,0.07256339930673543,0.14073904226184267,0.20238583779803548,-0.0003358391563832013,0.13563994572215965,0.09508498808042763,0.18684498198457006,-0.0990224156015807,0.005101761678375773,-0.16298498863739713,-0.03575847746316332,-0.06814914103973556,0.00806721639048324,-0.005286675093448931,0.0035658906393083328,1.4680671602701444e-05
-208.32,0.92,0.025,0.009797958971132711,0.5248792922602417,0.5278473586035246,0.08598333616418485,0.1664216805045675,0.23925021978954777,-0.0003964827854052145,0.0015734635321455544,0.000887993746947369,0.0008542205338997628,2.0990856529204817e-06,0.07277629572936606,0.14085931037906593,0.20250138602987325,-0.0003355830295669736,0.13589562128375268,0.09509288298388556,0.18695187591292217,-0.09907853667201508,0.004970307389508563,-0.16319976070133466,-0.03582397523742291,-0.06827392745717488,0.008067216390483238,-0.005286675093448929,0.0035703821303138053,1.4690396974347315e-05
-208.16,0.92,0.025,0.009797958971132711,0.5248792922602417,0.5278473586035246,0.08623531298740199,0.1665637446540887,0.23938698572610967,-0.00039617972130212,0.0015762473307047791,0.0008878076895874584,0.0008557840876220236,2.1027164958052327e-06,0.07298956891253705,0.1409795534752207,0.20261714471857922,-0.0003353265161101144,0.13615163366791988,0.09510057153439527,0.18705896449644255,-0.09913476003385979,0.0048385014595077585,-0.16341469874877995,-0.03588956382358553,-0.06839888622875476,0.008067216390483236,-0.005286675093448927,0.0035748738017263304,1.4700084850433898e-05
-208.0,0.92,0.025,0.009797958971132711,0.5248792922602417,0.5278473586035246,0.08648773549331396,0.166705778826675,0.23952400064368104,-0.0003958761996447436,0.00157903456620443,0.0008876190342175244,0.0008573498046734021,2.106348940957844e-06,0.07320321932154093,0.14109977119889774,0.20273311414481165,-0.000335069615379311,0.1364079831348037,0.09510805318023226,0.1871662479947741,-0.09919108582341848,0.004706343293742328,-0.16362980269622976,-0.0359552434310552,-0.06852401774883161,0.00806721639048324,-0.00528667509344893,0.003579365654946394,1.470973515851674e-05
-207.84,0.92,0.025,0.009797958971132711,0.5248792922602417,0.5278473586035246,0.08674060423201031,0.1668477826061437,0.2396612648746968,-0.0003955722196810808,0.0015818252408819743,0.0008874277745719869,0.000858917689997964,2.1099829761085233e-06,0.07341724742197353,0.14121996319784003,0.20284929458994339,-0.0003348123267380668,0.13666466994441545,0.09511532736873941,0.1872737266682218,-0.0992475141773404,0.004573832296884295,-0.16384507245956928,-0.03602101426912345,-0.0686493224115331,0.008067216390483238,-0.005286675093448927,0.003583857691320878,1.4719347825898432e-05
-207.68,0.92,0.025,0.009797958971132711,0.5248792922602417,0.5278473586035246,0.08699391975393832,0.16698975557530873,0.23979877875243644,-0.0003952677806553455,0.0015846193569724637,0.00088723390437528,0.000860487748536633,2.1136185889064397e-06,0.0736316536797334,0.1413401291189413,0.2029656863360622,-0.0003345546495466845,0.1369216943566339,0.09512239354632562,0.18738140077775275,-0.09930404523262056,0.0044409678729081,-0.16406050795407107,-0.03608687654695585,-0.06877480061073261,0.008067216390483238,-0.005286675093448928,0.003588349912141793,1.4728922779627143e-05
-207.51999999999998,0.92,0.025,0.009797958971132711,0.5248792922602417,0.5278473586035246,0.08724768260990268,0.16713169731597924,0.23993654261102706,-0.0003949628818079101,0.0015874169167085191,0.0008870374173418416,0.0008620599852268796,2.117255766918728e-06,0.07384643856102163,0.14146026860824484,0.20308228966597333,-0.0003342965831622151,0.13717905663120455,0.09512925115846499,0.18748927058499845,-0.09936067912660085,0.004307749425090379,-0.1642761090943933,-0.036152830473579055,-0.06890045274002445,0.00806721639048324,-0.00528667509344893,0.0035928423186449934,1.4738459946491062e-05
-207.35999999999999,0.92,0.025,0.009797958971132711,0.5248792922602417,0.5278473586035246,0.08750189335106515,0.16727360740895783,0.2400745567854449,-0.00039465752237532656,0.0015902179223203207,0.0008868383071761024,0.0008636344050024043,2.1208944976297806e-06,0.07406160253234155,0.14158038131094192,0.20319910486320056,-0.00033403812693847643,0.13743675702773872,0.09513589964969556,0.18759733635225614,-0.09941741599697071,0.004174176356009573,-0.16449187579457852,-0.03621887625786746,-0.06902627919269853,0.008067216390483238,-0.00528667509344893,0.0035973349120089057,1.4747959253015424e-05
-207.2,0.92,0.025,0.009797958971132711,0.5248792922602417,0.5278473586035246,0.08775655252894413,0.167415485434039,0.24021282161151575,-0.00039435170159027457,0.0015930223760355971,0.0008866365675724758,0.0008652110127928167,2.1245347684404564e-06,0.07427714606049832,0.1417004668713706,0.20331613221198694,-0.0003337792802260084,0.13769479580571242,0.09514233846361819,0.18770559834248907,-0.09947425598176725,0.004040248067545468,-0.16470780796805254,-0.036285014108529766,-0.06915228036171468,0.008067216390483238,-0.005286675093448928,0.0036018276933532517,1.4757420625458163e-05
-207.04,0.92,0.025,0.009797958971132711,0.5248792922602417,0.5278473586035246,0.08801166069541419,0.1675573309700076,0.24035133742591835,-0.0003940454186815613,0.0015958302800796126,0.0008864321922153458,0.0008667898135233179,2.1281765666673643e-06,0.07449306961259858,0.14182052493301445,0.2034333719972973,-0.0003335200423720735,0.13795317322446543,0.09514856704289569,0.18781405681932917,-0.09953119921937674,0.0039059639608788783,-0.16492390552762254,-0.03635124423409567,-0.0692784566396773,0.008067216390483236,-0.005286675093448928,0.0036063206637377563,1.476684398980649e-05
-206.88,0.92,0.025,0.009797958971132711,0.5248792922602417,0.5278473586035246,0.08826721840270578,0.1676991435946371,0.2404901045661849,-0.0003937386728740711,0.0015986416366751551,0.0008862251747790571,0.0008683708121143704,2.1318198795419883e-06,0.07470937365605018,0.14194055513850085,0.2035508245048189,-0.0003332604127206138,0.1382118895432004,0.0951545848292514,0.18792271204707744,-0.09958824584853465,0.0037713234364912807,-0.16514016838547604,-0.03641756684290199,-0.06940480841880892,0.008067216390483238,-0.005286675093448928,0.0036108138241608416,1.4776229271772237e-05
-206.72,0.92,0.025,0.009797958971132711,0.5248792922602417,0.5278473586035246,0.0885232262034048,0.16784092288468816,0.24062912337070297,-0.000393431463388762,0.0016014564480425256,0.0008860155089279038,0.0008699540134813789,2.1354646942100127e-06,0.07492605865856183,0.14206055712960006,0.203668490020963,-0.0003330003906122482,0.13847094502098178,0.09516039126346841,0.18803156429070564,-0.09964539600832654,0.003636325894164375,-0.16535659645317946,-0.03648398214307928,-0.06953133609092481,0.008067216390483238,-0.0052866750934489285,0.003615307175558359,1.4785576396788732e-05
-206.56,0.92,0.025,0.009797958971132711,0.5248792922602417,0.5278473586035246,0.08877968465045226,0.1679826684159069,0.24076839417871712,-0.0003931237894426418,0.0016042747163995262,0.0008858031883161189,0.0008715394225343602,2.1391109977303753e-06,0.07514312508814279,0.1421805305472236,0.2037863688328662,-0.000332739975384252,0.13873033991673506,0.09516598578538825,0.18814061381585714,-0.09970264983818863,0.003500970732979757,-0.16557318964167658,-0.03655049034253804,-0.0696580400474064,0.008067216390483238,-0.005286675093448927,0.003619800718802279,1.479488529000624e-05
-206.4,0.92,0.025,0.009797958971132711,0.5248792922602417,0.5278473586035246,0.08903659429714368,0.16812437976302322,0.2409079173303296,-0.00039281565024874685,0.0016070964439614478,0.0008855882065878628,0.0008731270441776055,2.1427587770748408e-06,0.07536057341310241,0.14230047503142285,0.20390446122839098,-0.00033247916637053936,0.1389900744892454,0.09517136783390984,0.188249860888848,-0.0997600074779081,0.0033652573513185103,-0.16578994786128728,-0.03661709164895446,-0.06978492067917454,0.008067216390483236,-0.005286675093448929,0.0036242944546993733,1.480415587628966e-05
-206.24,0.92,0.025,0.009797958971132711,0.5248792922602417,0.5278473586035246,0.08929395569712896,0.1682660564997494,0.24104769316650293,-0.00039250704501611383,0.001609921632941058,0.0008853705573772131,0.0008747168833093574,2.146408019126788e-06,0.07557840410204995,0.14242039022138792,0.20402276749612808,-0.0003322179629016388,0.13925014899715707,0.09517653684698842,0.18835930577666848,-0.09981746906762418,0.003229185146860902,-0.16600687102170608,-0.03668378626975692,-0.06991197837666346,0.008067216390483236,-0.005286675093448928,0.0036287883839899336,1.481338808021284e-05
-206.07999999999998,0.92,0.025,0.009797958971132711,0.5248792922602417,0.5278473586035246,0.08955176940441174,0.16840769819877827,0.24118772202906,-0.0003921979729497272,0.0016127502855485907,0.000885150234308153,0.000876308944821466,2.1500587106807073e-06,0.0757966176238941,0.14254027575544592,0.2041412879253964,-0.0003319563643046491,0.1395105636989721,0.09518149226163444,0.18846894874698372,-0.09987503474782815,0.003092753516585864,-0.16622395903200074,-0.03675057441211161,-0.07003921352979342,0.008067216390483236,-0.005286675093448928,0.0036332825073464425,1.4822581826055555e-05
-205.92,0.92,0.025,0.009797958971132711,0.5248792922602417,0.5278473586035246,0.08981003597334918,0.16854930443178173,0.24132800426068646,-0.00039188843325055914,0.001615582403991733,0.0008849272309945611,0.0008779032335990573,2.153710838441115e-06,0.07601521444784275,0.14266013127106006,0.20426002280624503,-0.00033169436990327327,0.13977131885304966,0.09518623351391248,0.18857879006813494,-0.09993270465936419,0.002955961856770773,-0.16644121180061094,-0.03681745628290854,-0.07016662652794413,0.008067216390483236,-0.005286675093448928,0.0036377768253722763,1.4831737037799459e-05
-205.76,0.92,0.025,0.009797958971132711,0.5248792922602417,0.5278473586035246,0.09006875595865135,0.16869087476940908,0.24146854020493125,-0.0003915784251155122,0.0016184179904756143,0.0008847015410402003,0.0008794997545201882,2.1573643890222776e-06,0.07623419504340251,0.14277995640482785,0.20437897242945383,-0.00033143197901776956,0.14003241471760472,0.0951907600389401,0.1886888300091405,-0.0999904789434298,0.0028188095629909757,-0.16665862923534666,-0.036884432088747095,-0.07029421775992728,0.008067216390483236,-0.0052866750934489285,0.003642271338600373,1.484085363912593e-05
-205.6,0.92,0.025,0.009797958971132711,0.5248792922602417,0.5278473586035246,0.09032792991538109,0.1688324087812855,0.24160933020620762,-0.00039126794773737273,0.0016212570472027936,0.0008844731580387069,0.0008810985124555068,2.161019348946841e-06,0.07645355988037857,0.14289975079248005,0.20449813708653414,-0.0003311691909649123,0.14029385155070742,0.09519507127088682,0.18879906883969622,-0.10004835774157603,0.002681296030119485,-0.16687621124338708,-0.036951502035921804,-0.07042198761395926,0.008067216390483236,-0.005286675093448928,0.003646766047491928,1.4849931553409667e-05
-205.44,0.92,0.025,0.009797958971132711,0.5248792922602417,0.5278473586035246,0.09058755839895334,0.16897390603601017,0.24175037460979554,-0.0003909570003048216,0.0016240995763732481,0.0008842420755735789,0.0008826995122679047,2.164675704645347e-06,0.07667330942887411,0.14301951406887903,0.20461751706973094,-0.000330906005058001,0.14055562961028176,0.09519916664297284,0.1889095068301776,-0.10010634119570856,0.002543420652326494,-0.1670939577312789,-0.037018666330407755,-0.07054993647763348,0.008067216390483236,-0.005286675093448926,0.0036512609524350444,1.485897070371665e-05
-205.28,0.92,0.025,0.009797958971132711,0.5248792922602417,0.5278473586035246,0.09084764196513483,0.169115366101155,0.2418916737618411,-0.00039064558200239486,0.0016269455801843614,0.0008840082872181669,0.0008843027588121724,2.168333442455427e-06,0.07689344415929011,0.1431392458680176,0.2047371126720223,-0.000330642420606827,0.14081774915410472,0.09520304558746828,0.18902014425163913,-0.10016442944808729,0.002405182823079175,-0.16731186860493516,-0.03708592517784611,-0.07067806473789279,0.008067216390483238,-0.005286675093448927,0.003655756053743436,1.486797101280034e-05
-205.12,0.92,0.025,0.009797958971132711,0.5248792922602417,0.5278473586035246,0.09110818117004364,0.16925678854326265,0.24203322800935811,-0.0003903336920104953,0.001629795060830911,0.0008837717865356615,0.0008859082569346457,2.1719925486208385e-06,0.07711396454232494,0.14325894582301751,0.20485692418712073,-0.0003303784369176833,0.14108021043980531,0.0952067075356917,0.18913098137581572,-0.10022262264132724,0.002266581935141153,-0.16752994376963354,-0.03715327878352929,-0.07080637278100116,0.008067216390483238,-0.005286675093448928,0.003660251351655079,1.4876932403097774e-05
-204.96,0.92,0.025,0.009797958971132711,0.5248792922602417,0.5278473586035246,0.09136917657014891,0.1693981729278452,0.24217503770023002,-0.00039002132950530867,0.0016326480205050562,0.0008835325670790829,0.0008875160114728565,2.1756530092908685e-06,0.07733487104897405,0.1433786135661282,0.2049769519094747,-0.0003301140532932933,0.14134301372486366,0.09521015191800916,0.18924201847512417,-0.100280920918399,0.0021276173805722435,-0.16774818313001516,-0.037220727352386324,-0.0709348609925159,0.008067216390483238,-0.00528667509344893,0.0036647468463308712,1.4885854796725806e-05
-204.79999999999998,0.92,0.025,0.009797958971132711,0.5248792922602417,0.5278473586035246,0.09163062872227024,0.16953951881938237,0.24231710318320918,-0.0003897084936588038,0.0016355044613963275,0.0008832906223912706,0.0008891260272551789,2.179314810519274e-06,0.07755616415052953,0.14349824872872524,0.20509719613426824,-0.00032984926903281155,0.14160615926660974,0.0952133781638332,0.18935325582266252,-0.10033932442262868,0.0019882885507279836,-0.1679665865900832,-0.03728827108896802,-0.07106352975725928,0.008067216390483238,-0.00528667509344893,0.0036692425378533253,1.4894738115476922e-05
-204.64,0.92,0.025,0.009797958971132711,0.5248792922602417,0.5278473586035246,0.09189253818357737,0.1696808257813199,0.24245942480791904,-0.00038939518363874056,0.0016383643856916128,0.0008830459460048714,0.0008907383091004659,2.1829779382636855e-06,0.0777778443185799,0.14361785094130916,0.20521765715742268,-0.00032958408343183003,0.1418696473222227,0.09521638570162157,0.18946469369221186,-0.10039783329769862,0.0018485948362593646,-0.16818515405320128,-0.03735591019743168,-0.07119237945928954,0.008067216390483236,-0.005286675093448928,0.0036737384262251803,1.4903582280816807e-05
-204.48,0.92,0.025,0.009797958971132711,0.5248792922602417,0.5278473586035246,0.09215490551158967,0.16982209337606793,0.24260200292485407,-0.00038908139860862945,0.001641227795575147,0.0008827985314423296,0.000892352861817697,2.1866423783846857e-06,0.0779999120250095,0.1437374198335039,0.2053383352755965,-0.000329318495782344,0.1421334781487295,0.09521917395887629,0.1895763323582362,-0.1004564476876475,0.0017085356271123804,-0.16840388542209225,-0.037423644881526365,-0.07132141048187265,0.008067216390483238,-0.005286675093448929,0.003678234511368101,1.4912387213880175e-05
-204.32,0.92,0.025,0.009797958971132711,0.5248792922602417,0.5278473586035246,0.09241773126417588,0.16996332116499943,0.24274483788538131,-0.0003887671377276574,0.0016440946932284987,0.0008825483722158749,0.0008939696902056127,2.1903081166450522e-06,0.07822236774199846,0.14385695503405552,0.20545923078618675,-0.0003290525053726892,0.14239765200300428,0.09522174236214238,0.18968817209588387,-0.10051516773687076,0.0015681103125276888,-0.16862278059883654,-0.03749147534457753,-0.07145062320745325,0.008067216390483236,-0.00528667509344893,0.003682730793121306,1.492115283546656e-05
-204.16,0.92,0.025,0.009797958971132711,0.5248792922602417,0.5278473586035246,0.09268101599955349,0.17010450870844848,0.24288793004173978,-0.00038845240015076497,0.001646965080830558,0.000882295461827513,0.0008955887990523507,2.193975138708876e-06,0.07844521194202207,0.1439764561708308,0.20558034398732855,-0.00032878611148760747,0.14266216914176702,0.09522409033700696,0.18980021318098686,-0.10057399359012054,0.0014273182810403337,-0.1688418394848709,-0.03755940178947175,-0.07158001801762542,0.008067216390483238,-0.0052866750934489285,0.0036872272712402364,1.4929879066038116e-05
-204.0,0.92,0.025,0.009797958971132711,0.5248792922602417,0.5278473586035246,0.09294476027628842,0.17024565556570864,0.24303127974704208,-0.0003881371850285063,0.001649838960557526,0.0008820397937690127,0.0008972101931350781,2.1976434301407194e-06,0.07866844509785052,0.1440959228708158,0.20570167517789642,-0.00032851931340812773,0.1429270298215828,0.09522621730809781,0.18991245589006217,-0.10063292539250618,0.0012861589204791477,-0.169061061980987,-0.03762742441864136,-0.07170959529310342,0.008067216390483235,-0.005286675093448929,0.003691723945395181,1.493856582571414e-05
-203.84,0.92,0.025,0.009797958971132711,0.5248792922602417,0.5278473586035246,0.09320896465329458,0.17038676129503127,0.24317488735527495,-0.00038782149150714385,0.0016527163345829005,0.0008817813615218969,0.0008988338772196241,2.2013129764049945e-06,0.07889206768254853,0.1442153547601145,0.20582322465750474,-0.0003282521104116466,0.14319223429886055,0.09522812269908268,0.19002490050031223,-0.10069196328949452,0.0011446316179666892,-0.16928044798732983,-0.03769554343404892,-0.07183935541369219,0.008067216390483236,-0.0052866750934489285,0.0036962208151699347,1.4947213034270184e-05
-203.68,0.92,0.025,0.009797958971132711,0.5248792922602417,0.5278473586035246,0.09347362968983339,0.1705278254536241,0.24331875322129887,-0.00038750531872854563,0.0016555972050774654,0.0008815201585574303,0.0009004598560601057,2.2049837628647243e-06,0.07911608016947498,0.14433475146394745,0.20594499272650738,-0.00032798450177184106,0.14345778282985228,0.09522980593266783,0.19013754728962465,-0.10075110742690968,0.0010027357599186291,-0.16949999740339639,-0.03776375903717164,-0.07196929875825755,0.008067216390483236,-0.005286675093448929,0.0037007178800604335,1.4955820611131705e-05
-203.51999999999998,0.92,0.025,0.009797958971132711,0.5248792922602417,0.5278473586035246,0.09373875594551342,0.1706688475976494,0.24346287770084923,-0.0003871886658301619,0.0016584815742092783,0.000881256178336609,0.0009020881343985583,2.2086557747812503e-06,0.07934048303228257,0.14445411260665045,0.2060669796859988,-0.00032771648675864904,0.1437236756706518,0.09523126643059719,0.1902503965365732,-0.10081035795093346,0.0008604707320434971,-0.16971971012803425,-0.03783207142898583,-0.07209942570469671,0.008067216390483238,-0.005286675093448931,0.0037052151394734085,1.4964388475372761e-05
-203.35999999999999,0.92,0.025,0.009797958971132711,0.5248792922602417,0.5278473586035246,0.0940043439802899,0.17080982728222227,0.24360726115053616,-0.0003868715319450626,0.0016613694441436572,0.0008809894143101498,0.0009037187169645519,2.212328997312878e-06,0.07956527674491737,0.14457343781167295,0.20618918583781382,-0.000327448064638301,0.14398991307719394,0.09523250361365102,0.19036344852041742,-0.10086971500810545,0.0007178359193423527,-0.16993958605944,-0.03790048080995074,-0.07222973662990745,0.008067216390483236,-0.005286675093448932,0.0037097125927249945,1.4972916545711343e-05
-203.2,0.92,0.025,0.009797958971132711,0.5248792922602417,0.5278473586035246,0.0942703943544643,0.17095076406140922,0.24375190392784554,-0.0003865539162018445,0.0016642608170431693,0.0008807198599184782,0.0009053516084748179,2.2160034155144627e-06,0.07979046178161858,0.14469272670157676,0.20631161148452848,-0.0003271792346732412,0.14425649530525345,0.09523351690164493,0.19047670352110374,-0.10092917874532313,0.0005748307061083086,-0.17015962509515808,-0.03796898737999299,-0.07236023190975842,0.008067216390483236,-0.005286675093448929,0.003714210239039372,1.4981404740506543e-05
-203.04,0.92,0.025,0.009797958971132711,0.5248792922602417,0.5278473586035246,0.09453690762868382,0.17109165748822638,0.24389680639113798,-0.0003862358177246758,0.0016671556950676194,0.000880447508591719,0.0009069868136328663,2.2196790143363182e-06,0.08001603861691799,0.14481197889803482,0.2064342569294592,-0.0003269099961221656,0.14452342261044385,0.09523430571342884,0.1905901618192645,-0.10098874930984178,0.0004314544759262523,-0.17037982713207894,-0.03803759133849047,-0.07249091191905851,0.008067216390483236,-0.00528667509344893,0.0037187080775474193,1.498985297775528e-05
-202.88,0.92,0.025,0.009797958971132711,0.5248792922602417,0.5278473586035246,0.09480388436394108,0.17123250711463786,0.24404196889965019,-0.00038591723563319226,0.0016700540803740354,0.0008801723537496841,0.0009086243371285996,2.223355778623472e-06,0.08024200772563973,0.1449311940218295,0.20655712247666394,-0.00032664034823993396,0.14479069524821653,0.09523486946688565,0.1907038236962191,-0.10104842684927469,0.00028770661167250815,-0.17060019206643798,-0.03810629288425613,-0.07262177703152602,0.008067216390483236,-0.00528667509344893,0.003723206107285303,1.499826117508791e-05
-202.72,0.92,0.025,0.009797958971132711,0.5248792922602417,0.5278473586035246,0.09507132512157355,0.17137331249155405,0.24418739181349391,-0.0003855981690425627,0.0016729559751166578,0.0008798943888018622,0.0009102641836379298,2.227033693114829e-06,0.08046836958289987,0.14505037169285134,0.20668020843094126,-0.00032637029027762505,0.1450583134738597,0.0952352075789303,0.19081768943397312,-0.10110821151159297,0.00014358649551439491,-0.17082071979381389,-0.038175092215521914,-0.07275282761975797,0.008067216390483236,-0.0052866750934489285,0.0037277043271931386,1.5006629249766381e-05
-202.56,0.92,0.025,0.009797958971132711,0.5248792922602417,0.5278473586035246,0.0953392304632632,0.1715140731688302,0.24433307549365665,-0.0003852786170634183,0.0016758613814469268,0.0008796136071474071,0.0009119063578223874,2.2307127424423193e-06,0.08069512466410599,0.14516951153009788,0.20680351509783101,-0.00032609982148247725,0.14532627754249744,0.0952353194655087,0.19093175931521894,-0.10116810344512565,-9.064910900780534e-07,-0.17104141020912716,-0.038243989529922376,-0.072884064055199,0.008067216390483235,-0.005286675093448926,0.003732202736113589,1.5014957118680043e-05
-202.4,0.92,0.025,0.009797958971132711,0.5248792922602417,0.5278473586035246,0.09560760095103593,0.17165478869526438,0.2444790203020014,-0.0003849585788017882,0.0016787703015134707,0.0008793300021751275,0.0009135508643287306,2.2343929111299462e-06,0.08092227344495681,0.14528861315167177,0.20692704278361398,-0.00032582894109783357,0.1455945877090884,0.0952352045415964,0.19104603362333566,-0.10122810279855966,-0.00014577296739263582,-0.17126226320663887,-0.03831298502447826,-0.07301548670810996,0.008067216390483235,-0.0052866750934489285,0.0037367013327904933,1.5023244698341324e-05
-202.24,0.92,0.025,0.009797958971132711,0.5248792922602417,0.5278473586035246,0.0958764371472613,0.17179545861859624,0.24462522660126623,-0.00038463805335920385,0.0016816827374620908,0.0008790435672634758,0.0009151977077885501,2.2380741835932833e-06,0.08114981640144196,0.14540767617477987,0.20705079179531174,-0.00032555764836323016,0.14586324422842517,0.09523486222119769,0.19116051264238845,-0.10128820972093962,-0.0002910135533549287,-0.17148327867994897,-0.038382078895579895,-0.07314709594753649,0.008067216390483235,-0.005286675093448929,0.0037412001158674754,1.5031491904885757e-05
-202.07999999999998,0.92,0.025,0.009797958971132711,0.5248792922602417,0.5278473586035246,0.0961457396146519,0.17193608248550502,0.2447716947550644,-0.00038431703983254174,0.0016845986914357529,0.0008787542957805373,0.000916846892817877,2.241756544138151e-06,0.08137775400984137,0.14552670021573144,0.20717476244068653,-0.00032528594251426333,0.14613224735513286,0.09523429191734432,0.19127519665712897,-0.1013484243616678,-0.0004366288696490788,-0.17170445652199492,-0.03845127133897081,-0.0732788921412776,0.008067216390483233,-0.005286675093448928,0.00374569908388658,1.5039698654064807e-05
-201.92,0.92,0.025,0.009797958971132711,0.5248792922602417,0.5278473586035246,0.09641550891626298,0.17207665984160803,0.24491842512788328,-0.0003839955373140796,0.0016875181655745717,0.000878462181084018,0.0009184984240167804,2.245439976960115e-06,0.081606086746725,0.14564568488993704,0.20729895502824042,-0.00032501382278263697,0.14640159734366825,0.0952334930420946,0.19139008595299445,-0.10140874687050372,-0.0005826195376579665,-0.1719257966250504,-0.03852056254973077,-0.07341087565585351,0.008067216390483235,-0.0052866750934489285,0.003750198235286871,1.504786486124529e-05
-201.76,0.92,0.025,0.009797958971132711,0.5248792922602417,0.5278473586035246,0.09668574561549201,0.1722171902314591,0.2450654180850852,-0.0003836735448914657,0.0016904411620158003,0.0008781672165212357,0.0009201523059689686,2.2491244661435583e-06,0.08183481508895243,0.145764629811907,0.20742336986721613,-0.0003247412883961366,0.14667129444831878,0.09523246500653203,0.1915051808161083,-0.1014691773975646,-0.0007289861794755598,-0.17214729888072355,-0.03858995272225909,-0.07354304685647388,0.008067216390483235,-0.005286675093448927,0.003754697568403041,1.505599044140564e-05
-201.6,0.92,0.025,0.009797958971132711,0.5248792922602417,0.5278473586035246,0.0969564502760781,0.17235767319854667,0.24521267399290564,-0.00038335106164763734,0.0016933676828938167,0.0008778693954291071,0.0009218085432413814,2.2528099956607494e-06,0.08206393951367251,0.14588353459524991,0.20754800726759534,-0.0003244683385785603,0.14694133892320138,0.09523120722076445,0.19162048153327868,-0.10152971609332427,-0.0008757294179073309,-0.17236896317995576,-0.038659442050257495,-0.07367540610700504,0.008067216390483235,-0.0052866750934489285,0.0037591970814640193,1.506407530913166e-05
-201.44,0.92,0.025,0.009797958971132711,0.5248792922602417,0.5278473586035246,0.09722762346210174,0.17249810828529236,0.24536019321845362,-0.00038302808666090707,0.0016962977303401107,0.0008775687111341385,0.0009234671403837914,2.256496549371061e-06,0.08229346049832292,0.14600239885267147,0.20767286754009914,-0.00032419497254979176,0.1472117310222615,0.0952297190939227,0.191735988391999,-0.10159036310861365,-0.0010228498764704302,-0.17259078941302003,-0.03872903072671342,-0.07380795376993834,0.008067216390483233,-0.005286675093448927,0.003763696772591594,1.5072119378615304e-05
-201.28,0.92,0.025,0.009797958971132711,0.5248792922602417,0.5278473586035246,0.0974992657379842,0.17263849503304912,0.24550797612971068,-0.0003827046190048543,0.0016992313064832735,0.0008772651569524126,0.0009251281019283893,2.2601841110201357e-06,0.08252337852062984,0.1461212221959728,0.20779795099618711,-0.0003239211895257087,0.14748247099927214,0.09522800003415957,0.19185170168044685,-0.1016511185946201,-0.001170348179394379,-0.1728127774695197,-0.0387987189438826,-0.0739406902063569,0.008067216390483233,-0.005286675093448927,0.0037681966397990004,1.5080122563650362e-05
-201.12,0.92,0.025,0.009797958971132711,0.5248792922602417,0.5278473586035246,0.09777137766848704,0.17277883298209956,0.24565602309552975,-0.0003823806577483287,0.001702168413448983,0.0008769587261895797,0.0009267914323893748,2.2638726642388794e-06,0.08275369405860743,0.14624000423604908,0.20792325794805638,-0.0003236469887181854,0.14775355910783253,0.09522604944864867,0.1919676216874834,-0.10171198270288713,-0.0013182249516210888,-0.1730349272383867,-0.03886850689327184,-0.07407361577590287,0.008067216390483233,-0.005286675093448927,0.0037726966809895337,1.5088084777629217e-05
-200.96,0.92,0.025,0.009797958971132711,0.5248792922602417,0.5278473586035246,0.09804395981871171,0.17291912167165457,0.2458043344856356,-0.0003820562019554596,0.0017051090533599918,0.0008766494121408458,0.0009284571362625453,2.2675621925427603e-06,0.0829844075905576,0.14635874458288844,0.208048788708642,-0.000323372369335101,0.14802499560136737,0.09522386674358349,0.1920837487026536,-0.10177295558531436,-0.0014664808188053536,-0.17325723860788037,-0.03893839476562189,-0.0742067308367447,0.008067216390483235,-0.005286675093448928,0.0037771968939551426,1.5096005933540876e-05
-200.79999999999998,0.92,0.025,0.009797958971132711,0.5248792922602417,0.5278473586035246,0.09831701275409914,0.17305936063985133,0.24595291067062164,-0.0003817312506855596,0.0017080532283361154,0.0008763372080909613,0.0009301252180248763,2.2712526793311168e-06,0.08321551959506951,0.14647744284557018,0.20817454359161416,-0.00032309733058025767,0.14829678073312574,0.09522145132417609,0.19220008301618371,-0.1018340373941563,-0.0016151164073152336,-0.17347971146558586,-0.03900838275088966,-0.07434003574554353,0.008067216390483233,-0.005286675093448927,0.003781697276375045,1.5103885943967666e-05
-200.64,0.92,0.025,0.009797958971132711,0.5248792922602417,0.5278473586035246,0.09859053704042911,0.17319954942375168,0.24610175202195214,-0.00038140580299319757,0.0017110009404942184,0.0008760221073142102,0.0009317956821341075,2.2749441078856983e-06,0.08344703055101921,0.14659609863226342,0.2083005229113803,-0.00032282187165344245,0.14856891475617978,0.09521880259465587,0.19231662491898305,-0.10189522828202319,-0.0017641323442323402,-0.17370234569841259,-0.03907847103823098,-0.07447353085742008,0.008067216390483235,-0.005286675093448925,0.0037861978258143018,1.5111724721081085e-05
-200.48,0.92,0.025,0.009797958971132711,0.5248792922602417,0.5278473586035246,0.09886453324381987,0.1733396875593406,0.24625085891195833,-0.0003810798579281345,0.001713952191948203,0.0008757041030743994,0.0009334685330283178,2.2786364613704525e-06,0.08367894093756914,0.1467147115502259,0.20842672698308154,-0.00032254599175037305,0.14884139792342388,0.0952159199582689,0.19243337470264102,-0.10195652840187949,-0.0019135292573522272,-0.17392514119259292,-0.039148659815982735,-0.07460721652592078,0.008067216390483235,-0.005286675093448926,0.0037906985397224316,1.5119522176641064e-05
-200.32,0.92,0.025,0.009797958971132711,0.5248792922602417,0.5278473586035246,0.09913900193072768,0.1734797745815244,0.2464002317138385,-0.00038075341453527883,0.0017169069848089944,0.0008753831886248474,0.0009351437751255042,2.2823297228304177e-06,0.08391125123416791,0.14683328120580225,0.20855315612259293,-0.00032226969006266004,0.14911423048757358,0.09521280281727623,0.1925503326594271,-0.10201793790704385,-0.0020633077751846763,-0.17414809783368046,-0.03921894927164515,-0.07474109310298406,0.008067216390483233,-0.005286675093448925,0.0037951994154319965,1.5127278221991645e-05
-200.16,0.92,0.025,0.009797958971132711,0.5248792922602417,0.5278473586035246,0.09941394366794629,0.1736198100241291,0.24654987080165694,-0.00038042647185470283,0.001719865321184531,0.0008750593572083732,0.0009368214128231585,2.2860238751906626e-06,0.08414396192054974,0.14695180720442289,0.20867981064652244,-0.0003219929657778205,0.14938741270116446,0.0952094505729533,0.19266749908228994,-0.10207945695118845,-0.0022134685269541315,-0.17437121550654888,-0.039289339591864064,-0.07487516093890652,0.008067216390483235,-0.005286675093448928,0.003799700450157212,1.513499276805794e-05
-200.0,0.92,0.025,0.009797958971132711,0.5248792922602417,0.5278473586035246,0.09968935902260655,0.17375979341989867,0.24669977655034195,-0.00038009902892162655,0.0017228272031797481,0.0008747326020572855,0.0009385014504978332,2.289718901255613e-06,0.08437707347673419,0.14707028915060225,0.20880669087220943,-0.00032171581807926474,0.14966094481655112,0.09520586262558826,0.1927848742648562,-0.10214108568833856,-0.002364012142599977,-0.17459449409539018,-0.03935983096241271,-0.07500942038230829,0.008067216390483236,-0.005286675093448927,0.003804201640992508,1.5142665725344153e-05
-199.84,0.92,0.025,0.009797958971132711,0.5248792922602417,0.5278473586035246,0.09996524856217574,0.1738997243004935,0.24684994933568516,-0.00037977108476637403,0.0017257926328965686,0.0008744029163933712,0.0009401838925047178,2.293414783708463e-06,0.08461058638302556,0.1471887266479377,0.20893379711772392,-0.000321438246146259,0.14993482708590597,0.09520203837448148,0.1929024585014295,-0.10220282427287196,-0.0025149392527769343,-0.17481793348371327,-0.039430423568173875,-0.07514387178009913,0.008067216390483233,-0.005286675093448925,0.0038087029849111493,1.5150297003931595e-05
-199.68,0.92,0.025,0.009797958971132711,0.5248792922602417,0.5278473586035246,0.1002416128544573,0.17403960219648854,0.24700038953433898,-0.0003794426384143593,0.0017287616124338876,0.0008740702934278851,0.0009418687431771998,2.2971115051096024e-06,0.08484450112001267,0.1473071192991079,0.20906112970186452,-0.0003211602491539137,0.15020905976121834,0.09519797721794393,0.19302025208698892,-0.1022646728595179,-0.002666250488855361,-0.17504153355434257,-0.039501117593121554,-0.07527851547744335,0.008067216390483233,-0.005286675093448925,0.003813204478763815,1.5157886513473252e-05
-199.51999999999998,0.92,0.025,0.009797958971132711,0.5248792922602417,0.5278473586035246,0.10051845246759022,0.1741794266373718,0.2471510975238166,-0.0003791136888860926,0.0017317341438875613,0.0008737347263615387,0.0009435560068264368,2.300809047896458e-06,0.08507881816856837,0.1474254667058715,0.20918868894415837,-0.0003208818262731888,0.15048364309429335,0.09519367855329632,0.19313825531718856,-0.10232663160335721,-0.002817946482921619,-0.17526529418941647,-0.039571913220302936,-0.07541335181772568,0.008067216390483235,-0.005286675093448926,0.003817706119277188,1.516543416319425e-05
-199.35999999999999,0.92,0.025,0.009797958971132711,0.5248792922602417,0.5278473586035246,0.10079576797004856,0.1743191971515424,0.24730207368248852,-0.000378784235197133,0.001734710229350393,0.0008733962083844884,0.000945245687740908,2.304507394382223e-06,0.0853135380098491,0.1475437684690655,0.2093164751648583,-0.00032060297667085337,0.15075857733675074,0.09518914177686778,0.1932564684883552,-0.10238870065982071,-0.002970027867778426,-0.17548921527038572,-0.0396428106318196,-0.07554838114251537,0.008067216390483235,-0.005286675093448928,0.00382220790305253,1.5172939861887271e-05
-199.2,0.92,0.025,0.009797958971132711,0.5248792922602417,0.5278473586035246,0.10107355993064104,0.17445891326630925,0.24745331838958243,-0.0003784542763580892,0.0017376898709121204,0.0008730547326763255,0.0009469377901859816,2.308206526755013e-06,0.08554866112529458,0.14766202418860416,0.2094444886849426,-0.0003203236995094867,0.15103386274002395,0.095184366283995,0.19337489189748805,-0.10245088018468926,-0.0031224952769451472,-0.1757132966780121,-0.039713810008809323,-0.07568360379153159,0.008067216390483233,-0.005286675093448925,0.0038267098265642755,1.5180403517910263e-05
-199.04,0.92,0.025,0.009797958971132711,0.5248792922602417,0.5278473586035246,0.10135182891851047,0.174598574507889,0.24760483202517947,-0.00037812381137457995,0.0017406730706594031,0.0008727102924060642,0.0009486323184034738,2.3119064270772545e-06,0.08578418799662726,0.14778023346347724,0.20957272982611191,-0.0003200439939474445,0.15130949955535894,0.09517935146902086,0.19349352584225576,-0.1025131703340921,-0.00327534934465824,-0.17593753829236686,-0.03978491153142766,-0.07581902010260831,0.008067216390483233,-0.005286675093448925,0.00383121188615865,1.5187825039184758e-05
-198.88,0.92,0.025,0.009797958971132711,0.5248792922602417,0.5278473586035246,0.1016305755031332,0.17473818040140443,0.24775661497021456,-0.00037779283924727156,0.0017436598306758099,0.0008723628807321311,0.0009503292766111949,2.315607077284359e-06,0.08602011910585194,0.14789839589174872,0.20970119891078962,-0.00031976385913889065,0.151585488033813,0.09517409672529337,0.19361237062099687,-0.10257557126450713,-0.003428590705871504,-0.17616193999282923,-0.03985611537882874,-0.07595463041165793,0.008067216390483235,-0.005286675093448926,0.003835714078052186,1.5195204333192157e-05
-198.72,0.92,0.025,0.009797958971132711,0.5248792922602417,0.5278473586035246,0.10190980025431881,0.174877730470883,0.2479086676064724,-0.00037746135897177347,0.0017466501530418045,0.0008720124908023546,0.0009520286690025085,2.3193084591844497e-06,0.08625645493525544,0.14801651107055538,0.20982989626211826,-0.0003194832942337091,0.15186182842625384,0.09516860144516465,0.1937314265327166,-0.10263808313275902,-0.003582219996256403,-0.17638650165808484,-0.0399274217291469,-0.0760904350526361,0.008067216390483235,-0.005286675093448925,0.0038402163983303644,1.5202541306972525e-05
-198.56,0.92,0.025,0.009797958971132711,0.5248792922602417,0.5278473586035246,0.10218950374220946,0.17501722423925495,0.24806099031658635,-0.0003771293695386997,0.0017496440398347343,0.0008716591157539526,0.0009537304997458828,2.3230105544569154e-06,0.0864931959674061,0.1481345785961054,0.2099588222039587,-0.00031920229837755545,0.15213852098335862,0.09516286501998976,0.19385069387708587,-0.10270070609601892,-0.003736237852202533,-0.17661122316612438,-0.03999883075947779,-0.07622643435750585,0.008067216390483233,-0.005286675093448923,0.003844718842946188,1.5209835867121001e-05
-198.4,0.92,0.025,0.009797958971132711,0.5248792922602417,0.5278473586035246,0.10246968653727942,0.17515666122835147,0.24821358348403538,-0.0003767968699336375,0.0017526414931288163,0.0008713027487135224,0.0009554347729844294,2.3267133446517324e-06,0.08673034268515331,0.1482525980636767,0.21008797706088755,-0.0003189208707118308,0.1524155659556124,0.09515688684012548,0.1939701729544391,-0.10276344031180316,-0.00389064491081783,-0.17683610439424194,-0.040070342645859,-0.07636262865620076,0.008067216390483233,-0.005286675093448924,0.00384922140771874,1.5217087919785977e-05
-198.24,0.92,0.025,0.009797958971132711,0.5248792922602417,0.5278473586035246,0.10275034921033464,0.1752960409589033,0.24836644749314313,-0.00037646385913708597,0.0017556425149951242,0.0008709433827970294,0.0009571414928354597,2.330416811188967e-06,0.08696789557162725,0.14837056906761575,0.21021736115819636,-0.0003186390103736296,0.15269296359330756,0.09515066629492921,0.1940898640657735,-0.10282628593797279,-0.004045441809928952,-0.17706114521903366,-0.040141957563251486,-0.0764990182765895,0.008067216390483233,-0.005286675093448923,0.0038537240883317926,1.5224297370667563e-05
-198.07999999999998,0.92,0.025,0.009797958971132711,0.5248792922602417,0.5278473586035246,0.1030314923325121,0.17543536295053883,0.24851958272907362,-0.00037613033612450255,0.001758647107501575,0.0008705810111097963,0.0009588506633900172,2.3341209353572756e-06,0.08720585511023825,0.14848849120133606,0.21034697482188794,-0.000318356716495779,0.15297071414654226,0.09514420277275801,0.19420976751274538,-0.10288924313273173,-0.004200629188081621,-0.1772863455163959,-0.04021367568551986,-0.07663560354443845,0.008067216390483233,-0.005286675093448924,0.00385822688033237,1.5231464125013787e-05
-197.92,0.92,0.025,0.009797958971132711,0.5248792922602417,0.5278473586035246,0.1033131164752795,0.1755746267217825,0.24867298957783018,-0.00037579629986623717,0.0017616552727129173,0.0008702156267464911,0.0009605622887124237,2.33782569831326e-06,0.08744422178467658,0.14860636405731673,0.2104768183786755,-0.00031807398820678316,0.15324881786521982,0.09513749566096727,0.1943298835976697,-0.1029523120546266,-0.004356207684540996,-0.17751170516152426,-0.040285497185413445,-0.07677238478337546,0.008067216390483231,-0.005286675093448924,0.003862729779129342,1.5238588087618466e-05
-197.76,0.92,0.025,0.009797958971132711,0.5248792922602417,0.5278473586035246,0.10359522221043455,0.17571383179005293,0.24882666842625217,-0.00037546174932755454,0.0017646670126907167,0.0008698472227911172,0.0009622763728398165,2.3415310810809064e-06,0.0876829960789118,0.14872418722710082,0.21060689215597986,-0.00031779082463084216,0.15352727499904711,0.0951305443459096,0.19445021262351753,-0.10301549286254504,-0.004512177939291925,-0.1777372240289115,-0.04035742223454672,-0.07690936231485286,0.00806721639048323,-0.005286675093448924,0.003867232779992001,1.5245669162820865e-05
-197.6,0.92,0.025,0.009797958971132711,0.5248792922602417,0.5278473586035246,0.10387781011010463,0.17585297767166141,0.24898061966201213,-0.0003751266834686313,0.001767682329493343,0.0008694757923170017,0.0009639929197816839,2.345237064550357e-06,0.08792217847719257,0.14884196030129423,0.21073719648192707,-0.0003175072248878495,0.15380608579753388,0.09512334821293385,0.19457075489391346,-0.10307878571571463,-0.004668540593039339,-0.17796290199234643,-0.040429451003379926,-0.07704653645811037,0.008067216390483233,-0.005286675093448924,0.0038717358780486506,1.5252707254502324e-05
-197.44,0.92,0.025,0.009797958971132711,0.5248792922602417,0.5278473586035246,0.10416088074674612,0.17599206388181016,0.2491348436736132,-0.0003747911012444596,0.0017707012251759573,0.0008691013283867843,0.0009657119335193933,2.348943629477031e-06,0.08816176946404593,0.14895968286956413,0.2108677316853462,-0.0003172231880933106,0.15408525050999133,0.09511590664638388,0.19469151071313381,-0.10314219077370194,-0.004825296287208555,-0.1781887389249121,-0.0405015836611992,-0.07718390753013736,0.00806721639048323,-0.005286675093448924,0.0038762390682851636,1.5259702266082825e-05
-197.28,0.92,0.025,0.009797958971132711,0.5248792922602417,0.5278473586035246,0.10444443469314407,0.17613108993459037,0.24928934085038643,-0.00037445500160495157,0.0017737237017904988,0.0008687238240524063,0.0009674334180057311,2.3526507564809796e-06,0.08840176952427714,0.1490773545206373,0.21099849809576707,-0.00031693871335843104,0.1543647693855312,0.09510821902959736,0.19481248038610466,-0.10320570819641124,-0.004982445663945648,-0.1784147346989846,-0.04057382037609727,-0.07732147584563609,0.008067216390483233,-0.005286675093448923,0.003880742345543596,1.5266654100521728e-05
-197.12,0.92,0.025,0.009797958971132711,0.5248792922602417,0.5278473586035246,0.1047284725224115,0.17627005534298096,0.24944411158248672,-0.00037411838349482487,0.0017767497613856717,0.0008683432723550996,0.0009691573771644211,2.3563584260457637e-06,0.0886421791429691,0.1491949748422991,0.21112949604341677,-0.00031665379979001977,0.15464464267306463,0.09510028474490487,0.19493366421839844,-0.10326933814408282,-0.0051399893661177865,-0.17864088918623125,-0.04064616131495322,-0.07745924171698325,0.008067216390483231,-0.0052866750934489224,0.003885245704520739,1.5273562660313223e-05
-196.96,0.92,0.025,0.009797958971132711,0.5248792922602417,0.5278473586035246,0.10501299480798901,0.17640895961884637,0.24959915626089105,-0.00037378124585367965,0.0017797794060069312,0.0008679596663253754,0.0009708838148896582,2.360066618517786e-06,0.0888829988054819,0.14931254342139158,0.21126072585921818,-0.00031636844649055447,0.154924870621301,0.09509210317362841,0.1950550625162326,-0.10333308077729242,-0.005297928037313457,-0.17886720225760908,-0.04071860664341296,-0.07759720545419271,0.008067216390483233,-0.005286675093448923,0.0038897491397667204,1.528042784748656e-05
-196.79999999999998,0.92,0.025,0.009797958971132711,0.5248792922602417,0.5278473586035246,0.10529800212364415,0.17654780227293515,0.24975447527739408,-0.0003734435876159012,0.0017828126376964715,0.000867572998983014,0.0009726127350456261,2.363775314105305e-06,0.08912422899745241,0.14943005984381233,0.21139218787478636,-0.0003160826525580988,0.15520545347874676,0.09508367369608071,0.19517667558646645,-0.10339693625694925,-0.005456262321842925,-0.17909367378336363,-0.040791156525868885,-0.07773536736487695,0.008067216390483233,-0.0052866750934489224,0.003894252645683573,1.5287249563602417e-05
-196.64,0.92,0.025,0.009797958971132711,0.5248792922602417,0.5278473586035246,0.10558349504347105,0.17668658281487817,0.2499100690246052,-0.00037310540771072145,0.0017858494584932112,0.0008671832633370519,0.0009743441414660226,2.367484492877451e-06,0.0893658702047939,0.1495475236945129,0.21152388242242584,-0.0003157964170863546,0.15548639149370452,0.09507499569156369,0.19529850373659835,-0.10346090474429474,-0.005614992864738504,-0.17932030363302703,-0.04086381112544006,-0.07787372775420917,0.008067216390483231,-0.0052866750934489224,0.003898756216523828,1.529402770975175e-05
-196.48,0.92,0.025,0.009797958971132711,0.5248792922602417,0.5278473586035246,0.1058694741418897,0.17682530075318684,0.2500659378959451,-0.00037276670506216465,0.0017888898704327809,0.0008667904523857726,0.0009760780379535754,2.3711941347635443e-06,0.08960792291369545,0.14966493455749735,0.21165580983512794,-0.0003155097391646162,0.15576768491427173,0.09506606853836759,0.19542054727476357,-0.10352498640090133,-0.005774120311754895,-0.17954709167541671,-0.040936570603951804,-0.07801228692488456,0.008067216390483231,-0.005286675093448921,0.0039032598463890895,1.5300762186554074e-05
-196.32,0.92,0.025,0.009797958971132711,0.5248792922602417,0.5278473586035246,0.10615593999364564,0.17696395559525144,0.250222082285642,-0.00037242747858904317,0.001791933875547509,0.0008663945591166942,0.0009778144282795583,2.3749042195521953e-06,0.08985038761062168,0.14978229201582083,0.21178797044656741,-0.00031522261787776613,0.1560493339883396,0.0950568916137697,0.19554280650973085,-0.10358918138867058,-0.005933645309369494,-0.17977403777863368,-0.041009435121915384,-0.0781510451770817,0.008067216390483231,-0.0052866750934489224,0.003907763529228615,1.5307452894155746e-05
-196.16,0.92,0.025,0.009797958971132711,0.5248792922602417,0.5278473586035246,0.10644289317380924,0.17710254684733942,0.2503785025887283,-0.0003720877272049667,0.0017949814758664096,0.0008659955765065591,0.0009795533161833095,2.378614726890266e-06,0.09009326478231215,0.14989959565158809,0.21192036459109964,-0.00031493505230628384,0.15633133896359205,0.09504746429403331,0.19566528175090026,-0.10365348986983208,-0.006093568504782756,-0.18000114181006124,-0.04108240483850785,-0.07829000280842398,0.008067216390483231,-0.0052866750934489224,0.003912267258837916,1.5314099732227918e-05
-196.0,0.92,0.025,0.009797958971132711,0.5248792922602417,0.5278473586035246,0.10673033425777526,0.1772410740145936,0.2505351992010364,-0.0003717474498183276,0.0017980326734151674,0.0008655934975213222,0.000981294705371735,2.382325636282214e-06,0.09033655491578098,0.15001684504595203,0.2120529926037572,-0.0003146470415262325,0.1566137000875045,0.09503778595440653,0.1957879733082995,-0.1037179120069416,-0.006253890545918492,-0.18022840363636317,-0.04115547991155107,-0.0784291601139401,0.008067216390483231,-0.005286675093448922,0.0039167710288573075,1.532070259996563e-05
-195.84,0.92,0.025,0.009797958971132711,0.5248792922602417,0.5278473586035246,0.10701826382126232,0.1773795366010306,0.25069217251919484,-0.0003714066453322719,0.0018010874702161256,0.0008651883151161408,0.0009830385995188286,2.38603692708895e-06,0.09058025849831644,0.1501340397791123,0.21218585482024652,-0.000314358584609235,0.15689641760734285,0.09502785596912118,0.19591088149258123,-0.1037824479628794,-0.006414612081424152,-0.1804558231234824,-0.04122866049749172,-0.0785685173860255,0.00806721639048323,-0.005286675093448921,0.0039212748327705485,1.5327261396084954e-05
-195.68,0.92,0.025,0.009797958971132711,0.5248792922602417,0.5278473586035246,0.10730668244031231,0.17751793410953887,0.25084942294062457,-0.0003710653126447359,0.0018041458682882723,0.0008647800222353619,0.0009847850022651687,2.389748578527206e-06,0.09082437601748035,0.1502511794303137,0.21231895157694464,-0.0003140696806225045,0.15717949177016216,0.09501767371139169,0.1960340066150199,-0.10384709790084885,-0.006575733760671308,-0.18068340013663933,-0.04130194675138004,-0.07870807491440228,0.00806721639048323,-0.005286675093448922,0.0039257786639033685,1.5333776018823023e-05
-195.51999999999998,0.92,0.025,0.009797958971132711,0.5248792922602417,0.5278473586035246,0.10759559069128996,0.1776562660418771,0.2510069508635341,-0.0003707234506483911,0.0018072078696472263,0.0008643686118125127,0.0009865339172174304,2.3934605696685792e-06,0.09106890796110782,0.15036826357784477,0.21245228321089527,-0.00031378032862879827,0.15746292282280575,0.0950072385534138,0.19615734898750814,-0.10391186198437433,-0.006737256233755778,-0.1809111345403304,-0.04137533882684936,-0.07884783298608025,0.008067216390483231,-0.0052866750934489224,0.003930282515422107,1.534024636593559e-05
-195.35999999999999,0.92,0.025,0.009797958971132711,0.5248792922602417,0.5278473586035246,0.10788498915088214,0.17779453189867256,0.25116475668691657,-0.0003703810582306701,0.001810273476305224,0.000863954076770289,0.0009882853479478812,2.3971728794385455e-06,0.09131385481730665,0.15048529179903647,0.21258585005980618,-0.0003134905276864392,0.15774671101190385,0.09499654986636363,0.19628090892255434,-0.10397674037729997,-0.006899180151498019,-0.1811390261983264,-0.04144883687609498,-0.07898779188531654,0.008067216390483231,-0.0052866750934489224,0.003934786380332246,1.5346672334695508e-05
-195.2,0.92,0.025,0.009797958971132711,0.5248792922602417,0.5278473586035246,0.10817487839609749,0.1779327311794193,0.25132284081054374,-0.0003700381342737286,0.0018133426902711062,0.0008635364100205432,0.0009900392979938874,2.400885486615814e-06,0.09155921707445693,0.1506022636702605,0.21271965246204422,-0.00031320027684928386,0.15803085658387267,0.09498560702039648,0.1964046867332781,-0.10404173324378731,-0.007061506165443563,-0.18136707497367105,-0.041522441049853386,-0.07912795189357624,0.008067216390483228,-0.005286675093448922,0.0039392902514770595,1.5353053821891995e-05
-195.04,0.92,0.025,0.009797958971132711,0.5248792922602417,0.5278473586035246,0.10846525900426573,0.17807086338247624,0.2514812036349632,-0.0003696946776544889,0.0018164155135503039,0.0008631156044642741,0.0009917957708574072,2.4045983698312054e-06,0.09180499522121052,0.1507191787669279,0.21285369075663285,-0.00031290957516675943,0.15831535978491298,0.0949744093846456,0.1965286827334079,-0.10410684074831397,-0.007224234927863176,-0.18159528072867934,-0.04159615149738099,-0.07926831328949184,0.00806721639048323,-0.005286675093448922,0.003943794121536156,1.5359390723828912e-05
-194.88,0.92,0.025,0.009797958971132711,0.5248792922602417,0.5278473586035246,0.1087561315530372,0.17820892800506577,0.25163984556149155,-0.0003693506872446005,0.001819491948144825,0.0008626916529916161,0.0009935547700044886,2.4083115075668986e-06,0.0920511897464907,0.1508360366634877,0.21298796528324646,-0.00031261842168382986,0.15860022086100933,0.09496295632722121,0.1966528972372758,-0.104172063055671,-0.0073873670917532115,-0.1818236433249361,-0.041669968366433045,-0.07940887634882317,0.008067216390483226,-0.005286675093448919,0.003948297983024111,1.5365682936323632e-05
-194.72,0.92,0.025,0.009797958971132711,0.5248792922602417,0.5278473586035246,0.10904749662038224,0.17834692454327167,0.2517987669922124,-0.0003690061619104374,0.0018225719960532406,0.0008622645484818264,0.000995316298864759,2.412024878155583e-06,0.09229780113949153,0.15095283693342515,0.21312247638220858,-0.0003123268154409942,0.15888544005792848,0.09495124721520914,0.19677733055981594,-0.10423740033096192,-0.0075509033108360655,-0.1820521626232944,-0.04174389180324221,-0.0795496413444166,0.008067216390483226,-0.005286675093448922,0.003952801828289018,1.5371930354705763e-05
-194.56,0.92,0.025,0.009797958971132711,0.5248792922602417,0.5278473586035246,0.10933935478459081,0.1784848524920377,0.25195796832996964,-0.0003686611005131062,0.0018256556592706722,0.0008618342838032764,0.0009970803608309224,2.415738459779669e-06,0.09254482988967766,0.1510695791492607,0.2132572243944863,-0.0003120347554742931,0.1591710176212187,0.09493928141466998,0.19690198301655937,-0.10430285273960004,-0.007714844239560266,-0.18228083848387383,-0.04181792195249739,-0.07969060854616487,0.00806721639048323,-0.0052866750934489224,0.003957305649511122,1.5378132873816697e-05
-194.4,0.92,0.025,0.009797958971132711,0.5248792922602417,0.5278473586035246,0.10963170662427169,0.17862271134516555,0.2521174499783629,-0.00036831550190845493,0.0018287429397887758,0.0008614008518134379,0.0009988469592582415,2.4194522304699563e-06,0.09279227648678356,0.15118626288254813,0.21339220966168634,-0.00031174224081531625,0.1594569537962083,0.09492705829063769,0.19702685492363012,-0.10436842044730645,-0.007879190533100959,-0.18250967076605912,-0.04189205895732204,-0.07983177822096568,0.008067216390483228,-0.00528667509344892,0.003961809438701398,1.5384290388006806e-05
-194.24,0.92,0.025,0.009797958971132711,0.5248792922602417,0.5278473586035246,0.10992455271835208,0.17876050059531332,0.2522772123417428,-0.00036796936494702247,0.0018318338395957314,0.0008609642453588737,0.0010006160974640262,2.423166168105485e-06,0.09304014142081321,0.1513028877038732,0.21352743252605108,-0.00031144927049115984,0.15974324882800456,0.09491457720711863,0.1971519465977419,-0.10443410362010823,-0.008043942847360243,-0.18273865932849867,-0.04196630295925268,-0.07997315063268093,0.00806721639048323,-0.005286675093448922,0.003966313187700148,1.539040279113656e-05
-194.07999999999998,0.92,0.025,0.009797958971132711,0.5248792922602417,0.5278473586035246,0.11021789364607701,0.17889821973399359,0.25243725582520554,-0.00036762268847411025,0.0018349283606762263,0.0008605244572752259,0.0010023877787271194,2.4268802504120995e-06,0.09328842518203959,0.1514194531828522,0.213662893330454,-0.00031115584352448694,0.16002990296149258,0.09490183752709022,0.1972772583561937,-0.10449990242433607,-0.00820910183896733,-0.18296780402910262,-0.04204065409821728,-0.08011472604209546,0.00806721639048323,-0.005286675093448923,0.003970816888175612,1.539646997657444e-05
-193.92,0.92,0.025,0.009797958971132711,0.5248792922602417,0.5278473586035246,0.11051172998700882,0.1790358682515719,0.2525975808345876,-0.0003672754713297297,0.0018380265050114422,0.000860081480387205,0.0010041620062873756,2.43059445496185e-06,0.09353712826100427,0.15153595888813046,0.21379859241839497,-0.00031086195893348324,0.1603169164413342,0.09488883861250012,0.19740279051686566,-0.10456581702662215,-0.008374668165278952,-0.1831971047250416,-0.04211511251251334,-0.08025650470687558,0.00806721639048323,-0.005286675093448922,0.003975320531622565,1.5402491837196343e-05
-193.76,0.92,0.025,0.009797958971132711,0.5248792922602417,0.5278473586035246,0.11080606232102652,0.17917344563726478,0.25275818777646036,-0.0003669277123485953,0.001841128274579043,0.0008596353075085781,0.0010059387833451425,2.4343087591719416e-06,0.09378625114851685,0.15165240438738092,0.21393453013399608,-0.00031056761573185107,0.1606042895119667,0.09487557982426477,0.19752854339821482,-0.10463184759389794,-0.008540642484379713,-0.18342656127274506,-0.042189678338786174,-0.08039848688152758,0.008067216390483228,-0.005286675093448922,0.003979824109360919,1.5408468265383878e-05
-193.6,0.92,0.025,0.009797958971132711,0.5248792922602417,0.5278473586035246,0.11110089122832525,0.17931095137913805,0.252919077058125,-0.0003665794103601913,0.0018442336713531593,0.0008591859314421591,0.0010077181130607404,2.438023140303998e-06,0.0940357943356545,0.15176878924730244,0.214070706821997,-0.00031027281292886593,0.1608920224176017,0.09486206052226837,0.19765451731927108,-0.10469799429339205,-0.008707025455082328,-0.18365617352789979,-0.04226435171200698,-0.08054067281735605,0.00806721639048323,-0.00528667509344892,0.0039843276125343385,1.541439915302515e-05
-193.44,0.92,0.025,0.009797958971132711,0.5248792922602417,0.5278473586035246,0.11139621728941576,0.17944838496410523,0.25308024908760557,-0.00036623056418869906,0.001847342697304375,0.0008587333449797956,0.001009499998553931,2.441737575463245e-06,0.0942857583137615,0.15188511303361868,0.21420712282774937,-0.0003099775495293149,0.16118011540222407,0.09484828006536182,0.19778071259963217,-0.10476425729262738,-0.008873817736927995,-0.18388594134544803,-0.04233913276545058,-0.08068306276242161,0.008067216390483228,-0.00528667509344892,0.003988831032108849,1.542028439151313e-05
-193.28,0.92,0.025,0.009797958971132711,0.5248792922602417,0.5278473586035246,0.11169204108512379,0.17958574587792553,0.25324170427364484,-0.0003658811726530433,0.001850455354399713,0.0008582775409023594,0.001011284442903397,2.4454520415975734e-06,0.09453614357444878,0.1520013753110762,0.214343778497213,-0.00030968182453353587,0.16146856870959064,0.09483423781136141,0.19790712955945977,-0.10483063675941941,-0.009041019990186628,-0.18411586457958634,-0.042414021630673544,-0.08082565696149921,0.008067216390483228,-0.00528667509344892,0.0039933343588714355,1.5426123871745324e-05
-193.12,0.92,0.025,0.009797958971132711,0.5248792922602417,0.5278473586035246,0.11198836319658952,0.1797230336052023,0.25340344302569734,-0.0003655312345668803,0.0018535716446026222,0.000857818511979735,0.00101307144914621,2.4491665154965425e-06,0.09478695060959337,0.15211757564344325,0.21448067417695024,-0.0003093856369374075,0.16175738258322908,0.0948199331170479,0.19803376851947452,-0.10489713286187334,-0.009208632875857211,-0.18434594308376362,-0.042489018437491824,-0.08096845565603564,0.00806721639048323,-0.005286675093448919,0.003997837583428677,1.5431917484122508e-05
-192.96,0.92,0.025,0.009797958971132711,0.5248792922602417,0.5278473586035246,0.11228518420526701,0.17986024762938121,0.2535654657539231,-0.0003651807487386088,0.0018566915698729634,0.0008573562509708074,0.0010148610202772965,2.4528809737907745e-06,0.095038179911338,0.15223371359350826,0.21461781021412052,-0.00030908898573235854,0.1620465572664368,0.09480536533816517,0.19816062980095106,-0.1049637457683815,-0.009376657055668175,-0.18457617671067977,-0.04256412331395835,-0.08111145908410693,0.008067216390483231,-0.00528667509344892,0.004002340696205348,1.543766511854931e-05
-192.79999999999998,0.92,0.025,0.009797958971132711,0.5248792922602417,0.5278473586035246,0.11258250469292361,0.17999738743274835,0.2537277728691829,-0.00036482971397136554,0.0018598151321669945,0.0008568907506234523,0.0010166531592489122,2.456595392950969e-06,0.09528983197209055,0.1523497887230782,0.2147551869564764,-0.0003087918699053638,0.1623360930022796,0.0947905338294191,0.19828771372571413,-0.10503047564762143,-0.00954509319207757,-0.18480656531228404,-0.04263933638634092,-0.08125466748037628,0.00806721639048323,-0.005286675093448919,0.004006843687443049,1.5443366664433083e-05
-192.64,0.92,0.025,0.009797958971132711,0.5248792922602417,0.5278473586035246,0.11288032524163931,0.1801344524964287,0.2538903647830301,-0.0003644781290630535,0.0018629423334373576,0.0008564220036745246,0.0010184478689700942,2.460309749286961e-06,0.09554190728452351,0.15246580059297726,0.2148928047523567,-0.0003084942884389685,0.1626259900335906,0.09477543794447656,0.19841502061613242,-0.10509732266855243,-0.009713941948273437,-0.18503710873977347,-0.04271465777909921,-0.08139808107605033,0.00806721639048323,-0.005286675093448919,0.004011346547198817,1.5449022010683617e-05
-192.48,0.92,0.025,0.009797958971132711,0.5248792922602417,0.5278473586035246,0.11317864643380636,0.18027144230038422,0.2540532419077063,-0.0003641259928063327,0.001866073175633064,0.0008559500028498463,0.001020245152306137,2.464024018947073e-06,0.09579440634157371,0.1525817487630452,0.2150306639506826,-0.00030819624031128005,0.16291624860296922,0.09476007703596417,0.19854255079511487,-0.10516428700041384,-0.009883203988174175,-0.1852678068435912,-0.042790087614862776,-0.08154170009883731,0.008067216390483231,-0.005286675093448918,0.0040158492653437645,1.5454631045713315e-05
-192.32,0.92,0.025,0.009797958971132711,0.5248792922602417,0.5278473586035246,0.11347746885212845,0.18040835632341212,0.2542164046561326,-0.0003637733039886213,0.0018692076606994818,0.0008554747408641965,0.0010220450120780411,2.4677381779170275e-06,0.09604732963644153,0.15269763279213602,0.21516876490095063,-0.0003078977244959691,0.1632068689527796,0.09474445045546717,0.19867030458610427,-0.10523136881272147,-0.01005287997642874,-0.18549865947342495,-0.04286562601440783,-0.08168552477290293,0.008067216390483231,-0.00528667509344892,0.004020351831561705,1.5460193657436036e-05
-192.16,0.92,0.025,0.009797958971132711,0.5248792922602417,0.5278473586035246,0.11377679307962027,0.18054519404314315,0.2543798534419049,-0.00036342006139210905,0.001872345790578319,0.0008549962104212999,0.0010238474510619793,2.471452202019319e-06,0.0963006776625906,0.15281345223811638,0.2153071079532283,-0.00030759873996228114,0.1634978513251498,0.09472855755352834,0.19879828231307312,-0.10529856827526553,-0.010222970578416967,-0.18572966647820546,-0.042941273096634903,-0.08182955531882787,0.008067216390483231,-0.00528667509344892,0.00402485423534778,1.5465709733267777e-05
-192.0,0.92,0.025,0.009797958971132711,0.5248792922602417,0.5278473586035246,0.11407661969960696,0.1806819549360396,0.25454358867928617,-0.0003630662637937957,0.0018754875672076124,0.0008545144042138149,0.0010256524719887438,2.4751660669121304e-06,0.09655445091374734,0.15292920665786394,0.21544569345814782,-0.0003072992856750687,0.16378919596197042,0.09471239767964656,0.19892648430051782,-0.10536588555810764,-0.010393476460249951,-0.18596082770610486,-0.043017028978545556,-0.08197379195356343,0.008067216390483233,-0.00528667509344892,0.004029356466007086,1.5471179160126152e-05
-191.84,0.92,0.025,0.009797958971132711,0.5248792922602417,0.5278473586035246,0.11437694929572337,0.1808186384773939,0.2547076107831992,-0.00036271190996544473,0.0018786329925217118,0.0008540293149233234,0.0010274600775432084,2.4788797480887232e-06,0.09680864988390027,0.1530448956072662,0.21558452176689982,-0.00030699936059475243,0.16408090310489343,0.09469597018227614,0.19905491087345298,-0.10543332083157762,-0.010564398288770288,-0.186192143004535,-0.0430928937752198,-0.08211823489038872,0.00806721639048323,-0.005286675093448919,0.004033858512653337,1.5476601824430455e-05
-191.68,0.92,0.025,0.009797958971132711,0.5248792922602417,0.5278473586035246,0.11467778245191351,0.1809552441413265,0.2548719201692206,-0.0003623569986736594,0.0018817820684512668,0.0008535409352203193,0.001029270270363778,2.4825932208763968e-06,0.0970632750672996,0.15316051864121874,0.21572359323122833,-0.00030669896367738534,0.164372972995331,0.09467927440882537,0.19918356235740678,-0.10550087426627125,-0.010735736731552384,-0.186423612220146,-0.043168867599793,-0.08226288433886661,0.008067216390483235,-0.005286675093448922,0.004038360364207493,1.5481977612101877e-05
-191.51999999999998,0.92,0.025,0.009797958971132711,0.5248792922602417,0.5278473586035246,0.11497911975243012,0.1810917714007843,0.2550365172535726,-0.00036200152867982873,0.0018849347969232108,0.0008530492577641967,0.0010310830530418332,2.486306460435791e-06,0.09731832695845687,0.15327607531362383,0.21586290820342388,-0.0003063980938746071,0.16466540587445427,0.0946623097056553,0.1993124390784143,-0.10556854603304675,-0.010907492456902737,-0.1866552351988244,-0.04324495056343251,-0.08240774050479942,0.008067216390483233,-0.005286675093448922,0.004042862009396399,1.548730640856319e-05
-191.35999999999999,0.92,0.025,0.009797958971132711,0.5248792922602417,0.5278473586035246,0.11528096178183389,0.18122821972753891,0.25520140245311695,-0.0003616454987402211,0.0018880911798607495,0.0008525542752032402,0.0010328984281211845,2.490019441759854e-06,0.0975738060521442,0.15339156517738894,0.2160024670363182,-0.00030609675013372315,0.1649582019831924,0.09464507541807893,0.19944154136301304,-0.10563633630302224,-0.011079666133860275,-0.18688701178569198,-0.04332114277531475,-0.08255280359018517,0.008067216390483231,-0.005286675093448921,0.00404736343675144,1.54925880987394e-05
-191.2,0.92,0.025,0.009797958971132711,0.5248792922602417,0.5278473586035246,0.11558330912499289,0.18136458859218452,0.255366576185346,-0.00036128890760590214,0.001891251219183345,0.0008520559801746119,0.0010347163980975143,2.4937321396732626e-06,0.09782971284339398,0.15350698778442498,0.21614227008327686,-0.0003057949313976356,0.1652513615622307,0.0946275708903596,0.19957086953823583,-0.10570424524757228,-0.011252258432196608,-0.1871189418251037,-0.04339744434260176,-0.08269807379317325,0.008067216390483231,-0.005286675093448921,0.004051864634607201,1.5497822567057587e-05
-191.04,0.92,0.025,0.009797958971132711,0.5248792922602417,0.5278473586035246,0.11588616236708206,0.18150087746413665,0.2555320388683762,-0.00036093175402284274,0.001894414916806701,0.0008515543653043415,0.0010365369654178234,2.497444528831379e-06,0.09808604782749826,0.15362234268564526,0.21628231769819364,-0.0003054926366049341,0.1655448848520103,0.09460979546571031,0.1997004239316056,-0.10577227303832495,-0.01142527002241637,-0.18735102516064622,-0.04347385537041795,-0.08284355130801993,0.008067216390483233,-0.00528667509344892,0.004056365591100123,1.5503009697447825e-05
-190.88,0.92,0.025,0.009797958971132711,0.5248792922602417,0.5278473586035246,0.11618952209358249,0.18163708581162988,0.2556977909209405,-0.0003605740367318585,0.0018975822746427503,0.0008510494232073146,0.0010383601324798672,2.501156583719481e-06,0.09834281150000823,0.15373762943096353,0.21642261023548406,-0.00030518986468984504,0.16583877209272632,0.0945917484862922,0.19983020487112968,-0.10584041984715883,-0.011598701575757491,-0.18758326163513656,-0.043550375961826426,-0.08298923632504354,0.008067216390483233,-0.00528667509344892,0.004060866294167146,1.55081493733426e-05
-190.72,0.92,0.025,0.009797958971132711,0.5248792922602417,0.5278473586035246,0.11649338889028096,0.1817732131017165,0.2558638327623798,-0.0003602157544686804,0.0019007532945996392,0.0008505411464872612,0.0010401859016316041,2.5048682786519005e-06,0.09860000435673381,0.15385284756929288,0.21656314805007826,-0.0003048866145822911,0.16613302352432702,0.09457342929321369,0.1999602126852929,-0.10590868584619953,-0.011772553764191519,-0.18781565109062007,-0.043627006217805804,-0.08313512903058026,0.00806721639048323,-0.005286675093448919,0.004065366731544408,1.55132414776781e-05
-190.56,0.92,0.025,0.009797958971132711,0.5248792922602417,0.5278473586035246,0.11679776334326918,0.1819092588002643,0.2560301648126356,-0.00035985690596397987,0.0019039279785817134,0.0008500295277367458,0.0010420142751706213,2.5085795877712673e-06,0.09885762689374304,0.15396799664854371,0.21670393149741476,-0.0003045828852079126,0.16642763938651214,0.0945548372265291,0.20009044770305195,-0.10597707120781663,-0.011946827260423816,-0.18804819336836917,-0.04370374623722604,-0.08328122960693839,0.008067216390483231,-0.005286675093448919,0.004069866890765868,1.551828589289504e-05
-190.4,0.92,0.025,0.009797958971132711,0.5248792922602417,0.5278473586035246,0.11710264603894326,0.18204522237195506,0.25619678749224156,-0.0003594974899433029,0.001907106328489504,0.0008495145595371543,0.0010438452553435831,2.5122904850476415e-06,0.09911567960736158,0.15408307621562276,0.21684496093343328,-0.0003042786754880116,0.16672261991873227,0.09453597162523761,0.2002209102538288,-0.10604557610462019,-0.01212152273789404,-0.18828088830888137,-0.04378059611682535,-0.08342753823235412,0.008067216390483231,-0.005286675093448919,0.004074366759162033,1.5523282500937913e-05
-190.24,0.92,0.025,0.009797958971132711,0.5248792922602417,0.5278473586035246,0.11740803756400313,0.18218110328028272,0.25636370122231583,-0.0003591375051271961,0.0019102883462197128,0.0008489962344586849,0.0010456788443456574,2.5160009442776046e-06,0.09937416299417225,0.1541980858164313,0.21698623671456813,-0.0003039739843396588,0.16701796536018726,0.0945168318272821,0.2003516006675044,-0.10611420070945755,-0.0122966408707762,-0.18851373575187816,-0.043857555951186025,-0.08357405508094581,0.008067216390483231,-0.005286675093448919,0.004078866323858597,1.5528231183256896e-05
-190.07999999999998,0.92,0.025,0.009797958971132711,0.5248792922602417,0.5278473586035246,0.11771393850545181,0.18231690098755154,0.25653090642455245,-0.00035877695023116946,0.0019134740336651974,0.0008484745450603342,0.0010475150443199485,2.5197109390836244e-06,0.09963307755101442,0.15431302499586363,0.21712775919774122,-0.00030366881067566185,0.167313675949825,0.094497417169548,0.20048251927441246,-0.10618294519541,-0.012472182333979176,-0.18874673553630264,-0.043934625832710614,-0.0837207803226687,0.00806721639048323,-0.00528667509344892,0.004083365571775135,1.55331318208085e-05
-189.92,0.92,0.025,0.009797958971132711,0.5248792922602417,0.5278473586035246,0.118020349450595,0.18245261495487428,0.2566984035212119,-0.0003584158239657368,0.0019166633927149583,0.0008479494838898893,0.00104935385735693,2.5234204429129864e-06,0.09989242377498361,0.1544278932978056,0.2172695287403538,-0.00030336315340459964,0.16760975192634042,0.09447772698786208,0.20061366640533163,-0.10625180973578868,-0.012648147803146827,-0.18897988750031877,-0.044011805851598154,-0.08386771412326956,0.008067216390483231,-0.00528667509344892,0.004087864489623813,1.553798429405577e-05
-189.76,0.92,0.025,0.009797958971132711,0.5248792922602417,0.5278473586035246,0.11832727098704017,0.18258824464217052,0.25686619293511426,-0.0003580541250364177,0.0019198564252541222,0.0008474210434839136,0.0010511952854938694,2.5271294290372176e-06,0.1001522021634308,0.15454269026513315,0.2174115457002807,-0.000303057011430824,0.16790619352817396,0.09445776061699143,0.20074504239148014,-0.10632079450413179,-0.012824537954658365,-0.189213191481309,-0.04408909609581988,-0.08401485664424067,0.00806721639048323,-0.00528667509344892,0.004092363063908042,1.5542788482969693e-05
-189.6,0.92,0.025,0.009797958971132711,0.5248792922602417,0.5278473586035246,0.11863470370269619,0.18272378950816467,0.25703427508962945,-0.0003576918521438089,0.0019230531331639294,0.0008468892163677377,0.0010530393307142556,2.5308378705511367e-06,0.10041241321396206,0.1546574154397106,0.2175538104358624,-0.00030275038365451984,0.16820300099351068,0.09443751739064207,0.2008766475645086,-0.1063898996742008,-0.013001353465628668,-0.18944664731587305,-0.044166496651095295,-0.08416220804277429,0.008067216390483231,-0.005286675093448918,0.004096861280921196,1.5547544267030454e-05
-189.44,0.92,0.025,0.009797958971132711,0.5248792922602417,0.5278473586035246,0.11894264818577263,0.18285924901038447,0.2572026504086686,-0.00035732900398353137,0.001926253518321719,0.0008463539950554467,0.0010548859949472283,2.534545740372037e-06,0.10067305742443795,0.15477206836238944,0.21769632330589708,-0.000302443268971661,0.16850017456027885,0.09441699664145818,0.2010084822564926,-0.1064591254199766,-0.01317859501390851,-0.1896802548398262,-0.04424400760086811,-0.08430976847171683,0.008067216390483233,-0.005286675093448921,0.004101359126745328,1.5552251525227268e-05
-189.28,0.92,0.025,0.009797958971132711,0.5248792922602417,0.5278473586035246,0.11925110502477906,0.18299462260515892,0.2573713193166747,-0.00035696557924635167,0.0019294575826009131,0.0008458153720498702,0.0010567352800669924,2.538253011238937e-06,0.100934135292973,0.15488664857300652,0.21783908466963345,-0.0003021356662741121,0.1687977144661486,0.09439619770102052,0.20114054679992593,-0.1065284719156559,-0.013356263278084876,-0.18991401388819754,-0.044321629026281645,-0.08445753807952223,0.00806721639048323,-0.00528667509344892,0.004105856587249854,1.5556910136061234e-05
-189.12,0.92,0.025,0.009797958971132711,0.5248792922602417,0.5278473586035246,0.11956007480852456,0.18312990974761645,0.25754028223861397,-0.00035660157661814343,0.0019326653278710028,0.0008452733398425698,0.0010585871878922447,2.5419596557117853e-06,0.10119564731793519,0.15500115561038258,0.21798209488676287,-0.0003018275744495966,0.16909562094853092,0.09437511989984548,0.20127284152771363,-0.10659793933564758,-0.0135343589374812,-0.1901479242952284,-0.044399361006154776,-0.08460551701020615,0.00806721639048323,-0.005286675093448919,0.004110353648090276,1.5561519977545568e-05
-188.96,0.92,0.025,0.009797958971132711,0.5248792922602417,0.5278473586035246,0.11986955812611694,0.1832651098916835,0.2577095395999662,-0.000356236994779945,0.001935876755997535,0.0008447278909138294,0.0010604417201855907,2.5456656461705447e-06,0.10145759399794538,0.15511558901232092,0.21812535431741137,-0.0003015189923817455,0.16939389424457635,0.09435376256738404,0.20140536677316417,-0.10666752785456875,-0.013712882672157773,-0.19038198589437078,-0.04447720361695739,-0.08475370540329932,0.00806721639048323,-0.005286675093448919,0.004114850294706901,1.556608092720689e-05
-188.79999999999998,0.92,0.025,0.009797958971132711,0.5248792922602417,0.5278473586035246,0.12017955556696219,0.1834002224900822,0.2578790918267158,-0.00035587183240795215,0.001939091868842095,0.0008441790177326429,0.0010622988786529685,2.5493709548145505e-06,0.10171997583187681,0.15522994831560558,0.21826886332213227,-0.0003012099189500907,0.1696925345911737,0.09433212503202039,0.20153812286998293,-0.10673723764724105,-0.013891835162911821,-0.19061619851828562,-0.04455515693278619,-0.08490210339380157,0.008067216390483228,-0.005286675093448917,0.004119346512323583,1.5570592862086655e-05
-188.64,0.92,0.025,0.009797958971132711,0.5248792922602417,0.5278473586035246,0.1204900677207639,0.18353524699432897,0.2580489393453417,-0.0003555060881736198,0.0019423106682622952,0.0008436267127567025,0.0010641586649430515,2.5530755536615847e-06,0.10198279331885457,0.15534423305600004,0.2184126222618972,-0.0003009003530301518,0.16999154222494875,0.09431020662107088,0.2016711101522638,-0.10680706888868653,-0.014071217091278034,-0.19085056199884115,-0.04463322102533958,-0.08505071111213412,0.00806721639048323,-0.005286675093448918,0.004123842285946413,1.5575055658743228e-05
-188.48,0.92,0.025,0.009797958971132711,0.5248792922602417,0.5278473586035246,0.12080109517752248,0.18367018285473252,0.2582190825828084,-0.0003551397607436376,0.001945533156111757,0.0008430709684323896,0.001066021080646675,2.556779414547086e-06,0.10224604695825504,0.1554584427682456,0.21855663149808904,-0.0003005902934934149,0.1702909173822632,0.09428800666078294,0.2018043289544826,-0.10687702175412406,-0.014251029139528637,-0.19108507616711135,-0.044711395963893584,-0.08519952868409372,0.00806721639048323,-0.005286675093448918,0.004128337600362484,1.557946919325248e-05
-188.32,0.92,0.025,0.009797958971132711,0.5248792922602417,0.5278473586035246,0.12111263852753466,0.1838050295203921,0.25838952196655507,-0.0003547728487799511,0.0019487593342400978,0.0008425117771947613,0.001067886127296243,2.560482509123509e-06,0.10250973724970534,0.1555725769860599,0.2187008913924922,-0.00030027973920735063,0.17059066029921321,0.09426552447633377,0.20193777961148815,-0.10694709641896465,-0.014431271990673736,-0.1913197408533741,-0.04478968181527693,-0.08534855623080538,0.008067216390483226,-0.005286675093448916,0.004132832440138637,1.5583833341209904e-05
-188.16,0.92,0.025,0.009797958971132711,0.5248792922602417,0.5278473586035246,0.12142469836139273,0.1839397864391955,0.2585602579244869,-0.0003544053509398746,0.0019519892044929173,0.0008419491314675401,0.0010697538063651395,2.5641848088593474e-06,0.10277386469308282,0.15568663524213508,0.21884540230728572,-0.00029996868903550987,0.1708907712116283,0.09424275939182919,0.20207146245849572,-0.10701729305880812,-0.014611946328461694,-0.1915545558871098,-0.04486807864384626,-0.08549779386867519,0.00806721639048323,-0.005286675093448917,0.004137326789620187,1.55881479777327e-05
-188.0,0.92,0.025,0.009797958971132711,0.5248792922602417,0.5278473586035246,0.12173727526998401,0.18407445305781767,0.25873129088496405,-0.00035403726587603123,0.0019552227687117804,0.000841383023663103,0.0010716241192671367,2.5678862850385295e-06,0.10303842978851448,0.1558006170681369,0.2189901646050336,-0.00029965714183747286,0.17119125035507,0.09421971073030269,0.20220537783107848,-0.10708761184943848,-0.014793052837379266,-0.19178952109699943,-0.0449465865114613,-0.08564724170934322,0.008067216390483228,-0.005286675093448918,0.0041418206329296905,1.5592412977460767e-05
-187.84,0.92,0.025,0.009797958971132711,0.5248792922602417,0.5278473586035246,0.12205036984449012,0.1842090288217184,0.25890262127679187,-0.00035366859223645786,0.0019584600287342034,0.0008408134461824692,0.001073497067355806,2.571586908759435e-06,0.10330343303637644,0.15591452199470246,0.21913517864867665,-0.00029934509646893794,0.17149209796483073,0.09419637781371405,0.20233952606515943,-0.10715805296681989,-0.01497459220265196,-0.192024636310923,-0.04502520547746007,-0.08579689985963632,0.008067216390483228,-0.005286675093448919,0.00414631395396571,1.5596628214558896e-05
-187.68,0.92,0.025,0.009797958971132711,0.5248792922602417,0.5278473586035246,0.12236398267638637,0.18434351317514086,0.2590742495292104,-0.00035329932866461013,0.0019617009863936398,0.0008402403914152907,0.0010753726519239213,2.5752866509343847e-06,0.10356887493729343,0.15602834955143924,0.21928044480152367,-0.000299032551781726,0.1717933142759323,0.09417275996294827,0.2024739074970036,-0.10722861658709235,-0.015156565110244252,-0.19225990135595808,-0.045103935598633856,-0.08594676842152058,0.008067216390483228,-0.005286675093448917,0.004150806736401575,1.560079356271916e-05
-187.51999999999998,0.92,0.025,0.009797958971132711,0.5248792922602417,0.5278473586035246,0.12267811435744108,0.18447790556110963,0.259246176071884,-0.00035292947379944204,0.0019649456435194648,0.0008396638517398387,0.001077250874202859,2.5789854822885154e-06,0.10383475599213814,0.15614209926692318,0.21942596342724263,-0.00029871950662384777,0.17209489952312498,0.09414885649781443,0.20260852246320976,-0.10729930288656758,-0.015338972246859966,-0.19249531605837789,-0.04518277692920197,-0.08609684749205328,0.00806721639048323,-0.00528667509344892,0.004155298963684134,1.560490889516218e-05
-187.35999999999999,0.92,0.025,0.009797958971132711,0.5248792922602417,0.5278473586035246,0.12299276547971495,0.18461220542142884,0.2594184013348907,-0.00035255902627538476,0.0019681940019369596,0.0008390838195229947,0.0010791317353620112,2.5826833733594067e-06,0.10410107670203074,0.15625577066869736,0.2195717348898515,-0.0002984059598394857,0.17239685394088594,0.0941246667370444,0.2027433713007019,-0.10737011204172454,-0.015521814299942382,-0.1927308802436496,-0.04526172952078701,-0.08624713716333614,0.008067216390483231,-0.00528667509344892,0.004159790619032579,1.5608974084639867e-05
-187.2,0.92,0.025,0.009797958971132711,0.5248792922602417,0.5278473586035246,0.12330793663556038,0.18474641219668048,0.25959092574871134,-0.00035218798472243294,0.0019714460634672987,0.0008385002871202368,0.0010810152365081786,2.586380294495974e-06,0.10436783756833831,0.15636936328327036,0.21971775955370929,-0.00029809191026906726,0.17269917776341814,0.09410018999829194,0.20287845434672108,-0.10744104422920492,-0.015705091957674756,-0.19296659373643296,-0.0453407934223895,-0.08639763752246678,0.00806721639048323,-0.00528667509344892,0.004164281685437196,1.5612989003436905e-05
-187.04,0.92,0.025,0.009797958971132711,0.5248792922602417,0.5278473586035246,0.12362362841762085,0.18488052532622248,0.2597637497442186,-0.00035181634776619114,0.001974701829927532,0.0008379132468756317,0.0010829013786849704,2.590076215857991e-06,0.1046350390926743,0.1564828766361147,0.21986403778350666,-0.0002977773567493042,0.17300187122464902,0.09407542559813124,0.20301377193881648,-0.10751209962580881,-0.01588880590898021,-0.1932024563605784,-0.045419968680362514,-0.08654834865149073,0.008067216390483231,-0.005286675093448919,0.0041687721456581716,1.561695352337423e-05
-186.88,0.92,0.025,0.009797958971132711,0.5248792922602417,0.5278473586035246,0.12393984141883026,0.18501454424818695,0.25993687375266644,-0.0003514441140278865,0.0019779613031305726,0.0008373226911218198,0.001084790162872211,2.5937711074151355e-06,0.10490268177689793,0.15659631025166543,0.22001056994425688,-0.00029746229811320314,0.1733049345582293,0.09405037285205609,0.2031493244148373,-0.10758327840849026,-0.01607295684352249,-0.1934384679391253,-0.045499255338386814,-0.08669927062735414,0.00806721639048323,-0.00528667509344892,0.0041732619822244,1.5620867515810072e-05
-186.72,0.92,0.025,0.009797958971132711,0.5248792922602417,0.5278473586035246,0.12425657623241218,0.1851484683994782,0.2601102982056786,-0.00035107128212444967,0.00198122448488518,0.0008367286121800066,0.001086681589985325,2.597464938946271e-06,0.10517076612311367,0.15670966365331837,0.2201573564012864,-0.00029714673319013423,0.17360836799753157,0.09402503107447827,0.20328511211292374,-0.10765458075435261,-0.016257545451705768,-0.1936746282943006,-0.04557865343744503,-0.08685040352185458,0.00806721639048323,-0.005286675093448917,0.004177751177432268,1.562473085164307e-05
-186.56,0.92,0.025,0.009797958971132711,0.5248792922602417,0.5278473586035246,0.1245738334518793,0.1852822972157711,0.2602840235352366,-0.00035069785066853173,0.001984491376995946,0.0008361310023599502,0.0010885756608747402,2.6011576800387674e-06,0.10543929263367065,0.15682293636342867,0.22030439752022427,-0.00029683066080584525,0.1739121717756491,0.09399939957872683,0.20342113537149767,-0.10772600684064358,-0.016442572424675273,-0.19391093724751682,-0.04565816301579643,-0.08700174740159337,0.00806721639048323,-0.005286675093448917,0.004182239713344496,1.5628543401314685e-05
-186.4,0.92,0.025,0.009797958971132711,0.5248792922602417,0.5278473586035246,0.1248916136710327,0.18541603013150923,0.26045805017366996,-0.0003503238182685723,0.0019877619812632783,0.0008355298539599505,0.0010904723763252798,2.6048493000877832e-06,0.10570826181116208,0.1569361279033094,0.22045169366699427,-0.0002965140797825196,0.17421634612539466,0.09397347767704682,0.20355739452925473,-0.10779755684475123,-0.016628038454317314,-0.19414739461937056,-0.045737784108951546,-0.08715330232792713,0.00806721639048323,-0.005286675093448918,0.004186727571788943,1.563230503481206e-05
-186.24,0.92,0.025,0.009797958971132711,0.5248792922602417,0.5278473586035246,0.12520991748396118,0.1855496665799028,0.2606323785536433,-0.000349949183528866,0.0019910362994833876,0.0008349251592668382,0.0010923717370555552,2.6085397682953154e-06,0.10597767415842475,0.15704923779322974,0.2205992452078037,-0.0002961969889388322,0.17452089127929896,0.09394726468059779,0.20369388992515441,-0.10786923094419872,-0.016813944233259666,-0.19438400022964078,-0.04581751674964651,-0.08730506835691908,0.00806721639048323,-0.005286675093448918,0.0041912147343574355,1.5636015621670296e-05
-186.07999999999998,0.92,0.025,0.009797958971132711,0.5248792922602417,0.5278473586035246,0.12552874548504056,0.18568320599292706,0.26080700910814475,-0.0003495739450495678,0.0019943143334482695,0.0008343169105559631,0.0010942737437173574,2.6122290536697832e-06,0.10624753017853833,0.15716226555241347,0.22074705250913373,-0.0002958793870899542,0.17482580746960963,0.09392075989945312,0.20383062189841097,-0.10794102931663954,-0.017000290454871766,-0.19462075389728703,-0.04589736096781756,-0.08745704553929065,0.008067216390483233,-0.005286675093448918,0.004195701182404628,1.5639675030975707e-05
-185.92,0.92,0.025,0.009797958971132711,0.5248792922602417,0.5278473586035246,0.12584809826893315,0.1858166478013206,0.26098194227047433,-0.00034919810142675474,0.0019975960849456928,0.0008337051000911822,0.0010961783968950428,2.615917125024939e-06,0.10651783037482503,0.15727521069903777,0.22089511593772948,-0.0002955612730476052,0.17513109492828988,0.09389396264259862,0.20396759078848417,-0.10801295213985272,-0.0171870778132651,-0.19485765544044797,-0.045977316790575144,-0.08760923392037223,0.00806721639048323,-0.005286675093448919,0.004200186897046809,1.5643283131367417e-05
-185.76,0.92,0.025,0.009797958971132711,0.5248792922602417,0.5278473586035246,0.12616797643058683,0.18594999143458296,0.26115717847423225,-0.0003488216512525383,0.0020008815557591812,0.00083308972012485,0.0010980856971049328,2.6196039509795098e-06,0.1067885752508487,0.15738807275023103,0.2210434358605902,-0.0002952426456201484,0.17543675388701716,0.09386687221793123,0.20410479693507028,-0.10808499959173815,-0.01737430700329332,-0.19509470467643938,-0.04605738424217878,-0.08776163354005537,0.008067216390483228,-0.005286675093448918,0.004204671859160803,1.5646839791042715e-05
-185.6,0.92,0.025,0.009797958971132711,0.5248792922602417,0.5278473586035246,0.12648838056523462,0.18608323632097337,0.26133271815330644,-0.00034844459311506867,0.002004170747668,0.0008324707628978068,0.0010999956447946876,2.623289499956228e-06,0.10705976531041458,0.15750085122207186,0.22119201264495858,-0.0002949235036125941,0.1757427845771818,0.09383948793225813,0.20424224067809216,-0.10815717185031133,-0.01756197872055252,-0.1953319014217528,-0.04613756334401062,-0.08791424443274269,0.00806721639048323,-0.005286675093448918,0.004209156049382779,1.565034487775825e-05
-185.44,0.92,0.025,0.009797958971132711,0.5248792922602417,0.5278473586035246,0.1268093112683938,0.18621638188750864,0.2615085617418602,-0.00034806692559856785,0.0020074636624471402,0.0008318482206393656,0.0011019082403427017,2.6269737401810885e-06,0.10733140105756851,0.15761354562958732,0.2213408466583105,-0.00029460384582662787,0.17604918722988583,0.0938118090912954,0.20437992235768968,-0.1082294690936985,-0.017750093661381708,-0.19556924549205362,-0.046217854114550094,-0.08806706662729959,0.008067216390483231,-0.005286675093448919,0.004213639448107155,1.5653798258832764e-05
-185.28,0.92,0.025,0.009797958971132711,0.5248792922602417,0.5278473586035246,0.12713076913586535,0.18634942755996134,0.26168470967431984,-0.0003476886472834629,0.002010760301867303,0.0008312220855673037,0.001103823484057485,2.630656639682889e-06,0.10760348299659644,0.15772615548675128,0.22148993826834432,-0.000294283671060723,0.17635596207594184,0.09378383499966698,0.20451784231420997,-0.10830189150013136,-0.01793865252286272,-0.19580673670217938,-0.0462982565693479,-0.08822010014700478,0.00806721639048323,-0.005286675093448917,0.004218122035485468,1.5657199801152453e-05
-185.12,0.92,0.025,0.009797958971132711,0.5248792922602417,0.5278473586035246,0.1274527547637332,0.18648237276285787,0.2618611623853624,-0.0003473097567463587,0.0020140606676948857,0.0008305923498878494,0.001105741376177046,2.6343381662922845e-06,0.10787601163202377,0.1578386803064829,0.22163928784297074,-0.000293962978110118,0.17666310934587126,0.09375556496090331,0.20465600088819794,-0.10837443924794224,-0.018127656002820805,-0.19604437486613824,-0.04637877072100006,-0.08837334500950124,0.008067216390483231,-0.005286675093448919,0.004222603791425247,1.5660549371171932e-05
-184.96,0.92,0.025,0.009797958971132711,0.5248792922602417,0.5278473586035246,0.12777526874836354,0.18661521691947683,0.2620379203099028,-0.0003469302525601881,0.002017364761691963,0.0008299590057956718,0.001107661916868281,2.6380182876411336e-06,0.1081489874686149,0.1579511196006452,0.22178889575030175,-0.0002936417657669432,0.17697062926990334,0.09372699827744038,0.2047943984203859,-0.10844711251555875,-0.01831710479982459,-0.19628215979710703,-0.04645939657912221,-0.08852680122674704,0.008067216390483231,-0.005286675093448918,0.0042270846955889336,1.5663846834919305e-05
-184.79999999999998,0.92,0.025,0.009797958971132711,0.5248792922602417,0.5278473586035246,0.12809831168640418,0.186747959451847,0.2622149838830813,-0.00034655013329420217,0.0020206725856162775,0.0008293220454738686,0.001109585106226343,2.6416969711618013e-06,0.1084224110113725,0.1580634728800433,0.22193876235864002,-0.0002933200328202127,0.17727852207797393,0.09369813425061845,0.204933035251684,-0.10851991148149857,-0.01850699961318662,-0.1965200913074299,-0.046540134150323126,-0.08868046880496537,0.008067216390483233,-0.005286675093448919,0.004231564727392738,1.566709205799839e-05
-184.64,0.92,0.025,0.009797958971132711,0.5248792922602417,0.5278473586035246,0.1284218841747838,0.18688059978074548,0.2623923535402495,-0.00034616939751407657,0.0020239841412212174,0.0008286814610939552,0.0011115109442740364,2.6453741840866422e-06,0.10869628276553703,0.15817573965442297,0.22208888803646717,-0.00029299777805591443,0.17758678799972386,0.09366897218068086,0.20507191172316908,-0.10859283632436403,-0.01869734114296341,-0.1967581692086161,-0.04662098343817923,-0.08883434774459581,0.00806721639048323,-0.005286675093448918,0.004236043866005619,1.5670284905593814e-05
-184.48,0.92,0.025,0.009797958971132711,0.5248792922602417,0.5278473586035246,0.12874598681071134,0.18701313732569588,0.262570029716959,-0.00034578804378194945,0.002027299430255807,0.0008280372448158548,0.0011134394309611818,2.6490498934469878e-06,0.10897060323658608,0.158287919432469,0.22223927315243408,-0.00029267500025704205,0.177895427264498,0.0936395113667729,0.20521102817607592,-0.10866588722283708,-0.018888130089955747,-0.19699639331133886,-0.04670194444320786,-0.08898843804024392,0.008067216390483233,-0.005286675093448918,0.004240522090348123,1.5673425242472763e-05
-184.32,0.92,0.025,0.009797958971132711,0.5248792922602417,0.5278473586035246,0.12907062019167512,0.1871455715049666,0.26274801284894655,-0.0003454060706565129,0.002030618454464688,0.0008273893887878847,0.0011153705661640083,2.652724066072693e-06,0.10924537293023383,0.15840001172180374,0.2223899180753484,-0.00029235169820367255,0.17820444010134356,0.09360975110694077,0.20535038495178562,-0.10873906435567353,-0.019079367155709025,-0.19723476342543336,-0.04678301716284181,-0.08914273968063245,0.008067216390483233,-0.005286675093448918,0.0042449993790913895,1.5676512932990204e-05
-184.16,0.92,0.025,0.009797958971132711,0.5248792922602417,0.5278473586035246,0.12939578491544226,0.18727790173556874,0.26292630337212186,-0.00034502347669306444,0.002033941215588104,0.0008267378851467464,0.0011173043496845213,2.6563966685914584e-06,0.10952059235243033,0.1585120160289854,0.22254082317416396,-0.00029202787067300975,0.1785138267390092,0.09357969069813021,0.20548998239181576,-0.1088123679016978,-0.019271053042513357,-0.19747327935989478,-0.04686420159140266,-0.08929725264855104,0.008067216390483231,-0.005286675093448917,0.004249475710656036,1.567954784109231e-05
-184.0,0.92,0.025,0.009797958971132711,0.5248792922602417,0.5278473586035246,0.1297214815800581,0.18741012743325433,0.26310490172255324,-0.00034464026044357443,0.0020372677153618866,0.0008260827260175147,0.0011192407812498815,2.6600676674280675e-06,0.1097962620093612,0.15862393185950646,0.22269198881796906,-0.00029170351643944143,0.1788235874059433,0.09354932943618537,0.2056298208378094,-0.10888579803979728,-0.019463188453403953,-0.1977119409228772,-0.0469454977200747,-0.08945197692080645,0.00806721639048323,-0.005286675093448916,0.004253951063211135,1.5682529830320076e-05
-183.84,0.92,0.025,0.009797958971132711,0.5248792922602417,0.5278473586035246,0.13004771078384522,0.18754224801251443,0.26328380833645465,-0.0003442564204567736,0.002040597955517439,0.0008254239035136251,0.0011211798605117785,2.6637370288037026e-06,0.1100723824074466,0.15873575871779222,0.22284341537597524,-0.0002913786342746132,0.17913372233029284,0.09351866661584769,0.20576990063152495,-0.10895935494891695,-0.019655774092161325,-0.19795074792169134,-0.047026905536878584,-0.08960691246817268,0.008067216390483233,-0.005286675093448917,0.004258425414673144,1.5685458763813477e-05
-183.68,0.92,0.025,0.009797958971132711,0.5248792922602417,0.5278473586035246,0.13037447312540296,0.18767426288657757,0.2634630236501713,-0.00034387195527822636,0.00204393193778172,0.0008247614097368643,0.0011231215870458116,2.6674047187353356e-06,0.11034895405334107,0.15884749610719925,0.22299510321750501,-0.0002910532229474908,0.17944423173990232,0.09348770153075488,0.2059102221148247,-0.1090330388080535,-0.019848810663311456,-0.19818970016280307,-0.04710842502664531,-0.08976205925534145,0.008067216390483231,-0.005286675093448917,0.004262898742704914,1.5688334504315858e-05
-183.51999999999998,0.92,0.025,0.009797958971132711,0.5248792922602417,0.5278473586035246,0.13070176920360652,0.1878061714674073,0.2636425481001666,-0.00034348686345038936,0.0020472696638772297,0.0008240952367773569,0.001125065960350852,2.671070703035091e-06,0.11062597745393256,0.15895914353001356,0.223147052711981,-0.00029072728122440955,0.17975511586231174,0.09345643347343939,0.20605078562966458,-0.10910684979624992,-0.020042298872126225,-0.1984287974518318,-0.047190056170989356,-0.08991741724087123,0.008067216390483231,-0.005286675093448918,0.004267371024714614,1.5691156914177824e-05
-183.35999999999999,0.92,0.025,0.009797958971132711,0.5248792922602417,0.5278473586035246,0.1310295996176064,0.18793797316570085,0.26382238212300707,-0.0003431011435126798,0.0020506111355219916,0.0008234253767135559,0.0011270129798484278,2.6747349473095247e-06,0.11090345311634207,0.1590707004874492,0.2232992642289132,-0.00029040080786913217,0.18006637492475608,0.09342486173532757,0.20619159151808258,-0.10918078809258948,-0.020236239424623437,-0.1986680395935484,-0.047271798948282893,-0.0900729863771382,0.008067216390483231,-0.005286675093448919,0.0042718422378547624,1.569392585536126e-05
-183.2,0.92,0.025,0.009797958971132711,0.5248792922602417,0.5278473586035246,0.1313579649668277,0.18806966739088704,0.2640025261553493,-0.00034271479400157416,0.002053956354429539,0.0008227518216122303,0.0011289626448820853,2.6783974169590535e-06,0.11118138154792297,0.1591821664796468,0.22345173813788766,-0.0002900738016429324,0.18037800915416347,0.09339298560673835,0.20633264012218824,-0.10925485387619027,-0.020430633027567226,-0.19890742639187375,-0.04735365333362885,-0.0902287666102852,0.008067216390483233,-0.005286675093448917,0.0042763123590211834,1.569664118944423e-05
-183.04,0.92,0.025,0.009797958971132711,0.5248792922602417,0.5278473586035246,0.13168686585096917,0.18820125355112444,0.2641829806339247,-0.0003423278134506793,0.002057305322308899,0.0008220745635284543,0.0011309149547167657,2.6820580771772704e-06,0.11145976325626031,0.15929354100567172,0.2236044748085539,-0.00028974626130465496,0.18069001877715396,0.09336080437688213,0.20647393178415085,-0.10932904732619902,-0.02062548038846829,-0.199146957649877,-0.04743561929883474,-0.09038475788017189,0.008067216390483231,-0.0052866750934489155,0.0042807813648520435,1.5699302777625224e-05
-182.88,0.92,0.025,0.009797958971132711,0.5248792922602417,0.5278473586035246,0.13201630287000277,0.18833273105329948,0.26436374599552553,-0.00034194020039082383,0.0020606580408645764,0.0008213935945055956,0.0011328699085381756,2.6857168929504187e-06,0.11173859874917035,0.15940482356351268,0.22375747461061282,-0.0002894181856107933,0.1810024040200382,0.09332831733385953,0.20661546684618837,-0.10940336862178547,-0.020820782215584043,-0.19938663316977379,-0.047517696812386184,-0.0905409601203246,0.008067216390483231,-0.0052866750934489155,0.004285249231726855,1.5701910480728247e-05
-182.72,0.92,0.025,0.009797958971132711,0.5248792922602417,0.5278473586035246,0.13234627662417267,0.18846409930302457,0.26454482267699014,-0.0003415519533501355,0.0020640145117965373,0.0008207089065753051,0.0011348275054521549,2.6893738290563047e-06,0.11201788853469975,0.15951601365008,0.22391073791380448,-0.00028908957331555467,0.18131516510881615,0.09329552376466031,0.20675724565055603,-0.10947781794213621,-0.0210165392179189,-0.19962645275292445,-0.04759988583942033,-0.09069737325788578,0.008067216390483235,-0.005286675093448918,0.004289715935765507,1.5704464159205697e-05
-182.56,0.92,0.025,0.009797958971132711,0.5248792922602417,0.5278473586035246,0.13267678771399488,0.18859535770463634,0.26472621111518857,-0.0003411630708540849,0.002067374736800194,0.0008200204917575042,0.0011367877444840423,2.6930288500643742e-06,0.11229763312112527,0.1596271107612042,0.22406426508789562,-0.00028876042317089746,0.18162830226917573,0.09326242295516218,0.20689926853953483,-0.10955239546644888,-0.02121275210522455,-0.19986641619983234,-0.047682186341699205,-0.0908539972135633,0.008067216390483231,-0.005286675093448917,0.00429418145282728,1.5706963673145014e-05
-182.4,0.92,0.025,0.009797958971132711,0.5248792922602417,0.5278473586035246,0.13300783674025618,0.1887265056611935,0.26490791174700756,-0.00034077355142562277,0.0020707387175663903,0.0008193283420603745,0.0011387506245780494,2.696681920334643e-06,0.11257783301695283,0.15973811439163418,0.2242180565026672,-0.0002884307339266471,0.18194181572649137,0.09322901419012944,0.20704153585541996,-0.10962710137392596,-0.021409421588000157,-0.20010652331014211,-0.04776459827758329,-0.09101083190158046,0.008067216390483233,-0.005286675093448917,0.004298645758509918,1.5709408882272717e-05
-182.24,0.92,0.025,0.009797958971132711,0.5248792922602417,0.5278473586035246,0.13333942430401355,0.18885754257447532,0.2650899250093355,-0.00034038339358526094,0.0020741064557813836,0.0008186324494803465,0.001140716144596623,2.7003330040171233e-06,0.11285848873091707,0.15984902403503592,0.22437211252790157,-0.0002881005043305649,0.18225570570582278,0.09319529675321221,0.2071840479405088,-0.10970193584376885,-0.021606548377492634,-0.200346773882638,-0.04784712160200478,-0.09116787722962519,0.008067216390483233,-0.005286675093448916,0.004303108828148669,1.5711799645959335e-05
-182.07999999999998,0.92,0.025,0.009797958971132711,0.5248792922602417,0.5278473586035246,0.13367155100659334,0.1889884678449794,0.2652722513390471,-0.00033999259585113287,0.0020774779531268295,0.0008179328060020876,0.001142684303319819,2.7039820650512496e-06,0.11313960077198061,0.1599598391839906,0.22452643353336946,-0.00028776973312839887,0.1825699724319135,0.09316126992694485,0.20732680513708918,-0.10977689905517132,-0.021804133185696805,-0.20058716771524182,-0.0479297562664413,-0.09132513309879985,0.008067216390483233,-0.005286675093448918,0.004307570636815382,1.5714135823224106e-05
-181.92,0.92,0.025,0.009797958971132711,0.5248792922602417,0.5278473586035246,0.13400421744959065,0.18911928087192006,0.26545489117298865,-0.00033960115673908404,0.002080853211279767,0.0008172294035984917,0.0011446550994446577,2.7076290671653872e-06,0.11342116964933353,0.16007055932999315,0.2246810198888176,-0.0002874384190639607,0.18288461612918963,0.09312693299274506,0.2074698077874275,-0.10985199118731365,-0.022002176725355736,-0.20082770460501168,-0.048012502218888635,-0.09148259940356994,0.008067216390483231,-0.005286675093448918,0.004312031159317533,1.571641727274045e-05
-181.76,0.92,0.025,0.009797958971132711,0.5248792922602417,0.5278473586035246,0.13433742423486858,0.1892499810532263,0.26563784494796244,-0.00033920907476279934,0.0020842322319126016,0.0008165222342306674,0.001146628531584501,2.711273973876076e-06,0.11370319587239278,0.16018118396345074,0.22483587196395544,-0.0002871065608792334,0.1831996370217585,0.09309228523091256,0.20761305623375667,-0.10992721241935627,-0.022200679709960872,-0.2010683843481398,-0.048095359403834706,-0.0916402760317142,0.008067216390483231,-0.005286675093448916,0.004316490370197374,1.571864385284115e-05
-181.6,0.92,0.025,0.009797958971132711,0.5248792922602417,0.5278473586035246,0.13467117196455738,0.18938056778553988,0.26582111310071127,-0.00033881634843387136,0.0020876150166930906,0.000815811289847926,0.0011486045982684076,2.7149167484875837e-06,0.11398567995080137,0.16029171257368097,0.22499099012844204,-0.00028677415731442874,0.1835150353334072,0.09305732592062789,0.20775655081826402,-0.11000256293043345,-0.02239964285375246,-0.20130920673995106,-0.04817832776223233,-0.09179816286427321,0.00806721639048323,-0.005286675093448916,0.004320948243730978,1.572081542152372e-05
-181.44,0.92,0.025,0.009797958971132711,0.5248792922602417,0.5278473586035246,0.13500546124105375,0.18951104046421358,0.26600469606790267,-0.00033842297626188693,0.002091001567284325,0.0008150965623877724,0.0011505832979405081,2.718557354091174e-06,0.11426862239442791,0.16040214464891037,0.22514637475187282,-0.00028644120710806113,0.1838308112876012,0.09302205433995143,0.20790029188307868,-0.11007804289964676,-0.02259906687171944,-0.20155017157490104,-0.04826140723147301,-0.09195625977549945,0.00806721639048323,-0.005286675093448916,0.004325404753927404,1.5722931836455145e-05
-181.28,0.92,0.025,0.009797958971132711,0.5248792922602417,0.5278473586035246,0.13534029266702016,0.18964139848330927,0.26618859428611374,-0.00033802895675454764,0.0020943918853447148,0.0008143780437758917,0.001152564628959361,2.722195753564561e-06,0.11455202371336587,0.16051247967627297,0.2253020262037667,-0.00028610770899704913,0.18414696510748324,0.09298646976582207,0.20804427977026002,-0.110153652506059,-0.022798952479599992,-0.20179127864657442,-0.04834459774535977,-0.09211456663280587,0.008067216390483233,-0.005286675093448917,0.004329859874527775,1.572499295497772e-05
-181.12,0.92,0.025,0.009797958971132711,0.5248792922602417,0.5278473586035246,0.13567566684538407,0.18977164123559598,0.2663728081918138,-0.000337634288417716,0.0020977859725279727,0.0008136557259261377,0.0011545485895973172,2.725831909571449e-06,0.11483588441793308,0.16062271714180845,0.22545794485355122,-0.0002857736617167548,0.18446349701587164,0.09295057147405608,0.20818851482178374,-0.11022939192868698,-0.022999300393881685,-0.20203252774768302,-0.04842789923408052,-0.0922730832967152,0.008067216390483226,-0.005286675093448915,0.004334313579004443,1.5726998634114345e-05
-180.96,0.92,0.025,0.009797958971132711,0.5248792922602417,0.5278473586035246,0.13601158437933708,0.18990176811254783,0.26655733822135075,-0.00033723896975559377,0.002101183830483099,0.0008129296007405242,0.0011565351780398903,2.729465784560986e-06,0.11512020501867092,0.1607328565304605,0.22561413107055128,-0.0002854390640011346,0.18478040723525915,0.09291435873934581,0.2083329973795313,-0.1103052613464962,-0.023200111331801606,-0.20227391867006433,-0.048511311624181506,-0.09243180962080952,0.008067216390483228,-0.005286675093448916,0.0043387658405601125,1.5728948730575277e-05
-180.79999999999998,0.92,0.025,0.009797958971132711,0.5248792922602417,0.5278473586035246,0.13634804587233432,0.19003177850434258,0.26674218481093237,-0.00033684299927076017,0.0021045854608543637,0.0008121996601092108,0.0011585243923851124,2.733097340766888e-06,0.11540498602634378,0.16084289732607557,0.22577058522397317,-0.0002851039145827714,0.1850976959878114,0.09287783083525879,0.2084777277852753,-0.11038126093839294,-0.023401386011346687,-0.2025154512046795,-0.04859483483854021,-0.09259074545167899,0.00806721639048323,-0.005286675093448916,0.004343216632127021,1.5730843100761873e-05
-180.64,0.92,0.025,0.009797958971132711,0.5248792922602417,0.5278473586035246,0.13668505192809355,0.1901616717998593,0.26692734839661203,-0.00033644637546430874,0.002107990865281291,0.000811465895910493,0.0011605162306429038,2.736726540207212e-06,0.11569022795193838,0.16095283901140092,0.22592730768289243,-0.00028476821219299096,0.18541536349536578,0.09284098703423628,0.20862270638066807,-0.11045739088321863,-0.023603125151253904,-0.2027571251416116,-0.04867846879633887,-0.09274989062887136,0.008067216390483228,-0.005286675093448918,0.0043476659263661,1.5732681600773975e-05
-180.48,0.92,0.025,0.009797958971132711,0.5248792922602417,0.5278473586035246,0.13702260315059459,0.19029144738667664,0.26711282941427067,-0.000336049096835912,0.002111400045398644,0.0008107283000107911,0.001162510690734423,2.740353344683758e-06,0.11597593130666327,0.1610626810680831,0.2260842988162387,-0.0002844319555619159,0.1857334099794298,0.09280382660759222,0.20876793350722778,-0.11053365135974236,-0.02380532947101041,-0.202998940270064,-0.048762213413037145,-0.0929092449848402,0.008067216390483228,-0.005286675093448917,0.004352113695666128,1.5734464086415096e-05
-180.32,0.92,0.025,0.009797958971132711,0.5248792922602417,0.5278473586035246,0.13736070014407833,0.19042110465107104,0.267298628299602,-0.00033565116188397364,0.0021148130028364074,0.0008099868642646382,0.0011645077704914518,2.7439777157813507e-06,0.1162620966019479,0.16117242297666654,0.22624155899278314,-0.0002840951434185953,0.1860518356611799,0.09276634882551218,0.20891340950632672,-0.110610042546655,-0.024007999690854008,-0.2032408963783585,-0.048846068600346175,-0.09306880834489567,0.008067216390483226,-0.005286675093448916,0.004356559912142991,1.573619041319843e-05
-180.16,0.92,0.025,0.009797958971132711,0.5248792922602417,0.5278473586035246,0.13769934351304614,0.19055064297801458,0.2674847454880944,-0.00033525256910570453,0.0021182297392197723,0.000809241580514669,0.0011665074676557358,2.747599614867499e-06,0.11654872434944226,0.16128206421659155,0.22639908858112312,-0.0002837577744910683,0.18637064076145984,0.09272855295705182,0.20905913471917695,-0.11068656462256164,-0.02421113653177309,-0.20348299325393351,-0.048930034266200934,-0.09322858052715194,0.008067216390483228,-0.005286675093448917,0.0043610045476388205,1.5737860436353154e-05
-180.0,0.92,0.025,0.009797958971132711,0.5248792922602417,0.5278473586035246,0.13803853386225898,0.19068006175117327,0.2676711814150148,-0.0003348533169972535,0.0021216502561691186,0.0008084924405916093,0.0011685097798783525,2.7512190030917333e-06,0.11683581506101601,0.16139160426619306,0.22655688794966852,-0.0002834198475064754,0.18668982550077964,0.09269043827013607,0.2092051094868178,-0.11076321776597518,-0.024414740715506977,-0.20372523068334236,-0.04901411031473358,-0.09338856134247671,0.008067216390483226,-0.0052866750934489155,0.004365447573721233,1.573947401083042e-05
-179.84,0.92,0.025,0.009797958971132711,0.5248792922602417,0.5278473586035246,0.13837827179673673,0.1908093603529051,0.26785793651539147,-0.0003344534040537933,0.0021250745553,0.0008077394363142635,0.0011705147047190846,2.7548358413852316e-06,0.11712336924875798,0.1615010426026989,0.22671495746662734,-0.0002830813611911307,0.18700939009931386,0.09265200403155782,0.20935133415010254,-0.11084000215530927,-0.024618812964546218,-0.20396760845225145,-0.049098296646247125,-0.09354875059444112,0.008067216390483226,-0.005286675093448917,0.0043698889616825935,1.5741030991309807e-05
-179.68,0.92,0.025,0.009797958971132711,0.5248792922602417,0.5278473586035246,0.13871855792175738,0.19093853816425807,0.26804501122399743,-0.00033405282876966313,0.0021285026382231267,0.0008069825594895042,0.0011725222396457657,2.7584500904600667e-06,0.11741138742497545,0.16161037870222805,0.22687329749999144,-0.0002827423142706429,0.18732933477690047,0.09261324950697668,0.20949780904968485,-0.11091691796887139,-0.024823354002132664,-0.20421012634543864,-0.04918259315718788,-0.09370914807926756,0.008067216390483226,-0.005286675093448916,0.004374328682539207,1.574253123220516e-05
-179.51999999999998,0.92,0.025,0.009797958971132711,0.5248792922602417,0.5278473586035246,0.13905939284285618,0.19106759456496838,0.26823240597533293,-0.0003336515896384287,0.0021319345065443493,0.0008062218019122605,0.0011745323820336532,2.7620617108089694e-06,0.11769987010219347,0.16171961203978924,0.2270319084175218,-0.0002824027054699661,0.18764965975303932,0.09257417396091798,0.2096445345260057,-0.11099396538485595,-0.025028364552259763,-0.20445278414679113,-0.04926699974011911,-0.09386975358577956,0.008067216390483226,-0.005286675093448917,0.004378766707030604,1.5743974587671245e-05
-179.35999999999999,0.92,0.025,0.009797958971132711,0.5248792922602417,0.5278473586035246,0.139400777165825,0.1911965289334584,0.2684201212036078,-0.0003332496851530953,0.0021353701618646425,0.0008054571553655066,0.0011765451291647878,2.7656706627046714e-06,0.11798881779315429,0.1618287420892792,0.22719079058673367,-0.0002820625335135799,0.18797036524689067,0.09253477665677132,0.2097915109192789,-0.11107114458133696,-0.025233845339672774,-0.2046955816393039,-0.04935151628369406,-0.09403056689535066,0.008067216390483228,-0.0052866750934489155,0.004383203005618818,1.574536091161126e-05
-179.2,0.92,0.025,0.009797958971132711,0.5248792922602417,0.5278473586035246,0.1397427114967114,0.19132534064683485,0.26860815734272553,-0.00033284711380609605,0.0021388096057800903,0.0008046886116202511,0.0011785604782273515,2.7692769061993282e-06,0.11827823101081654,0.16193776832348103,0.2273499443748829,-0.0002817217971254797,0.188291451477274,0.09249505685678966,0.2099387385694791,-0.11114845573626154,-0.02543979708986901,-0.20493851860507808,-0.04943614267262895,-0.09419158778185312,0.008067216390483226,-0.0052866750934489155,0.004387637548487622,1.574669005768092e-05
-179.04,0.92,0.025,0.009797958971132711,0.5248792922602417,0.5278473586035246,0.14008519644181802,0.19145402908088688,0.2687965148262634,-0.00033244387408953147,0.0021422528398818657,0.0008039161624355248,0.0011805784263150354,2.7728804011241895e-06,0.11856811026835477,0.16204669021406265,0.22750937014894934,-0.00028138049502937943,0.18861291866266644,0.09245501382208801,0.2100862178163259,-0.11122589902744187,-0.02564622052909796,-0.2051815948253189,-0.0495208787876764,-0.09435281601160744,0.008067216390483226,-0.0052866750934489155,0.0043920703055418805,1.5747961879297888e-05
-178.88,0.92,0.025,0.009797958971132711,0.5248792922602417,0.5278473586035246,0.14042823260770163,0.19158259361008403,0.26898519408745725,-0.00033203996449521515,0.002145699865756218,0.0008031397995583701,0.0011825989704264024,2.776481107089099e-06,0.11885845607915867,0.16215550723157512,0.22766906827562383,-0.00028103862594875014,0.18893476702120146,0.09241464681264219,0.2102339489992719,-0.11130347463254897,-0.025853116384361594,-0.20542481008033378,-0.049605724505598574,-0.09451425134333151,0.008067216390483228,-0.0052866750934489155,0.00439650124640682,1.5749176229647084e-05
-178.72,0.92,0.025,0.009797958971132711,0.5248792922602417,0.5278473586035246,0.14077182060117233,0.19171103360757458,0.2691741955591819,-0.0003316353835148033,0.0021491506849844544,0.0008023595147238294,0.0011846221074642413,2.78007898348196e-06,0.11914926895683227,0.16226421884545114,0.22782903912129154,-0.00028069618860692954,0.18925699677066732,0.09237395508728788,0.21038193245748746,-0.11138118272910469,-0.0260604853834145,-0.205668164149531,-0.049690679699140025,-0.09467589352808894,0.008067216390483226,-0.0052866750934489155,0.004400930340427352,1.5750332961687572e-05
-178.56,0.92,0.025,0.009797958971132711,0.5248792922602417,0.5278473586035246,0.14111596102929302,0.19183934844518324,0.2693635196739342,-0.000331230129639968,0.0021526052991429232,0.0008015752996549339,0.0011866478342349395,2.783673989468171e-06,0.11944054941519362,0.16237282452400312,0.2279892830520179,-0.0002803531817272689,0.18957960812850597,0.09233293790371912,0.21053016852984746,-0.11145902349447483,-0.026268328254764158,-0.20591165681141743,-0.04977574423700133,-0.09483774230923915,0.008067216390483226,-0.005286675093448916,0.004405357556667422,1.57514319281599e-05
-178.4,0.92,0.025,0.009797958971132711,0.5248792922602417,0.5278473586035246,0.1414606544993783,0.19196753749340967,0.2695531668638148,-0.00033082420136246854,0.0021560637098029995,0.0008007871460626922,0.0011886761474478368,2.7872660839904673e-06,0.11973229796827381,0.16248132373442195,0.22814980043353286,-0.00028000960403319337,0.1899026013118112,0.0922915945184874,0.21067865755491672,-0.11153699710586175,-0.026476645727671163,-0.2061552878435971,-0.04986091798381185,-0.0949997974223855,0.008067216390483228,-0.005286675093448917,0.004409782863909331,1.5752472981593366e-05
-178.24,0.92,0.025,0.009797958971132711,0.5248792922602417,0.5278473586035246,0.14180590161899376,0.19209560012142612,0.26974313756050955,-0.0003304175971743053,0.0021595259185310644,0.0007999950456460789,0.001190707043714603,2.7908552257680814e-06,0.12002451513031633,0.16258971594277508,0.22831059163121528,-0.000279665454248332,0.19022597653732748,0.09224992418700037,0.21082739987093557,-0.1116151037402967,-0.026685438532149285,-0.20639905702276898,-0.04994620080010358,-0.09516205859532582,0.008067216390483228,-0.005286675093448916,0.004414206230653157,1.5753455974312266e-05
-178.07999999999998,0.92,0.025,0.009797958971132711,0.5248792922602417,0.5278473586035246,0.14215170299595523,0.19222353569707584,0.26993343219527255,-0.00033001031556782116,0.002162991926888494,0.0007991989900920237,0.0011927405195485785,2.7944413732964657e-06,0.12031720141577651,0.162698000614005,0.2284716570100787,-0.00027932073109660383,0.1905497340214486,0.09220792616352065,0.2109763958158066,-0.11169334357463302,-0.0268947073989659,-0.2066429641247257,-0.050031592542283385,-0.09532452554799968,0.008067216390483228,-0.005286675093448919,0.004418627625116018,1.5754380758443057e-05
-177.92,0.92,0.025,0.009797958971132711,0.5248792922602417,0.5278473586035246,0.1424980592383281,0.19235134358687098,0.27012405119890587,-0.00032960235503588336,0.0021664617364316363,0.000798398971075399,0.0011947765713641626,2.7980244848471566e-06,0.1206103573393209,0.1628061772119276,0.22863299693475395,-0.0002789754333023717,0.1908738739802161,0.0921655997011646,0.21112564572707854,-0.11177171678553781,-0.027104453059642004,-0.20688700892435116,-0.050117093062607254,-0.09548719799243952,0.008067216390483226,-0.005286675093448918,0.0044230470152315906,1.5755247185923894e-05
-177.76,0.92,0.025,0.009797958971132711,0.5248792922602417,0.5278473586035246,0.14284497095442616,0.19247902315599075,0.2703149950017426,-0.0003291937140719661,0.0021699353487118003,0.0007975949802590105,0.00119681519547616,2.8016045184665492e-06,0.12090398341582631,0.1629142451992306,0.22879461176947496,-0.00027862955959051213,0.19119839662931798,0.09212294405190137,0.2112751499419332,-0.11185022354948501,-0.02731467624645248,-0.20713119119561918,-0.050202702209152836,-0.09565007563271845,0.008067216390483226,-0.005286675093448914,0.004427464368649414,1.575605510850808e-05
-177.6,0.92,0.025,0.009797958971132711,0.5248792922602417,0.5278473586035246,0.14319243875281112,0.19260657376827936,0.27050626403362776,-0.0003287843911702961,0.0021734127652752373,0.000796787009293584,0.0011988563880991551,2.805181431976517e-06,0.12119808016037933,0.16302220403747167,0.22895650187806255,-0.00027828310868653866,0.19152330218408709,0.09207995846655137,0.21142490879717035,-0.11192886404274777,-0.02752537769242642,-0.20737551071159163,-0.050288419825793074,-0.09581315816490042,0.008067216390483226,-0.005286675093448916,0.0044318796527343515,1.575680437777566e-05
-177.44,0.92,0.025,0.009797958971132711,0.5248792922602417,0.5278473586035246,0.14354046324229167,0.19273399478624423,0.2706978587238993,-0.00032837438482600346,0.002176893987663121,0.0007959750498177553,0.0012009001453468777,2.808755182972955e-06,0.12149264808827567,0.16313005318707713,0.22911866762390837,-0.00027793607931672935,0.19184859085949973,0.09203664219478536,0.21157492262919272,-0.11200763844139049,-0.027736558131347053,-0.20761996724441625,-0.05037424575216951,-0.09597644527698938,0.008067216390483228,-0.0052866750934489155,0.004436292834566029,1.5757494845137426e-05
-177.28,0.92,0.025,0.009797958971132711,0.5248792922602417,0.5278473586035246,0.1438890450319227,0.192861285571054,0.27088977950136983,-0.0003279636935352743,0.002180379017411536,0.0007951590934580578,0.0012029464632315572,2.8123257288260772e-06,0.12178768771501938,0.16323779210734013,0.22928110936995943,-0.0002775884702082562,0.19217426287017453,0.09199299448512319,0.2117251917739919,-0.11208654692126159,-0.027948218297752275,-0.20786456056532532,-0.050460179823665165,-0.09613993664887785,0.008067216390483226,-0.0052866750934489155,0.004440703880938223,1.5758126361845328e-05
-177.12,0.92,0.025,0.009797958971132711,0.5248792922602417,0.5278473586035246,0.14423818473100442,0.1929884454825365,0.27108202679430676,-0.00032755231579540545,0.0021838678560514558,0.0007943391318289127,0.0012049953376633033,2.815893026679761e-06,0.12208319955632214,0.1633454202564189,0.22944382747870126,-0.0002772402800892312,0.19250031843037044,0.09194901458493253,0.21187571656713244,-0.11216558965798529,-0.02816035892693455,-0.2081092904446334,-0.05054622187137842,-0.09630363195229745,0.008067216390483228,-0.005286675093448915,0.004445112758358392,1.5758698778998034e-05
-176.96,0.92,0.025,0.009797958971132711,0.5248792922602417,0.5278473586035246,0.14458788294908156,0.19311547387917707,0.2712746010304148,-0.0003271402501050796,0.002187360505108731,0.0007935151565326161,0.0012070467644494686,2.819457033451108e-06,0.12237918412810264,0.1634529370913355,0.22960682231214308,-0.0002768915076889394,0.19282675775398597,0.09190470174042788,0.21202649734373832,-0.11224476682695458,-0.028372980754941317,-0.20835415665173582,-0.0506323717220962,-0.09646753085076794,0.008067216390483228,-0.0052866750934489155,0.004449519433047104,1.5759211947550655e-05
-176.79999999999998,0.92,0.025,0.009797958971132711,0.5248792922602417,0.5278473586035246,0.14493814029594268,0.19324237011811626,0.27146750263681463,-0.00032672749496436714,0.0021908569661040684,0.0007926871591593289,0.0012091007392940082,2.8230177058300665e-06,0.12267564194648589,0.16356034206797362,0.22977009423179992,-0.00027654215173784035,0.19315358105455713,0.09186005519666914,0.21217753443847623,-0.11232407860332243,-0.028586084518575052,-0.20859915895510678,-0.050718629198267015,-0.09663163299954611,0.008067216390483228,-0.0052866750934489155,0.004453923870937533,1.5759665718320486e-05
-176.64,0.92,0.025,0.009797958971132711,0.5248792922602417,0.5278473586035246,0.14528895738161918,0.1933691335551482,0.2716607320400255,-0.0003263140488749762,0.002194357240553016,0.0007918551312870647,0.00121115725779686,2.8265750002792326e-06,0.12297257352780248,0.16366763464107745,0.2299336435986776,-0.00027619221096777984,0.19348078854525638,0.09181507419756059,0.21232882818554177,-0.1124035251619948,-0.02879967095539356,-0.2088442971222974,-0.050804994117974955,-0.09679593804557643,0.008067216390483226,-0.005286675093448915,0.004458326037674975,1.5760059941997355e-05
-176.48,0.92,0.025,0.009797958971132711,0.5248792922602417,0.5278473586035246,0.14564033481638453,0.19349576354471848,0.27185428966594466,-0.00032589991034032807,0.0021978613299659462,0.0007910190644816786,0.001213216315453305,2.830128873033058e-06,0.12326997938858787,0.16377481426424972,0.23009747077325557,-0.0002758416841120537,0.193808380438891,0.09176975798584971,0.2124803789186433,-0.11248310667762222,-0.029013740803710178,-0.20908957091993402,-0.050891466294912674,-0.09696044562743969,0.008067216390483228,-0.005286675093448917,0.0044627258986163435,1.5760394469149e-05
-176.32,0.92,0.025,0.009797958971132711,0.5248792922602417,0.5278473586035246,0.14599227321075345,0.19362225943992223,0.2720481759398288,-0.0003254850778657596,0.0022013692358480367,0.0007901789502968564,0.0012152779076533417,2.8336792800979885e-06,0.12356786004558172,0.1638818803899502,0.23026157611547107,-0.0002754905699055789,0.19413635694790174,0.09172410580312594,0.2126321869709875,-0.1125628233245923,-0.0292282948025938,-0.2093349801137163,-0.05097804553835508,-0.09712515537530338,0.008067216390483224,-0.0052866750934489155,0.0044671234188297165,1.5760669150231967e-05
-176.16,0.92,0.025,0.009797958971132711,0.5248792922602417,0.5278473586035246,0.14634477317548106,0.1937486205925022,0.2722423912862733,-0.0003250695499586337,0.0022048809596992556,0.000789334780274103,0.001217342029681055,2.8372261772516557e-06,0.12386621601572717,0.16398883246949386,0.23042595998470175,-0.00027513886708498754,0.1944647182843612,0.09167811688981943,0.2127842526752631,-0.11264267527702124,-0.029443333691869196,-0.20958052446841532,-0.05106473165313286,-0.09729006691087104,0.008067216390483224,-0.0052866750934489155,0.004471518563093884,1.5760883835597593e-05
-176.0,0.92,0.025,0.009797958971132711,0.5248792922602417,0.5278473586035246,0.14669783532156208,0.1938748463528469,0.2724369361291936,-0.00032465332512848853,0.0022083965030143455,0.0007884865459427307,0.0012194086767139903,2.840769520042826e-06,0.12416504781617015,0.16409566995304964,0.23059062273974948,-0.0002747865743887527,0.19479346465997266,0.0916317904852001,0.21293657636362595,-0.11272266270874615,-0.02965885821211731,-0.20982620374787203,-0.051151524439605994,-0.09745517984733235,0.008067216390483226,-0.005286675093448915,0.004475911295897907,1.5761038375501396e-05
-175.84,0.92,0.025,0.009797958971132711,0.5248792922602417,0.5278473586035246,0.14705146026022994,0.19400093606998842,0.27263181089180466,-0.00032423640188722716,0.0022119158672828034,0.0007876342388198484,0.0012214778438225209,2.844309263790746e-06,0.12446435596425863,0.1642023922896382,0.23075556473882347,-0.0002744336905573491,0.19512259628606826,0.09158512582737606,0.21308915836768316,-0.11280278579331693,-0.029874869104675263,-0.2100720177149951,-0.051238423693637236,-0.09762049378931276,0.008067216390483228,-0.005286675093448918,0.004480301581440685,1.5761132620110894e-05
-175.68,0.92,0.025,0.009797958971132711,0.5248792922602417,0.5278473586035246,0.14740564860295602,0.1941268890916007,0.27282701599660075,-0.0003238187787492304,0.0022154390539888638,0.00078677785041035,0.0012235495259692237,2.8478453635852112e-06,0.12476414097754197,0.16430899892713083,0.2309207863395229,-0.0002740802143333486,0.19545211337360796,0.09153812215329286,0.21324199901847724,-0.11288304470398781,-0.030091367111636555,-0.21031796613175904,-0.051325429206565826,-0.09778600833282344,0.008067216390483228,-0.005286675093448918,0.004484689383630567,1.576116641951498e-05
-175.51999999999998,0.92,0.025,0.009797958971132711,0.5248792922602417,0.5278473586035246,0.1477604009614487,0.19425270476399747,0.2730225518653369,-0.0003234004542315175,0.0022189660646114834,0.0007859173722069034,0.001225623718008259,2.851377774285884e-06,0.1250644033737702,0.16441548931224748,0.23108628789882119,-0.00027372614446155645,0.1957820161331776,0.09149077869873204,0.21339509864647135,-0.11296343961371001,-0.030308352975851303,-0.21056404875920262,-0.051412540765181314,-0.0979517230652119,0.008067216390483226,-0.0052866750934489155,0.00448907466608494,1.576113962373114e-05
-175.35999999999999,0.92,0.025,0.009797958971132711,0.5248792922602417,0.5278473586035246,0.14811571794765263,0.19437838243213026,0.27321841891900656,-0.0003229814268539444,0.002222496900624326,0.0007850527956899383,0.001227700414684739,2.854906450522041e-06,0.1253651436708932,0.16452186289055507,0.23125206977304716,-0.0002733714796891786,0.19611230477498778,0.09144309469830988,0.213548457581532,-0.11304397069512241,-0.030525827440926603,-0.210810265357427,-0.05149975815169709,-0.09811763756511148,0.008067216390483226,-0.005286675093448917,0.004493457392129881,1.576105208271517e-05
-175.2,0.92,0.025,0.009797958971132711,0.5248792922602417,0.5278473586035246,0.14847160017374778,0.19450392143958656,0.2734146175778231,-0.00032256169513930204,0.0022260315634957373,0.0007841841123276367,0.001229779610634104,2.858431346692296e-06,0.1256663623870601,0.16462811910646608,0.23141813231786948,-0.00027301621876590524,0.19644297950887238,0.09139506938547648,0.2137020761529142,-0.11312463812054431,-0.030743791251226234,-0.21105661568559356,-0.05158708114372401,-0.09828375140239162,0.008067216390483226,-0.0052866750934489155,0.0044978375247997525,1.5760903646368885e-05
-175.04,0.92,0.025,0.009797958971132711,0.5248792922602417,0.5278473586035246,0.14882804825214857,0.1946293211285878,0.2736111482611986,-0.0003221412576135083,0.0022295700546887376,0.0007833113135759194,0.0012318613003815069,2.8619524169642386e-06,0.12596806004061856,0.16473425740323672,0.2315844758882785,-0.00027266036044407344,0.1967740405442868,0.09134670199251449,0.21385595468924518,-0.11320544206196663,-0.030962245151871404,-0.2113030995019224,-0.0516745095142446,-0.09845006413810867,0.008067216390483226,-0.005286675093448916,0.004502215026836902,1.5760694164549326e-05
-174.88,0.92,0.025,0.009797958971132711,0.5248792922602417,0.5278473586035246,0.1491850627955032,0.1947545808399872,0.2738080113877236,-0.0003217201128057769,0.002233112375660997,0.0007824343908784361,0.0012339454783411846,2.8654696152743026e-06,0.1262702371501139,0.16484027722296518,0.23175110083856926,-0.00027230390347880956,0.19710548809030673,0.09129799175053752,0.2140100935185082,-0.11328638269104359,-0.031181189888740527,-0.21154971656369018,-0.05176204303158649,-0.09861657532445568,0.008067216390483228,-0.005286675093448916,0.004506589860691297,1.5760423487078282e-05
-174.72,0.92,0.025,0.009797958971132711,0.5248792922602417,0.5278473586035246,0.14954264441669257,0.19487969991326823,0.2740052073751465,-0.0003212982592487708,0.0022366585278648216,0.0007815533356665536,0.0012360321388158457,2.868982895327209e-06,0.1265728942342886,0.16494617800659023,0.231918007522324,-0.00027194684662815963,0.1974373223556267,0.09124893788948972,0.21416449296802642,-0.11336746017908464,-0.03140062620846958,-0.21179646662722862,-0.05184968145939672,-0.09878328450471363,0.008067216390483228,-0.005286675093448918,0.004510961988520245,1.5760091463750156e-05
-174.56,0.92,0.025,0.009797958971132711,0.5248792922602417,0.5278473586035246,0.14990079372882958,0.1950046776865422,0.274202736640353,-0.00032087569547875584,0.0022402085127471356,0.000780668139359345,0.0012381212759960442,2.872492210595786e-06,0.12687603181208137,0.16505195919388932,0.2320851962923948,-0.00027158918865321895,0.19776954354855844,0.09119953963814384,0.2143191533644469,-0.11344867469704573,-0.03162055485845219,-0.2120433494479223,-0.05193742455661533,-0.09895019121320121,0.008067216390483226,-0.005286675093448916,0.004515331372188057,1.5759697944341094e-05
-174.4,0.92,0.025,0.009797958971132711,0.5248792922602417,0.5278473586035246,0.1502595113452582,0.19512951349654659,0.27440059959934476,-0.00032045242003578815,0.0022437623317494645,0.0007797787933635772,0.0012402128839595656,2.875997514320726e-06,0.12717965040262655,0.16515762022347705,0.2322526675008854,-0.0002712309283182911,0.19810215187702934,0.09114979622410053,0.21447407503372368,-0.11353002641552096,-0.03184097658684002,-0.21229036478020705,-0.05202527207744954,-0.09911729497522606,0.008067216390483228,-0.005286675093448917,0.004519697973265802,1.5759242778618643e-05
-174.24,0.92,0.025,0.009797958971132711,0.5248792922602417,0.5278473586035246,0.15061879787955254,0.19525420667864296,0.2745987966672197,-0.0003200284314638533,0.0022473199863079158,0.000778885289073701,0.001242306956670812,2.8794987595101793e-06,0.12748375052525326,0.1652631605328034,0.23242042149913478,-0.00027087206439100546,0.19843514754858135,0.09109970687378699,0.21462925830110235,-0.11361151550473433,-0.03206189214254257,-0.21253751237756777,-0.052113223771347854,-0.09928459530703548,0.008067216390483228,-0.005286675093448918,0.004524061753031008,1.5758725816349796e-05
-174.07999999999998,0.92,0.025,0.009797958971132711,0.5248792922602417,0.5278473586035246,0.15097865394551616,0.19537875656681497,0.2747973282581494,-0.00031960372831108127,0.0022508814778531626,0.0007779876178718386,0.0012444034879801865,2.8829958989396987e-06,0.1277883326994849,0.1653685795581522,0.23258845863769767,-0.0002705125956424992,0.198768530770369,0.09104927081245566,0.2147847034911023,-0.11369314213453066,-0.032283302275227674,-0.2127847919925369,-0.05220127938297415,-0.09945209171576735,0.008067216390483226,-0.005286675093448917,0.004528422672467449,1.5758146907311884e-05
-173.92,0.92,0.025,0.009797958971132711,0.5248792922602417,0.5278473586035246,0.151339080157181,0.19550316249366642,0.2749961947853597,-0.0003191783091298625,0.002254446807810428,0.0007770857711277733,0.0012465024716234797,2.886488885151746e-06,0.128093397445038,0.16547387673463926,0.23275677926632846,-0.00027015252084751563,0.19910230174915816,0.09099848726418325,0.21494041092750163,-0.11377490647436778,-0.03250520773532161,-0.2130322033766924,-0.05228943865218182,-0.09961978369940117,0.008067216390483228,-0.005286675093448917,0.004532780692264878,1.575750590129996e-05
-173.76,0.92,0.025,0.009797958971132711,0.5248792922602417,0.5278473586035246,0.15170007712880665,0.1956274237904194,0.2751953966611082,-0.00031875217247705656,0.0022580159775994653,0.000776179740198938,0.0012486039012212582,2.8899776704555296e-06,0.12839894528182194,0.165579051496211,0.232925383733962,-0.0002697918387845807,0.19943646069132456,0.09094735545186947,0.21509638093331923,-0.11385680869330715,-0.03272760927400914,-0.21327974628065596,-0.05237770131398811,-0.09978767074670923,0.008067216390483226,-0.005286675093448917,0.004537135772818834,1.5756802648137143e-05
-173.6,0.92,0.025,0.009797958971132711,0.5248792922602417,0.5278473586035246,0.15206164547487944,0.1957515397869121,0.27539493429666395,-0.0003183253169141699,0.00226158898863454,0.0007752695164304023,0.0012507077702782557,2.893462206926897e-06,0.12870497672993797,0.1656841032756424,0.23309427238869637,-0.0002694305482361534,0.19977100780285226,0.09089587459723582,0.2152526138307989,-0.11393884896000586,-0.0329505076432338,-0.21352742045409073,-0.052466067098548355,-0.09995575233720792,0.008067216390483228,-0.005286675093448917,0.00454148787423043,1.5756036997684606e-05
-173.44,0.92,0.025,0.009797958971132711,0.5248792922602417,0.5278473586035246,0.15242378581011143,0.19587550981159688,0.2755948081022851,-0.00031789774100749547,0.002265165842324414,0.0007743550911548637,0.0012528140721827612,2.8969424464077305e-06,0.12901149230967832,0.1657890315045356,0.23326344557777412,-0.00026906864798874417,0.20010594328933198,0.09084404392082426,0.21540910994139198,-0.11402102744270748,-0.033173903595698065,-0.21377522564570015,-0.05255453573113036,-0.10012402794110904,0.008067216390483228,-0.00528667509344892,0.00454583695630617,1.5755208799849116e-05
-173.28,0.92,0.025,0.009797958971132711,0.5248792922602417,0.5278473586035246,0.15278649874943984,0.19599933319153848,0.2757950184871988,-0.00031746944332836183,0.002268746540072328,0.0007734364556926345,0.0012549228002060174,2.9004183405061757e-06,0.1293184925415259,0.16589383561331816,0.23343290364756505,-0.00026870613683312546,0.20044126735595993,0.09079186264199636,0.21556586958574123,-0.11410334430923375,-0.033397797884863384,-0.21402316160322535,-0.052643106932088964,-0.1002924970192716,0.008067216390483226,-0.005286675093448917,0.004550182978557788,1.5754317904595432e-05
-173.12,0.92,0.025,0.009797958971132711,0.5248792922602417,0.5278473586035246,0.1531497849080257,0.19612300925241177,0.2759955658595785,-0.00031704042245318825,0.0022723310832759827,0.0007725136013516312,0.00125703394750161,2.9038898405959722e-06,0.12962597794615296,0.16599851503124133,0.23360264694354727,-0.00026834301356437856,0.20077698020753593,0.09073932997893178,0.21572289308366346,-0.11418579972697548,-0.03362219126495058,-0.2142712280734438,-0.05273178041684037,-0.10046115902315318,0.008067216390483228,-0.005286675093448919,0.004554525900202086,1.5753364161952295e-05
-172.96,0.92,0.025,0.009797958971132711,0.5248792922602417,0.5278473586035246,0.1535136449012535,0.19624653731849998,0.2761964506265221,-0.00031661067696380315,0.0022759194733275212,0.0007715865194273629,0.0012591475071048652,2.9073568978166326e-06,0.12993394904442096,0.16610306918637838,0.23377267581028832,-0.000267979276982163,0.20111308204846218,0.09068644514862725,0.21588018075413173,-0.11426839386288369,-0.033847084490939754,-0.214519424802167,-0.05282055589583679,-0.10063001339476174,0.008067216390483226,-0.005286675093448917,0.0045588656801608205,1.57523474220259e-05
-172.79999999999998,0.92,0.025,0.009797958971132711,0.5248792922602417,0.5278473586035246,0.15387807934472986,0.1963699167126926,0.2763976731940321,-0.00031618020544754797,0.002279511711613513,0.0007706552012029203,0.0012612634719322531,2.9108194630728873e-06,0.13024240635737935,0.16620749750562303,0.23394299059142876,-0.0002676149258908046,0.2014495730827416,0.09063320736689535,0.21603773291526046,-0.11435112688346151,-0.03407247831857064,-0.214767751534239,-0.05290943307454132,-0.10079905956660813,0.008067216390483224,-0.0052866750934489155,0.00456320227706056,1.575126753500693e-05
-172.64,0.92,0.025,0.009797958971132711,0.5248792922602417,0.5278473586035246,0.15424308885428278,0.19649314675648344,0.2765992339669912,-0.00031574900649743805,0.0022831077995149347,0.000769719637948964,0.0012633818347807834,2.9142774870347626e-06,0.13055135040626495,0.1663117994146876,0.23411359162966136,-0.00026724995909943155,0.2017864535139764,0.09057961584836341,0.21619554988428574,-0.1144339989547542,-0.03429837350434272,-0.21501620801353427,-0.05299841165340245,-0.10096829696165764,0.008067216390483228,-0.005286675093448918,0.004567535649232623,1.575012435118127e-05
-172.48,0.92,0.025,0.009797958971132711,0.5248792922602417,0.5278473586035246,0.15460867404596093,0.1966162267699686,0.27680113334914247,-0.0003153170787124391,0.0022867077384071516,0.0007687798209237135,0.0012655025883274052,2.9177309201371426e-06,0.13086078171250135,0.16641597433810143,0.2342844792667142,-0.00026688437542220846,0.2021237235453663,0.090525669806472,0.21635363197754992,-0.11451701024234122,-0.03452477080551528,-0.21526479398295567,-0.05308749132782885,-0.10113772499328229,0.008067216390483224,-0.005286675093448916,0.004571865754712947,1.57489177209403e-05
-172.32,0.92,0.025,0.009797958971132711,0.5248792922602417,0.5278473586035246,0.15497483553603245,0.19673915607184447,0.27700337174306633,-0.000314884420697588,0.002290311529659902,0.0007678357413729358,0.0012676257251284131,2.9211797125797265e-06,0.13117070079769788,0.16652002169920918,0.23445565384333136,-0.00026651817367843853,0.20246138337970754,0.09047136845347417,0.2165119795104836,-0.1146001609113268,-0.03475167098010771,-0.21551350918443288,-0.05317667178816432,-0.10130734306521326,0.008067216390483222,-0.005286675093448916,0.004576192551242056,1.5747647494790424e-05
-172.16,0.92,0.025,0.009797958971132711,0.5248792922602417,0.5278473586035246,0.15534157394098422,0.19686193397940574,0.2772059495501587,-0.00031445103106413357,0.002293919174637279,0.0007668873905299341,0.0012697512376188573,2.9246238143269536e-06,0.13148110818364905,0.16662394092016902,0.23462711569925435,-0.0002661513526926827,0.20279943321939076,0.0904167110004338,0.21667059279758846,-0.11468345112633106,-0.03497907478689964,-0.21576235335892033,-0.05326595271966298,-0.1014771505714939,0.008067216390483226,-0.005286675093448917,0.0045805159962650135,1.574631352336263e-05
-172.0,0.92,0.025,0.009797958971132711,0.5248792922602417,0.5278473586035246,0.15570888987752093,0.19698455980854362,0.2774088671706088,-0.0003140169084298569,0.0022975306746977108,0.0007659347596155361,0.0012718791181119441,2.9280631751074863e-06,0.1317920043923337,0.16672773142195133,0.2347988651732033,-0.00026578391129503093,0.20313787326639987,0.09036169665722503,0.21682947215241963,-0.11476688105148104,-0.03520698298543096,-0.2160113262463952,-0.053355333802464,-0.10164714689643177,0.008067216390483226,-0.005286675093448918,0.004584836046931378,1.574491565742353e-05
-171.84,0.92,0.025,0.009797958971132711,0.5248792922602417,0.5278473586035246,0.15607678396256422,0.19710703287374345,0.277612125003377,-0.0003135820514191386,0.0023011460311939437,0.0007649778398380834,0.0012740093587984497,2.9314977444143423e-06,0.13210338994591436,0.16683139262433647,0.2349709026028583,-0.00026541584832115894,0.2034767037223104,0.09030632463253033,0.21698861788756854,-0.1148504508504017,-0.035435396336002116,-0.21626042758585579,-0.053444814711566965,-0.10181733141455196,0.008067216390483224,-0.005286675093448916,0.004589152660095194,1.574345374788448e-05
-171.68,0.92,0.025,0.009797958971132711,0.5248792922602417,0.5278473586035246,0.15644525681325158,0.19722935248808304,0.2778157234461724,-0.00031314645866322555,0.0023047652454730263,0.00076401662239342,0.0012761419517461309,2.934927471504777e-06,0.13241526536673615,0.1669349239459135,0.23514322832484033,-0.00026504716261255414,0.20381592478828783,0.09025059413383991,0.21714803031464514,-0.11493416068620674,-0.03566431559967425,-0.2165096571153193,-0.05353439511680693,-0.10198770349054993,0.008067216390483224,-0.005286675093448918,0.004593465792314996,1.5741927645813165e-05
-171.51999999999998,0.92,0.025,0.009797958971132711,0.5248792922602417,0.5278473586035246,0.1568143090469357,0.19735151796323033,0.2780196628954303,-0.0003127101288003751,0.0023083883188762875,0.0007630510984648803,0.0012782768888991423,2.9383523053997053e-06,0.1327276311773264,0.16703832480407815,0.23531584267469222,-0.0002646778530166375,0.2041555366650862,0.0901945043674501,0.21730770974426017,-0.11501801072148951,-0.035893741538269235,-0.21675901457182004,-0.05362407468283008,-0.10215826247924507,0.008067216390483224,-0.0052866750934489155,0.0045977753998538455,1.574033720244154e-05
-171.35999999999999,0.92,0.025,0.009797958971132711,0.5248792922602417,0.5278473586035246,0.15718394128118332,0.19747352860944187,0.27822394374628995,-0.0003122730604761014,0.0023120152527393227,0.0007620812592232783,0.0012804141620774425,2.941772194884137e-06,0.13304048790039358,0.1671415946150316,0.23548874598685982,-0.00026430791838697224,0.2044955395530466,0.09013805453846252,0.21746765648600797,-0.11510200111831403,-0.036123674914370046,-0.21700849969140762,-0.05371385306906851,-0.10232900772553326,0.008067216390483222,-0.0052866750934489155,0.004602081438679328,1.5738682269179007e-05
-171.2,0.92,0.025,0.009797958971132711,0.5248792922602417,0.5278473586035246,0.15755415413377452,0.19759538373556026,0.2784285663925717,-0.00031183525234331844,0.002315646048391974,0.000761107095826897,0.0012825537629762272,2.945187088506615e-06,0.13335383605882675,0.16724473279377822,0.2356619385946727,-0.00026393735758338473,0.20483593365209551,0.09008124385078257,0.21762787084844804,-0.11518613203820562,-0.036354116491320636,-0.2172581122091451,-0.053803729929716486,-0.1024999385643416,0.008067216390483224,-0.005286675093448916,0.004606383864463668,1.5736962697620426e-05
-171.04,0.92,0.025,0.009797958971132711,0.5248792922602417,0.5278473586035246,0.15792494822270164,0.19771708264901275,0.27863353122675477,-0.00031139670306256614,0.0023192807071583097,0.0007601285994214755,0.0012846956831653379,2.948596934579307e-06,0.13366767617569467,0.1673477387541244,0.23583542083032524,-0.000263566169472156,0.20517671916174343,0.09002407150711851,0.2177883531390881,-0.11527040364214185,-0.03658506703322634,-0.21750785185910654,-0.053893704913705535,-0.1026710543205812,0.008067216390483224,-0.005286675093448916,0.004610682632583752,1.5735178339557756e-05
-170.88,0.92,0.025,0.009797958971132711,0.5248792922602417,0.5278473586035246,0.1582963241661684,0.19783862465580854,0.27883883863995373,-0.0003109574113022096,0.0023229192303566106,0.0007591457611401992,0.0012868399140886898,2.952001681177707e-06,0.13398200877424493,0.16745061190867636,0.23600919302485684,-0.0002631943529261902,0.20551789628108288,0.08996653670898003,0.2179491036643652,-0.11535481609054314,-0.036816527304953744,-0.21775771837437574,-0.053983777664680266,-0.1028423543091016,0.008067216390483224,-0.005286675093448914,0.004614977698121257,1.5733329046989932e-05
-170.72,0.92,0.025,0.009797958971132711,0.5248792922602417,0.5278473586035246,0.15866828258258892,0.19796000906053737,0.27904448902189666,-0.0003105173757386086,0.0023265616192993496,0.0007581585721036877,0.0012889864470636992,2.955401276140731e-06,0.13429683437790327,0.16755335166883883,0.23618325550813335,-0.0002628219068251583,0.2058594652087875,0.08990863865667718,0.21811012272962876,-0.11543936954326373,-0.03704849807213113,-0.21800771148704404,-0.054073947820974334,-0.10301383783464488,0.008067216390483224,-0.005286675093448915,0.004619269015862742,1.5731414672133622e-05
-170.56,0.92,0.025,0.009797958971132711,0.5248792922602417,0.5278473586035246,0.159040824090587,0.19808123516636728,0.2792504827609014,-0.0003100765950563888,0.0023302078752931743,0.0007571670234199833,0.0012911352732807046,2.9587956670705477e-06,0.13461215351027284,0.16765595744481326,0.23635760860882699,-0.0002624488300557275,0.20620142614310993,0.08985037654931927,0.2182714106391219,-0.11552406415958215,-0.03728098010114847,-0.21825783092820833,-0.054164215015586,-0.10318550419179964,0.008067216390483224,-0.005286675093448916,0.004623556540299781,1.572943506743473e-05
-170.4,0.92,0.025,0.009797958971132711,0.5248792922602417,0.5278473586035246,0.15941394930899497,0.19820230227504246,0.27945682024385293,-0.0003096350679485524,0.0023338579996388864,0.0007561711061845412,0.0012932863838024048,2.9621848013322428e-06,0.13492796669513335,0.16775842864559595,0.23653225265439715,-0.00026207512151165476,0.20654377928188067,0.0897917495848134,0.21843296769596357,-0.11560890009819194,-0.0375139741591574,-0.21850807642796913,-0.05425457887615454,-0.10335735266495606,0.008067216390483224,-0.0052866750934489155,0.004627840225629114,1.572739008557668e-05
-170.24,0.92,0.025,0.009797958971132711,0.5248792922602417,0.5278473586035246,0.15978765885685275,0.19832320968688144,0.2796635018561806,-0.0003091927931167385,0.002337511993631427,0.0007551708114802155,0.001295439769563281,2.965568626054166e-06,0.1352442744564402,0.16786076467897645,0.23670718797107126,-0.0002617007800940075,0.2068865248225062,0.08973275695986349,0.21859479420213085,-0.11569387751719258,-0.03774748101407178,-0.21875844771542874,-0.05434503902493581,-0.10352938252825972,0.008067216390483224,-0.005286675093448916,0.0046321200257527844,1.572527957949353e-05
-170.07999999999998,0.92,0.025,0.009797958971132711,0.5248792922602417,0.5278473586035246,0.1601619533534071,0.19844395670077497,0.2798705279818345,-0.0003087497692714496,0.0023411698585598575,0.0007541661303772505,0.0012975954213690466,2.9689470881274545e-06,0.13556107731832379,0.16796296495153595,0.23688241488382472,-0.0002613258047113549,0.20722966296196754,0.08967339786996906,0.21875689045844007,-0.11577899657407961,-0.03798150143456739,-0.2190089445186894,-0.05443559507877914,-0.10370159304556774,0.008067216390483222,-0.005286675093448916,0.004636395894278376,1.5723103402379753e-05
-169.92,0.92,0.025,0.009797958971132711,0.5248792922602417,0.5278473586035246,0.16053683341811043,0.19856454261418408,0.2800778990032624,-0.00030830599513216876,0.0023448315957073384,0.0007531570539332682,0.001299753329896073,2.9723201342061347e-06,0.13587837580508866,0.1680650288686454,0.2370579337163613,-0.00026095019427986767,0.2075731938968187,0.08961367150942398,0.21891925676452909,-0.11586425742573564,-0.03821603619008232,-0.2192595665648511,-0.05452624664910313,-0.10387398347040294,0.008067216390483224,-0.005286675093448916,0.004640667784519166,1.5720861407700096e-05
-169.76,0.92,0.025,0.009797958971132711,0.5248792922602417,0.5278473586035246,0.16091229967062007,0.19868496672313796,0.2802856153013868,-0.0003078614694276705,0.0023484972063511143,0.0007521435731932569,0.001301913485690835,2.9756877107070953e-06,0.13619617044121282,0.16816695583446398,0.2372337447910938,-0.00026057394772358033,0.20791711782318506,0.08955357707131531,0.21908189341883882,-0.11594966022842065,-0.03845108605081705,-0.2195103135800097,-0.05461699334187225,-0.10404655304590957,0.008067216390483222,-0.0052866750934489155,0.004644935649494358,1.5718553449202287e-05
-169.6,0.92,0.025,0.009797958971132711,0.5248792922602417,0.5278473586035246,0.1612883527307972,0.19880522832223196,0.28049367725558133,-0.0003074161908961483,0.002352166691762495,0.0007511256791895601,0.0013040758791693515,2.9790497638099735e-06,0.13651446175134677,0.16826874525193714,0.23740984842912405,-0.00026019706397449995,0.20826143493676189,0.08949311374752204,0.21924480071859517,-0.11603520513776275,-0.03868665178773461,-0.2197611852892552,-0.05470783475757332,-0.1042193010048086,0.00806721639048322,-0.005286675093448915,0.0046491994419293175,1.571617938092637e-05
-169.44,0.92,0.025,0.009797958971132711,0.5248792922602417,0.5278473586035246,0.16166499321870592,0.19892532670462568,0.2807020852436471,-0.0003069701582854865,0.002355840053206837,0.0007501033629418656,0.001306240500616635,2.982406239457046e-06,0.1368332502603127,0.16837039652279517,0.2375862449502229,-0.0002598195419728358,0.20860614543281258,0.08943228072871398,0.21940797895978997,-0.11612089230874835,-0.03892273417256068,-0.22001218141666973,-0.054798770491192327,-0.10439222656935383,0.008067216390483222,-0.005286675093448917,0.00465345911425584,1.571373905721646e-05
-169.28,0.92,0.025,0.009797958971132711,0.5248792922602417,0.5278473586035246,0.16204222175461241,0.1990452611620408,0.28091083964179003,-0.0003065233703534171,0.002359517291943523,0.0007490766154571935,0.001308407340186137,2.985757083353276e-06,0.13715253649310397,0.16847190904755133,0.2377629346728111,-0.00025944138066713227,0.20895124950616734,0.08937107720435053,0.21957142843716357,-0.11620672189571302,-0.03915933397778366,-0.22026330168532524,-0.05488980013219103,-0.10456532895128771,0.008067216390483222,-0.005286675093448918,0.004657714618612403,1.5711232332731093e-05
-169.12,0.92,0.025,0.009797958971132711,0.5248792922602417,0.5278473586035246,0.16242003895898377,0.19916503098475916,0.28111994082459635,-0.0003060758258677745,0.0023631984092259456,0.0007480454277298856,0.001310576387899203,2.9891022409662503e-06,0.13747232097488388,0.16857328222550017,0.23793991791393837,-0.00025906257901448437,0.2092967473512214,0.08930950236267948,0.21973514944418526,-0.11629269405233168,-0.03939645197665488,-0.22051454581728205,-0.05498092326448403,-0.1047386073517976,0.008067216390483222,-0.005286675093448918,0.004661965906844484,1.570865906245491e-05
-168.96,0.92,0.025,0.009797958971132711,0.5248792922602417,0.5278473586035246,0.16279844545248717,0.19928463546162054,0.28132938916500916,-0.00030562752360669033,0.0023668834063014896,0.0007470097907415932,0.001312747633644521,2.9924416575261343e-06,0.13779260423098516,0.16867451545471562,0.23811719498926376,-0.0002586831359807027,0.2096426391619333,0.08924755539073578,0.21989914227303511,-0.11637880893160893,-0.03963408894318879,-0.22076591353358666,-0.055072139466415475,-0.104912060961472,0.008067216390483222,-0.005286675093448917,0.004666212930504851,1.570601910170932e-05
-168.79999999999998,0.92,0.025,0.009797958971132711,0.5248792922602417,0.5278473586035246,0.1631774418559889,0.19940407388002096,0.2815391850343063,-0.0003051784623587874,0.0023705722844115113,0.0007459696954612673,0.0013149210671775863,2.9957752780256775e-06,0.13811338678690901,0.16877560813204975,0.23829476621303686,-0.00025830305054047766,0.20998892513182374,0.08918523547434049,0.22006340721458645,-0.11646506668587006,-0.0398722456521629,-0.22101740455426977,-0.0551634483107366,-0.10508568896025766,0.008067216390483224,-0.005286675093448916,0.0046704556408538895,1.5703312306163242e-05
-168.64,0.92,0.025,0.009797958971132711,0.5248792922602417,0.5278473586035246,0.1635570287905534,0.19952334552591033,0.2817493288020736,-0.00030472864092343134,0.0023742650447913217,0.0007449251328451454,0.0013170966781201538,2.9991030472201184e-06,0.1384346691683244,0.1688765596531305,0.2384726318980751,-0.0002579223216775923,0.21033560545397356,0.08912254179809931,0.2202279445583848,-0.11655146746675032,-0.04011092287911812,-0.22126901859834447,-0.055254849364582574,-0.10525949051741589,0.008067216390483224,-0.005286675093448918,0.004674693988859973,1.5700538531844748e-05
-168.48,0.92,0.025,0.009797958971132711,0.5248792922602417,0.5278473586035246,0.16393720687744223,0.1996424496837906,0.28195982083618415,-0.00030427805811092515,0.002377961688670165,0.0007438760938367411,0.0013192744559597106,3.002424909627227e-06,0.1387564519010671,0.16897736941236038,0.23865079235574627,-0.00025754094838508705,0.2106826803210224,0.08905947354540165,0.2203927545926318,-0.11663801142518644,-0.04035012140035868,-0.2215207553838039,-0.05534634218945036,-0.10543346479148052,0.00806721639048322,-0.005286675093448916,0.00467892792519981,1.5697697635151842e-05
-168.32,0.92,0.025,0.009797958971132711,0.5248792922602417,0.5278473586035246,0.1643179767381132,0.19976138563671358,0.2821706615027722,-0.0003038267127427438,0.0023816622172712055,0.0007428225693668344,0.001321454390048933,3.0057408095275296e-06,0.139078735511139,0.1690780368029144,0.2388292478959464,-0.0002571589296654584,0.21103014992516686,0.08899602989841932,0.22055783760416434,-0.11672469871140602,-0.040589841992952354,-0.22177261462762,-0.05543792634117572,-0.10560761093021459,0.008067216390483222,-0.0052866750934489155,0.004683157400258841,1.5694789472864878e-05
-168.16,0.92,0.025,0.009797958971132711,0.5248792922602417,0.5278473586035246,0.16469933899421926,0.19988015266627912,0.2823818511662106,-0.0003033746036517255,0.0023853666318115027,0.0007417645503534566,0.0013236364696051592,3.009050690963965e-06,0.1394015205247072,0.16917856121673866,0.23900799882708068,-0.00025677626453082044,0.2113780144581592,0.0889322100381054,0.2207231938784372,-0.11681152947491844,-0.0408300854347307,-0.22202459604574065,-0.05552960136991111,-0.10578192807056808,0.00806721639048322,-0.005286675093448917,0.004687382364131621,1.5691813902155978e-05
-168.0,0.92,0.025,0.009797958971132711,0.5248792922602417,0.5278473586035246,0.1650812942676077,0.1999987500526328,0.28259339018908647,-0.0003029217296823028,0.0023890749335019976,0.0007407020277018831,0.0013258206837098666,3.0123544977419104e-06,0.13972480746810317,0.1692789420445484,0.2391870454560428,-0.0002563929520031011,0.2117262741113055,0.08886801314419286,0.22088882369950363,-0.11689850386450493,-0.04107085250428895,-0.22227669935308852,-0.05562136682010363,-0.10595641533863637,0.008067216390483219,-0.005286675093448916,0.004691602766622271,1.5688770780600606e-05
-167.84,0.92,0.025,0.009797958971132711,0.5248792922602417,0.5278473586035246,0.16546384318031895,0.20011717707446403,0.2828052789321766,-0.0003024680896907377,0.0023927871235474903,0.0007396349923046195,0.001328007021308141,3.0156521734296873e-06,0.14004859686782198,0.16937917867582636,0.2393663880881943,-0.00025600899111424043,0.2120749290754641,0.08880343839519349,0.22105472734999637,-0.11698562202820863,-0.0413121439809862,-0.2225289242635586,-0.05571322223047255,-0.10613107184961779,0.00806721639048322,-0.005286675093448918,0.004695818557244901,1.5685659966190814e-05
-167.68,0.92,0.025,0.009797958971132711,0.5248792922602417,0.5278473586035246,0.1658469863545859,0.20023543300900415,0.28301751775442385,-0.00030201368254534165,0.0023965032031466236,0.0007385634350413918,0.0013301954712081595,3.018943661357891e-06,0.1403728892505215,0.1694792704988211,0.23954602702734437,-0.00025562438090637716,0.21242397954104417,0.0887384849683969,0.2212209051111087,-0.11707288411332503,-0.04155396064494556,-0.2227812704900163,-0.055805167133987726,-0.10630589670777232,0.008067216390483222,-0.005286675093448916,0.00470002968522408,1.5682481317344044e-05
-167.51999999999998,0.92,0.025,0.009797958971132711,0.5248792922602417,0.5278473586035246,0.16623072441283246,0.20035351713202407,0.2832301070129133,-0.00030155850712665914,0.0024002231734918645,0.0007374873467791332,0.0013323860220806716,3.0222289046200674e-06,0.1406976851430214,0.16957921690054517,0.2397259625757298,-0.0002552391204320043,0.21277342569800364,0.08867315203986882,0.22138735726257594,-0.11716029026639221,-0.04179630327705447,-0.22303373774429572,-0.055897201057847526,-0.10648088900638032,0.008067216390483222,-0.005286675093448919,0.004704236099495304,1.56792346929161e-05
-167.35999999999999,0.92,0.025,0.009797958971132711,0.5248792922602417,0.5278473586035246,0.16661505797767312,0.20047142871783247,0.283443047062847,-0.00030110256232772245,0.0024039470357694825,0.0007364067183719751,0.001334578662458482,3.025507846072393e-06,0.14102298507230254,0.1696790172667734,0.2399061950339937,-0.0002548532087541843,0.21312326773584822,0.0886074387844505,0.2215540840826556,-0.11724784063318067,-0.04203917265896432,-0.2232863257371973,-0.05598932352345715,-0.10665604782770102,0.008067216390483224,-0.005286675093448921,0.004708437748705497,1.56759199522118e-05
-167.2,0.92,0.025,0.009797958971132711,0.5248792922602417,0.5278473586035246,0.16699998767191152,0.20058916703927368,0.28365633825752085,-0.0003006458470542899,0.0024076747911595336,0.0007353215406612345,0.0013367733807359457,3.0287804283338325e-06,0.14134878956550592,0.16977867098204125,0.24008672470116565,-0.00025446664494675097,0.21347350584362923,0.08854134437575704,0.22172108584810907,-0.11733553535868398,-0.04228256957309102,-0.2235390341784861,-0.05608153404640734,-0.1068313722429324,0.00806721639048322,-0.005286675093448918,0.004712634581213538,1.5672536954996964e-05
-167.04,0.92,0.025,0.009797958971132711,0.5248792922602417,0.5278473586035246,0.16738551411853958,0.2007067313677255,0.28386998094829946,-0.00030018836022505135,0.0024114064408358405,0.0007342318044754026,0.0013389701651684573,3.0320465937861815e-06,0.1416750991499319,0.16987817742964287,0.2402675518746407,-0.00025407942809448346,0.21382414020994217,0.08847486798617638,0.22188836283418203,-0.1174233745871085,-0.0425264948026149,-0.22379186277688978,-0.056173832136452814,-0.10700686131217037,0.008067216390483222,-0.005286675093448918,0.004716826545090792,1.566908556150952e-05
-166.88,0.92,0.025,0.009797958971132711,0.5248792922602417,0.5278473586035246,0.16777163794073666,0.20082412097309738,0.2840839754845922,-0.0002997301007718205,0.0024151419859659747,0.0007331375006301346,0.0013411690038719446,3.035306284574122e-06,0.14200191435303952,0.16997753599162962,0.24044867685015883,-0.0002536915572932689,0.21417517102292524,0.08840800878686818,0.22205591531458552,-0.11751135846186372,-0.04277094913148089,-0.22404481124009662,-0.056266217297490984,-0.10718251408436832,0.008067216390483224,-0.005286675093448921,0.004721013588121655,1.5665565632470288e-05
-166.72,0.92,0.025,0.009797958971132711,0.5248792922602417,0.5278473586035246,0.16815835976186833,0.20094133512382825,0.28429832221382867,-0.00029927106763982987,0.002418881427711234,0.0007320386199282369,0.0013433698848223717,3.0385594426053885e-06,0.14232923570244535,0.17007674604880824,0.2406300999217846,-0.000253303031650352,0.21452659847025754,0.08834076594776244,0.2222237435614767,-0.11759948712555232,-0.04301593334439855,-0.2242978792747533,-0.05635868902754097,-0.10735832959729752,0.00806721639048322,-0.00528667509344892,0.004725195657804138,1.5661977029096013e-05
-166.56,0.92,0.025,0.009797958971132711,0.5248792922602417,0.5278473586035246,0.1685456802054855,0.2010583730868843,0.28451302148143376,-0.000298811259787891,0.0024226247672266277,0.0007309351531596572,0.001345572795855239,3.0418060095508653e-06,0.14265706372592293,0.17017580698073886,0.24081182138188553,-0.000252913850284471,0.21487842273915733,0.08827313863755838,0.22239184784543928,-0.11768776071995996,-0.04326144822684222,-0.2245510665864632,-0.05645124681872254,-0.10753430687750719,0.00806721639048322,-0.005286675093448918,0.0047293727013504585,1.5658319613109777e-05
-166.4,0.92,0.025,0.009797958971132711,0.5248792922602417,0.5278473586035246,0.16893359989532333,0.20117523412775729,0.28472807363080405,-0.0002983506761887092,0.0024263720056608563,0.0007298270911014725,0.001347777724665093,3.0450459268444224e-06,0.14298539895140167,0.17027471816573378,0.24099384152111256,-0.0002525240123261235,0.21523064401638073,0.08820512602372339,0.22256022843546486,-0.1177761793860459,-0.04350749456505118,-0.22480437287978447,-0.05654389015723542,-0.1077104449402853,0.00806721639048322,-0.005286675093448918,0.0047335446656876475,1.565459324675305e-05
-166.24,0.92,0.025,0.009797958971132711,0.5248792922602417,0.5278473586035246,0.16932211945530037,0.20129191751046216,0.2849434790032828,-0.0002978893158289941,0.002430123144156292,0.000728714424517878,0.001349984658805034,3.0482791356834577e-06,0.14331424190696623,0.17037347898085517,0.2411761606283786,-0.0002521335169176606,0.2155832624882197,0.08813672727249156,0.22272888559893342,-0.11786474326393262,-0.04375407314602969,-0.22505779785822766,-0.05663661852333861,-0.10788674278961942,0.008067216390483222,-0.005286675093448919,0.004737711497458183,1.5650797792796853e-05
-166.07999999999998,0.92,0.025,0.009797958971132711,0.5248792922602417,0.5278473586035246,0.16971123950951733,0.20140842249753516,0.2851592379381344,-0.00029742717770975214,0.002433878183848958,0.0007275971441601757,0.0013521935856862317,3.0515055770284905e-06,0.14364359312085548,0.17047208880191375,0.241358778990837,-0.00025174236321353423,0.2159362783405007,0.08806794154886263,0.22289781960159316,-0.11795345249289563,-0.04400118475754701,-0.22531134122425386,-0.0567294313913299,-0.10806319941815797,0.008067216390483222,-0.00528667509344892,0.004741873143020653,1.5646933114552656e-05
-165.92,0.92,0.025,0.009797958971132711,0.5248792922602417,0.5278473586035246,0.17010096068225625,0.20152474835003165,0.2853753507725211,-0.0002969642608465613,0.0024376371258685134,0.0007264752407667636,0.0013544044925774415,3.054725191603789e-06,0.1439734531214617,0.1705705470034668,0.24154169689386185,-0.00025135055038052947,0.21628969175858292,0.08799876801660086,0.2230670307075421,-0.11804230721135399,-0.044248830188137675,-0.225565002679273,-0.05682232822952554,-0.10823981380717156,0.008067216390483219,-0.00528667509344892,0.004746029548450403,1.564299907588639e-05
-165.76,0.92,0.025,0.009797958971132711,0.5248792922602417,0.5278473586035246,0.1704912835979794,0.20164089432752408,0.28559181784147764,-0.0002965005642697184,0.00244139997133823,0.0007253487050631235,0.001356617366604523,3.0579379198970612e-06,0.14430382243732978,0.1706688529588164,0.2417249146210267,-0.00025095807759788967,0.21664350292735657,0.08792920583823358,0.2232365191792085,-0.11813130755685998,-0.0444970102271015,-0.22581878192364138,-0.05691530850023987,-0.10841658492651475,0.008067216390483222,-0.00528667509344892,0.00475018065954022,1.56389955412272e-05
-165.6,0.92,0.025,0.009797958971132711,0.5248792922602417,0.5278473586035246,0.17088220888132824,0.20175685968810006,0.2858086394778866,-0.00029603608702452404,0.0024451667213749757,0.0007242175277618106,0.0013588321947499782,3.0611437021599644e-06,0.14463470159715622,0.1707670060400079,0.24190843245408322,-0.00025056494405755717,0.21699771203124138,0.08785925417505037,0.22340628527733106,-0.1182204536660892,-0.044745725664503674,-0.22607267865666011,-0.05700837165976588,-0.10859351173458898,0.00806721639048322,-0.005286675093448919,0.004754326421801086,1.5634922375581322e-05
-165.44,0.92,0.025,0.009797958971132711,0.5248792922602417,0.5278473586035246,0.17127373715712238,0.20187264368836008,0.28602581601245325,-0.0002955708281714685,0.0024489373770891945,0.000723081699562442,0.0013610489638524617,3.064342478407847e-06,0.1449660911297884,0.17086500561782797,0.24209225067294043,-0.000250171148964331,0.21735231925418474,0.0877889121871015,0.22357632926093937,-0.11830974567483023,-0.044994977291174826,-0.22632669257657265,-0.057101517158354646,-0.10877059317830358,0.008067216390483222,-0.005286675093448921,0.004758466780462845,1.563077944454153e-05
-165.28,0.92,0.025,0.009797958971132711,0.5248792922602417,0.5278473586035246,0.1716658690503586,0.20198824558341552,0.286243347773681,-0.00029510478678654013,0.0024527119395848862,0.0007219412111516853,0.0013632676606063247,3.0675341884202632e-06,0.14529799156422352,0.1709628510618029,0.2422763695556436,-0.00024977669153612757,0.21770732477966018,0.08771817903319692,0.2237466513873346,-0.11839918371797477,-0.04524476589871119,-0.2265808233805631,-0.05719474444019596,-0.10894782819303943,0.008067216390483222,-0.005286675093448921,0.004762601680474975,1.562656661430133e-05
-165.12,0.92,0.025,0.009797958971132711,0.5248792922602417,0.5278473586035246,0.1720586051862099,0.20210366462688667,0.28646123508784677,-0.00029463796196133984,0.0024564904099595893,0.0007207960532032473,0.0013654882715611585,3.0707187717410375e-06,0.14563040342960806,0.1710605417401969,0.24246078937835353,-0.0002493815710040781,0.21806272879066585,0.08764705387090502,0.22391725191207018,-0.1184887679295076,-0.04549509227947462,-0.2268350707647541,-0.05728805294339919,-0.10912521570261241,0.008067216390483222,-0.00528667509344892,0.004766731066507379,1.5622283751664367e-05
-164.96,0.92,0.025,0.009797958971132711,0.5248792922602417,0.5278473586035246,0.17245194619002424,0.20221890007090054,0.2866794782789752,-0.0002941703528034512,0.00246027278930436,0.000719646216377863,0.0013677107831213157,3.0738961676782134e-06,0.14596332725523653,0.17115807702001024,0.24264551041532464,-0.00024898578661284107,0.21841853146972237,0.08757553585655137,0.22408813108893139,-0.11857849844249627,-0.04574595722659278,-0.22708943442420496,-0.05738144209997303,-0.10930275461923529,0.008067216390483222,-0.005286675093448921,0.004770854882951106,1.561793072405759e-05
-164.79999999999998,0.92,0.025,0.009797958971132711,0.5248792922602417,0.5278473586035246,0.17284589268732367,0.20233395116608877,0.28689807766881464,-0.0002937019584365772,0.0024640590787037534,0.0007184916913232843,0.00136993518154548,3.077066315304335e-06,0.14629676357055077,0.17125545626697755,0.24283053293888474,-0.000248589337620719,0.21877473299887173,0.08750362414521769,0.22425928916991666,-0.11866837538908112,-0.04599736153395913,-0.22734391405290927,-0.05747491133580743,-0.1094804438434833,0.00806721639048322,-0.005286675093448919,0.004774973073919233,1.561350739954174e-05
-164.64,0.92,0.025,0.009797958971132711,0.5248792922602417,0.5278473586035246,0.1732404453038033,0.20244881716158566,0.2871170335768114,-0.0002932327780007746,0.0024678492792358036,0.0007173324686742682,0.0013721614529461931,3.0802291534569607e-06,0.14663071290513913,0.17135267884556613,0.24301585721941318,-0.0002481922232998556,0.21913133355967532,0.08743131789074038,0.22443072640521727,-0.11875839890046501,-0.046249305996233024,-0.22759850934379322,-0.057568460070653575,-0.1096582822642565,0.008067216390483222,-0.00528667509344892,0.004779085583247611,1.5609013646824125e-05
-164.48,0.92,0.025,0.009797958971132711,0.5248792922602417,0.5278473586035246,0.17363560466533018,0.20256349730502607,0.2873363463200851,-0.00029276281065274964,0.0024716433919720056,0.0007161685390525664,0.001374389583289423,3.0833846207381957e-06,0.14696517578873547,0.17144974411897407,0.24320148352532003,-0.0002477944429364873,0.2194883333332123,0.08735861624570962,0.22460244304319774,-0.11884856910690327,-0.046501791408839935,-0.2278532199887135,-0.057662087718105735,-0.10983626875874518,0.008067216390483222,-0.005286675093448921,0.00478319235449576,1.560444933526915e-05
-164.32,0.92,0.025,0.009797958971132711,0.5248792922602417,0.5278473586035246,0.1740313713979422,0.20267799084254318,0.2875560162134032,-0.00029229205556608243,0.002475441417977294,0.0007149998930669131,0.0013766195583941134,3.0865326555154958e-06,0.14730015275121827,0.17154665144912856,0.24338741212302448,-0.00024739599583113215,0.2198457325000778,0.08728551836146795,0.22477443933037639,-0.11893888613769343,-0.046754818567971326,-0.22810804567845508,-0.05775579368558222,-0.11001440219239403,0.008067216390483224,-0.005286675093448921,0.004787293330947705,1.559981433491187e-05
-164.16,0.92,0.025,0.009797958971132711,0.5248792922602417,0.5278473586035246,0.1744277461278472,0.2027922970187666,0.28777604356915654,-0.0002918205119313631,0.0024792433583100243,0.000713826521313015,0.0013788513639317508,3.0896731959215347e-06,0.14763564432260987,0.17164340019668406,0.2435736432769341,-0.00024699688129870576,0.22020353124038158,0.08721202338810911,0.22494671551140538,-0.1190293501211652,-0.04700838827058481,-0.22836298610272937,-0.05784957737430717,-0.11019268141886754,0.008067216390483222,-0.005286675093448919,0.00479138845561286,1.55951085164669e-05
-164.0,0.92,0.025,0.009797958971132711,0.5248792922602417,0.5278473586035246,0.1748247294814218,0.20290641507682022,0.2879964286973333,-0.0002913481789565784,0.0024830492140219553,0.0007126484143735385,0.0013810849854259252,3.0928061798545067e-06,0.1479716510330754,0.17173998972102064,0.2437601772494229,-0.0002465970986688479,0.22056172973374588,0.087138130474477,0.2251192718290509,-0.11911996118466993,-0.0472625013144044,-0.2286180409501722,-0.05794343817929198,-0.11037110528001491,0.008067216390483222,-0.00528667509344892,0.00479547767122693,1.559033175134293e-05
-163.84,0.92,0.025,0.009797958971132711,0.5248792922602417,0.5278473586035246,0.17522232208521035,0.20302034425832008,0.28821717190549434,-0.00029087505586722026,0.0024868589861582256,0.0007114655628181001,0.0013833204082519064,3.0959315449783044e-06,0.14830817341292205,0.17183641938024213,0.24394701430081042,-0.0002461966472860152,0.2209203281593042,0.0870638387681642,0.2252921085241734,-0.11921071945457076,-0.04751715849792026,-0.22887320990834173,-0.05803737548931749,-0.11054967260583631,0.008067216390483222,-0.00528667509344892,0.004799560920252831,1.558548391165218e-05
-163.68,0.92,0.025,0.009797958971132711,0.5248792922602417,0.5278473586035246,0.17562052456592392,0.2031340838033723,0.28843827349874795,-0.0002904011419066051,0.0024906726757573374,0.0007102779572032534,0.0013855576176362123,3.099049228722865e-06,0.148645211992598,0.17193268853117433,0.24413415468934027,-0.00024579552650975055,0.22127932669569914,0.08698914741551093,0.22546522583570783,-0.11930162505623212,-0.047772360620389094,-0.2291284926637163,-0.0581313886869157,-0.11072838221444836,0.008067216390483224,-0.005286675093448922,0.004803638144881619,1.558056487022386e-05
-163.51999999999998,0.92,0.025,0.009797958971132711,0.5248792922602417,0.5278473586035246,0.17601933755043925,0.20324763295057105,0.28865973377972437,-0.0002899264363360492,0.0024944902838511343,0.0007090855880724793,0.0013877965986561942,3.102159168284299e-06,0.14898276730269178,0.17202879652936334,0.2443215986711587,-0.00024539373571483205,0.2216387255210813,0.08691405556160398,0.22563862400064358,-0.11939267811400962,-0.04802810848183403,-0.2293838889016924,-0.058225477148352356,-0.11090723291205114,0.00806721639048322,-0.005286675093448919,0.004807709287033454,1.5575574500614465e-05
-163.35999999999999,0.92,0.025,0.009797958971132711,0.5248792922602417,0.5278473586035246,0.1764187616657975,0.20336099093699636,0.2888815530485504,-0.0002894509384351701,0.002498311811464785,0.0007078884459561743,0.001390037336239615,3.1052613006250404e-06,0.14932083987393102,0.17212474272907372,0.24450934650029307,-0.000244991274291528,0.22199852481310686,0.08683856235027518,0.22581230325400475,-0.11948387875123967,-0.048284402883044794,-0.229639398306583,-0.05831964024360913,-0.11108622349289432,0.00806721639048322,-0.00528667509344892,0.004811774288358575,1.5570512677120295e-05
-163.2,0.92,0.025,0.009797958971132711,0.5248792922602417,0.5278473586035246,0.1768187975392035,0.20347415699821217,0.28910373160282443,-0.0002889746475020325,0.0025021372596167606,0.0007066865213716391,0.00139227981516424,3.108355562474274e-06,0.14965943023718184,0.17222052648328678,0.2446973984286306,-0.00024458814164572034,0.22235872474893648,0.08676266692410053,0.22598626382883027,-0.11957522709022934,-0.048541244625577684,-0.22989502056161495,-0.058413877336366334,-0.11126535273924482,0.008067216390483222,-0.005286675093448921,0.004815833090238289,1.556537927478811e-05
-163.04,0.92,0.025,0.009797958971132711,0.5248792922602417,0.5278473586035246,0.1772194457980244,0.20358713036826398,0.28932626973759096,-0.00028849756285348883,0.002505966629318815,0.0007054798048230674,0.0013945240200574306,3.111441890328123e-06,0.14999853892344786,0.17231614714369864,0.244885754705897,-0.000244184337199193,0.22271932550523338,0.0866863684243987,0.22616050595615395,-0.11966672325224605,-0.04879863451175575,-0.23015075534892732,-0.05850818778398579,-0.11144461942135409,0.008067216390483222,-0.005286675093448919,0.004819885633785991,1.5560174169428358e-05
-162.88,0.92,0.025,0.009797958971132711,0.5248792922602417,0.5278473586035246,0.17762070706978864,0.2036999102796771,0.2895491677453147,-0.0002880196838253212,0.002509799921575966,0.0007042682868015346,0.0013967699353957348,3.114520220449961e-06,0.1503381664638691,0.1724116040607187,0.24507441557963436,-0.0002437798603897519,0.2230803272581615,0.08660966599123023,0.2263350298649841,-0.11975836735750703,-0.04905657334466874,-0.2304066023495691,-0.058602570937493596,-0.11162402229742564,0.008067216390483222,-0.005286675093448921,0.004823931859848187,1.55548972376254e-05
-162.72,0.92,0.025,0.009797958971132711,0.5248792922602417,0.5278473586035246,0.17802258198218504,0.2038124959634542,0.28977242591585606,-0.00028754100977257385,0.0025136371373864776,0.0007030519577849871,0.0013990175455045012,3.1175904888704973e-06,0.15067831338972143,0.17250689658346763,0.24526338129518058,-0.0002433747106715065,0.223441730183384,0.08653255876339574,0.2265098357822843,-0.11985015952516949,-0.04931506192817332,-0.23066256124349743,-0.0586970261415638,-0.11180356011358411,0.00806721639048322,-0.005286675093448918,0.004827971709005569,1.554954835675006e-05
-162.56,0.92,0.025,0.009797958971132711,0.5248792922602417,0.5278473586035246,0.1784250711630615,0.2039248866490734,0.2899960445364448,-0.0002870615400696721,0.002517478277741836,0.00070183080823823,0.0014012668345574708,3.12065263138834e-06,0.15101898023241525,0.17260202405977573,0.24545265209564687,-0.0002429688875149705,0.2238035344560614,0.08645504587843533,0.22668492393295284,-0.11994209987331972,-0.04957410106689305,-0.23091863170957522,-0.05879155273450121,-0.11198323160384281,0.008067216390483224,-0.0052866750934489224,0.004832005121574055,1.5544127404970274e-05
-162.4,0.92,0.025,0.009797958971132711,0.5248792922602417,0.5278473586035246,0.17882817524042413,0.20403708156448633,0.2902200238916552,-0.0002865812741107655,0.002521323343626731,0.0007006048286129166,0.0014035177865763988,3.1237065835700232e-06,0.151360167523495,0.17269698583618123,0.24564222822189696,-0.00024256239040735194,0.22416574025085,0.08637712647262703,0.22686029453980291,-0.12003418851896333,-0.0498336915662184,-0.23117481342556917,-0.05888615004822534,-0.1121630354900734,0.008067216390483219,-0.005286675093448921,0.004836032037605899,1.5538634261263562e-05
-162.24,0.92,0.025,0.009797958971132711,0.5248792922602417,0.5278473586035246,0.17923189484243596,0.2041490799361155,0.29044436426338005,-0.00028610021130991923,0.0025251723360190386,0.0006993740093475384,0.0014057703854306676,3.1267522807504593e-06,0.1517018757946378,0.17279178125792816,0.24583210991252488,-0.00024215521885271566,0.2245283477419001,0.0862987996809856,0.2270359478235423,-0.12012642557801437,-0.05009383423230684,-0.23143110606814796,-0.05898081740825425,-0.1123429704819752,0.008067216390483219,-0.005286675093448918,0.00484005239689081,1.553306880542843e-05
-162.07999999999998,0.92,0.025,0.009797958971132711,0.5248792922602417,0.5278473586035246,0.17963623059741593,0.20426088098885284,0.2906690659308055,-0.0002856183511013396,0.002529025255889799,0.0006981383408674106,0.0014080246148368992,3.1297896580332296e-06,0.15204410557765285,0.17288640966896504,0.24602229740383377,-0.00024174737237217384,0.22489135710285407,0.08622006463726153,0.22721188400275374,-0.12021881116528534,-0.05035452987208305,-0.23168750931287999,-0.05907555413368805,-0.11252303527704408,0.008067216390483219,-0.005286675093448918,0.00484406613895703,1.5527430918095635e-05
-161.92,0.92,0.025,0.009797958971132711,0.5248792922602417,0.5278473586035246,0.1800411831338378,0.20437248394605706,0.29089412917038543,-0.00028513569293962425,0.002532882104203196,0.0006968978135846642,0.001410280458358595,3.132818650290789e-06,0.15238685740448032,0.1729808704119427,0.24621279092981424,-0.00024133885050409796,0.22525476850684503,0.08614092047393967,0.22738810329387457,-0.12031134539447673,-0.05061577929323874,-0.23194402283423105,-0.05917035953719375,-0.11270322856054384,0.008067216390483219,-0.005286675093448919,0.004848073203072549,1.5521720480739674e-05
-161.76,0.92,0.025,0.009797958971132711,0.5248792922602417,0.5278473586035246,0.18044675308032906,0.20448388802955186,0.2911195542558157,-0.000284652236300019,0.0025367428819165383,0.000695652417898233,0.001412537899405756,3.135839192164899e-06,0.15273013180719053,0.1730751628282127,0.24640359072212242,-0.00024092965280433608,0.22561858212649485,0.08606136632223808,0.22756460591117664,-0.12040402837816662,-0.05087758330423287,-0.2322006463055628,-0.05926523292498922,-0.11288354900547583,0.008067216390483217,-0.00528667509344892,0.004852073528246224,1.5515937375690984e-05
-161.6,0.92,0.025,0.009797958971132711,0.5248792922602417,0.5278473586035246,0.1808529410656699,0.20459509245962362,0.29134534145800856,-0.0002841679806785918,0.002540607589980239,0.0006944021441938427,0.0014147969212345206,3.1388512180670113e-06,0.15307392931798303,0.17316928625782543,0.24659469701005846,-0.00024051977884636012,0.22598279813391228,0.08598140131210671,0.22774139206674615,-0.12049686022780022,-0.05113994271429165,-0.23245737939913025,-0.05936017359682792,-0.11306399527255014,0.008067216390483217,-0.005286675093448919,0.004856067053228986,1.551008148614665e-05
-161.44,0.92,0.025,0.009797958971132711,0.5248792922602417,0.5278473586035246,0.1812597477187919,0.20470609645501955,0.2915714910450673,-0.0002836829255925616,0.0025444762293377952,0.0006931469828440005,0.0014170575069468029,3.1418546621781747e-06,0.15341825046918547,0.17326324003952856,0.24678611002054499,-0.00024010922822154414,0.22634741670069178,0.08590102457222645,0.22791846197046364,-0.12058984105367967,-0.05140285833340857,-0.23271422178607992,-0.05945518084598365,-0.11324456601015669,0.008067216390483217,-0.005286675093448919,0.004860053716515027,1.5504152696181907e-05
-161.28,0.92,0.025,0.009797958971132711,0.5248792922602417,0.5278473586035246,0.1816671736687771,0.20481689923294522,0.29179800328226024,-0.00028319707058044487,0.0025483488009257686,0.0006918869242079816,0.0014193196394899398,3.1448494584500887e-06,0.15376309579325295,0.17335702351076485,0.24697782997810508,-0.00023969800053928855,0.22671243799791102,0.08582023523000776,0.22809581582998378,-0.1206829709649534,-0.05166633097234455,-0.2329711731364475,-0.05955025395923558,-0.11342525985433702,0.008067216390483217,-0.005286675093448921,0.004864033456343033,1.549815089076261e-05
-161.12,0.92,0.025,0.009797958971132711,0.5248792922602417,0.5278473586035246,0.18207521954485684,0.20492750000906274,0.2920248784319953,-0.0002827104152023046,0.0025522253056737645,0.0006906219586318217,0.0014215833016563396,3.1478355406050038e-06,0.15410846582276683,0.17345063600767072,0.24716985710484085,-0.0002392860954272306,0.22707786219612983,0.08573903241158942,0.22827345385071512,-0.12077625006960585,-0.05193036144262784,-0.23322823311915616,-0.05964539221685348,-0.11360607542875636,0.008067216390483217,-0.005286675093448921,0.004868006210697425,1.5492075955755273e-05
-160.96,0.92,0.025,0.009797958971132711,0.5248792922602417,0.5278473586035246,0.18248388597641063,0.20503789799748845,0.29225211675379426,-0.00028222295904006866,0.0025561057445044125,0.0006893520764483022,0.001423848476083138,3.1508128421359515e-06,0.15445436109043398,0.17354407686507423,0.24736219162041148,-0.00023887351253151413,0.22744368946538793,0.08565741524183747,0.22845137623580006,-0.12086967847444713,-0.05219495055655421,-0.23348540140201415,-0.05974059489258321,-0.11378701134467618,0.008067216390483217,-0.005286675093448918,0.004871971917309617,1.5485927777939457e-05
-160.79999999999998,0.92,0.025,0.009797958971132711,0.5248792922602417,0.5278473586035246,0.182893173592965,0.2051480924107909,0.2924797185042672,-0.00028173470169766174,0.0025599901183333456,0.0006880772679769406,0.0014261151452518545,3.153781296307492e-06,0.15480078212908557,0.17363734541649342,0.24755483374201176,-0.0002384602515169009,0.22780991997520345,0.08557538284434384,0.22862958318609464,-0.12096325628510252,-0.05246009912718694,-0.23374267765171275,-0.059835861253632154,-0.11396806620092664,0.008067216390483219,-0.005286675093448921,0.004875930513659281,1.5479706245018703e-05
-160.64,0.92,0.025,0.009797958971132711,0.5248792922602417,0.5278473586035246,0.1833030830241925,0.2052580824599888,0.29270768393708624,-0.0002812456428012783,0.0025638784280691794,0.0006867975235239797,0.0014283832914880673,3.156740836155771e-06,0.15514772947167652,0.17373044099413454,0.2477477836843498,-0.00023804631206700196,0.2281765538945712,0.08549293434142542,0.228808074900148,-0.12105698360600184,-0.05272580796835679,-0.23400006153382427,-0.05993119056065552,-0.11414923858388082,0.008067216390483219,-0.005286675093448921,0.004879881936975685,1.5473411245631444e-05
-160.48,0.92,0.025,0.009797958971132711,0.5248792922602417,0.5278473586035246,0.1837136148999104,0.20536786735454862,0.29293601330296043,-0.0002807557819996348,0.0025677706746134936,0.0006855128333823754,0.0014306528969610696,3.159691394489272e-06,0.15549520365128416,0.17382336292888997,0.24794104165962572,-0.0002376316938844909,0.22854359139196073,0.08541006885412246,0.22898685157418258,-0.12115086054036925,-0.05299207789466223,-0.2342575527127999,-0.06002658206774184,-0.11433052706742725,0.008067216390483219,-0.005286675093448922,0.00488382612423896,1.546704266936385e-05
-160.32,0.92,0.025,0.009797958971132711,0.5248792922602417,0.5278473586035246,0.18412476985007978,0.2054774463023828,0.2931647068496098,-0.0002802651189641857,0.002571666858860809,0.0006842231878317862,0.0014329239436835554,3.16263290388867e-06,0.15584320520110753,0.17391611055033682,0.24813460787750977,-0.00023721639669128678,0.22891103263531482,0.0853267855021977,0.22916591340207368,-0.12124488719021283,-0.053258909721469225,-0.23451515085196764,-0.06012203502239972,-0.11451193021294478,0.008067216390483219,-0.005286675093448922,0.004887763012181458,1.5460600406758973e-05
-160.16,0.92,0.025,0.009797958971132711,0.5248792922602417,0.5278473586035246,0.1845365485048042,0.2055868185098473,0.29339376482173946,-0.00027977365338933003,0.002575566981698571,0.0006829285771385617,0.0014351964135112967,3.1655652967078253e-06,0.15619173465446629,0.17400868318673476,0.2483284825451203,-0.00023680042022872894,0.22927887779204736,0.08524308340413508,0.22934526057532922,-0.12133906365631392,-0.05352630426491156,-0.2347728556135302,-0.060217548665544136,-0.11469344656927695,0.008067216390483216,-0.00528667509344892,0.004891692537289108,1.5454084349329555e-05
-160.0,0.92,0.025,0.009797958971132711,0.5248792922602417,0.5278473586035246,0.18494895149432858,0.20569598318173976,0.293623187461014,-0.0002792813849926949,0.002579471044007125,0.0006816289915557319,0.0014374702881428329,3.1684885050735944e-06,0.15654079254479972,0.17410108016502454,0.24852266586700228,-0.00023638376425781695,0.22964712702904203,0.0851589616771384,0.22952489328306971,-0.1214333900382169,-0.05379426234189065,-0.23503066665856293,-0.06031312223148338,-0.11487507467270702,0.008067216390483217,-0.005286675093448922,0.004895614635802785,1.5447494389568055e-05
-159.84,0.92,0.025,0.009797958971132711,0.5248792922602417,0.5278473586035246,0.1853619794490383,0.20580493952129725,0.2938529750060311,-0.0002787883135153343,0.002583379046659699,0.0006803244213229951,0.0014397455491191537,3.1714024608869475e-06,0.15689037940566603,0.17419330081082599,0.24871715804510472,-0.00023596642855937895,0.23001578051265023,0.08507441943713032,0.22970481171200707,-0.12152786643421822,-0.05406278477007566,-0.23528858364701152,-0.06040875494790563,-0.11505681304693298,0.008067216390483217,-0.005286675093448921,0.0048995292437196926,1.5440830420959656e-05
-159.68,0.92,0.025,0.009797958971132711,0.5248792922602417,0.5278473586035246,0.1857756329994577,0.20591368673019397,0.2940831276922968,-0.00027829443872194154,0.0025872909905223806,0.0006790148566667069,0.0014420221778234054,3.1743070958226416e-06,0.157240495770741,0.17428534444843619,0.24891195927876,-0.00023554841293425133,0.23038483840868926,0.08498945579875103,0.22988501604642586,-0.1216224929413567,-0.054331872367903614,-0.2355466062376902,-0.06050444603586657,-0.11523866020304384,0.00806721639048322,-0.005286675093448923,0.004903436296794776,1.5434092337990432e-05
-159.51999999999998,0.92,0.025,0.009797958971132711,0.5248792922602417,0.5278473586035246,0.1861899127762493,0.20602222400853945,0.2943136457521989,-0.00027779976040115,0.0025912068764540985,0.00067770028779987,0.001444300155480588,3.177202341330322e-06,0.15759114217381742,0.1743772104008278,0.24910706976466118,-0.00023512971720353337,0.23075430088244084,0.08490406987535705,0.23006550646816182,-0.12171726965540247,-0.05460152595457927,-0.2358047340882793,-0.06060019470977657,-0.11542061463949557,0.008067216390483217,-0.005286675093448922,0.004907335730542148,1.542728003616193e-05
-159.35999999999999,0.92,0.025,0.009797958971132711,0.5248792922602417,0.5278473586035246,0.18660481941021229,0.20613055055487609,0.29454452941498105,-0.0002773042783656931,0.0025951267053066023,0.0006763807049221227,0.0014465794631572614,3.1800881286343353e-06,0.1579423191488037,0.17446889798964713,0.24930248969683996,-0.00023471034120872266,0.231124168098649,0.08481826077902012,0.23024628315658166,-0.12181219667084651,-0.05487174635007526,-0.23606296685532346,-0.06069600017738828,-0.11560267484208774,0.008067216390483216,-0.00528667509344892,0.004911227480236538,1.5420393411998902e-05
-159.2,0.92,0.025,0.009797958971132711,0.5248792922602417,0.5278473586035246,0.1870203535322817,0.2062386655661773,0.2947757789067172,-0.0002768079924526441,0.0025990504779244404,0.0006750560982197266,0.0014488600817612611,3.1829643887347086e-06,0.15829402722972324,0.17456040653521246,0.24949821926664545,-0.00023429028481191798,0.23149444022151858,0.08473202762052585,0.23042734628856326,-0.12190727408089044,-0.05514253437513214,-0.23632130419422936,-0.06079186163978463,-0.11578483928394069,0.008067216390483217,-0.005286675093448922,0.004915111480914744,1.5413432363062195e-05
-159.04,0.92,0.025,0.009797958971132711,0.5248792922602417,0.5278473586035246,0.18743651577352705,0.20634656823784506,0.29500739445028584,-0.0002763109025236471,0.0026029781951449377,0.000673726457865556,0.0014511419920414154,3.185831052407392e-06,0.1586462669507133,0.17465173535651207,0.24969425866272196,-0.00023386954789601493,0.2318651174147132,0.08464536950937257,0.2306086960384751,-0.12200250197743581,-0.0554138908512583,-0.23657974575926344,-0.06088777829136683,-0.11596710642547314,0.008067216390483217,-0.0052866750934489224,0.004918987667377123,1.5406396787959055e-05
-158.88,0.92,0.025,0.009797958971132711,0.5248792922602417,0.5278473586035246,0.1878533067651513,0.20645425776370807,0.29523937626534397,-0.0002758130084652131,0.00260690985779818,0.0006723917740190878,0.0014534251745872745,3.1886880502046827e-06,0.15899903884602407,0.1747428837712025,0.24989060807098715,-0.00023344813036495638,0.2322361998413537,0.08455828555377032,0.23079033257815582,-0.12209788045107374,-0.05568581660073014,-0.23683829120355,-0.06098374931984298,-0.11614947471438052,0.008067216390483219,-0.005286675093448922,0.004922855974189103,1.5399286586354995e-05
-158.72,0.92,0.025,0.009797958971132711,0.5248792922602417,0.5278473586035246,0.1882707271384896,0.20656173333601943,0.29547172456830106,-0.00027531431018881195,0.002610845466706989,0.0006710520368263888,0.001455709609828825,3.1915353124557537e-06,0.15935234345001761,0.17483385109560687,0.25008726767461004,-0.00023302603214381046,0.2326076876640162,0.08447077486063928,0.23097225607689398,-0.12219340959107419,-0.055958312446592,-0.23709694017906913,-0.06107977390621597,-0.11633194258561215,0.008067216390483219,-0.0052866750934489224,0.004926716335682653,1.5392101658982523e-05
-158.56,0.92,0.025,0.009797958971132711,0.5248792922602417,0.5278473586035246,0.18868877752500815,0.20666899414545453,0.29570443957229336,-0.0002748148076312146,0.002614785022686903,0.0006697072364201058,0.0014579952780362437,3.194372769267177e-06,0.1597061812971669,0.17492463664471272,0.2502842376539891,-0.00023260325317906003,0.23297958104473024,0.08438283653560895,0.23115446670140777,-0.12228908948537569,-0.05623137921265611,-0.2373556923366542,-0.06117585122477308,-0.11651450846135165,0.008067216390483219,-0.0052866750934489224,0.004930568685957882,1.5384841907654083e-05
-158.4,0.92,0.025,0.009797958971132711,0.5248792922602417,0.5278473586035246,0.18910745855630312,0.20677603938110892,0.29593752148715835,-0.0002743145007546556,0.002618728526546157,0.0006683573629194536,0.0014602821593196265,3.197200350523318e-06,0.16006055292205498,0.1750152397321706,0.25048151818673087,-0.00023217979343874055,0.23335188014497724,0.08429446968301653,0.23133696461582487,-0.12238492022057483,-0.05650501772350284,-0.23761454732599033,-0.06127198044307448,-0.11669717075099534,0.00806721639048322,-0.0052866750934489224,0.004934412958884541,1.53775072352713e-05
-158.24,0.92,0.025,0.009797958971132711,0.5248792922602417,0.5278473586035246,0.18952677086409936,0.20688286823049612,0.29617097051940755,-0.0002738133895470965,0.0026226759790856586,0.0006670024064302034,0.001462570233628736,3.2000179858868314e-06,0.1604154588593737,0.17510565967029193,0.25067910944762656,-0.00023175565291266249,0.23372458512568847,0.08420567340590616,0.23151974998166108,-0.12248090188191531,-0.056779228804480476,-0.2378735047956116,-0.06136816072194262,-0.11687992785113209,0.008067216390483217,-0.005286675093448922,0.004938249088103623,1.537009754583644e-05
-158.07999999999998,0.92,0.025,0.009797958971132711,0.5248792922602417,0.5278473586035246,0.1899467150802493,0.20698947987954555,0.2964047868722023,-0.00027331147402239484,0.0026266273810989734,0.0006656423570446736,0.001464859480752756,3.202825604799524e-06,0.16077089964392302,0.17519589577004735,0.250877011608632,-0.000231330831612555,0.23409769614724324,0.08411644680602742,0.2317028229578015,-0.12257703455327802,-0.05705401328170541,-0.23813256439289948,-0.06146439121545181,-0.11706277814552377,0.00806721639048322,-0.005286675093448923,0.004942077007028933,1.536261274446318e-05
-157.92,0.92,0.025,0.009797958971132711,0.5248792922602417,0.5278473586035246,0.19036729183673173,0.20709587351260028,0.2966389707453267,-0.0002728087542205865,0.002630582733372297,0.0006642772048417164,0.0014671498803200513,3.205623136482292e-06,0.16112687581060975,0.1752859473410649,0.25107522483884454,-0.00023090532957230445,0.2344712133694673,0.08402678898383419,0.2318861837004791,-0.12267331831717015,-0.05732937198206204,-0.23839172576408027,-0.06156067107091803,-0.11724572000508607,0.00806721639048322,-0.005286675093448923,0.0049458966488487134,1.53550527373863e-05
-157.76,0.92,0.025,0.009797958971132711,0.5248792922602417,0.5278473586035246,0.19078850176565065,0.20720204831241484,0.29687352233516234,-0.0002723052302080589,0.0026345420366844377,0.0006629069398867081,0.001469441411797923,3.2084105099359515e-06,0.16148338789444672,0.17537581369162794,0.25127374930448143,-0.00023047914684810108,0.23484513695163073,0.08393669903848341,0.23206983236325468,-0.12276975325471477,-0.057605305733202807,-0.23865098855422315,-0.06165699942888865,-0.11742875178786898,0.00806721639048322,-0.005286675093448923,0.004949707946527243,1.534741743197237e-05
-157.6,0.92,0.025,0.009797958971132711,0.5248792922602417,0.5278473586035246,0.1912103454992341,0.20730800346015338,0.2971084418346619,-0.00027180090207780226,0.0026385052918067972,0.0006615315522315374,0.0014717340544923888,3.211187653941981e-06,0.16184043643055177,0.17546549412867382,0.25147258516885784,-0.00023005228351865185,0.23521946705244648,0.08384617606783408,0.2322537690969966,-0.12286633944564038,-0.057881815363548327,-0.2389103524072381,-0.06175337542313304,-0.11761187183903932,0.008067216390483222,-0.005286675093448924,0.004953510832806509,1.5339706736731478e-05
-157.44,0.92,0.025,0.009797958971132711,0.5248792922602417,0.5278473586035246,0.19163282366983295,0.20741373813538708,0.29734372943332327,-0.0002712957699495966,0.0026424724995033452,0.0006601510319145943,0.0014740277875479463,3.213954497062692e-06,0.16219802195414662,0.17555498795779162,0.2516717325923648,-0.00022962473968533858,0.2355942038300682,0.08375521916844576,0.23243799404986004,-0.12296307696827,-0.058158901702287186,-0.23916981696587356,-0.061849798180632645,-0.11779507849086183,0.00806721639048322,-0.005286675093448923,0.004957305240207831,1.5331920561325735e-05
-157.28,0.92,0.025,0.009797958971132711,0.5248792922602417,0.5278473586035246,0.19205593690991962,0.20751925151609218,0.2975793853171639,-0.00027078983397026693,0.0026464436605306025,0.0006587653689607589,0.0014763225899473644,3.2167109676419812e-06,0.16255614500055598,0.17564429448322044,0.25187119173244754,-0.00022919651547243395,0.2359693474420886,0.08366382743557765,0.2326225073672671,-0.12305996589951117,-0.05843656557937616,-0.23942938187171448,-0.061946266821572095,-0.11797837006268257,0.00806721639048322,-0.005286675093448924,0.00496109110103357,1.532405881658097e-05
-157.12,0.92,0.025,0.009797958971132711,0.5248792922602417,0.5278473586035246,0.19247968585208713,0.20762454277864792,0.2978154096686948,-0.0002702830943138349,0.002650418775637618,0.000657374553381391,0.0014786184405114625,3.219456993805931e-06,0.16291480610520656,0.17573341300784762,0.2520709627435833,-0.00022876761102722987,0.23634489804553774,0.08357199996318711,0.23280730919188625,-0.12315700631484507,-0.05871480782554008,-0.23968904676518007,-0.062042780459329844,-0.11816174486091133,0.008067216390483222,-0.005286675093448926,0.004964868347368796,1.5316121414495967e-05
-156.96,0.92,0.025,0.009797958971132711,0.5248792922602417,0.5278473586035246,0.19290407112904764,0.2077296110978342,0.2980518026668944,-0.00026977555118184017,0.002654397845565946,0.0006559785751743174,0.0014809153178989105,3.2221925034631206e-06,0.16327400580362594,0.17582234283320686,0.25227104577725945,-0.00022833802652030954,0.23672085579688087,0.08347973584392868,0.23299239966361174,-0.12325419828831605,-0.058993629272271884,-0.23994881128552153,-0.06213933820046975,-0.11834520117900559,0.008067216390483222,-0.005286675093448925,0.004968636911083022,1.5308108268253605e-05
-156.79999999999998,0.92,0.025,0.009797958971132711,0.5248792922602417,0.5278473586035246,0.19332909337363133,0.20783445564682948,0.29828856448718255,-0.00026926720480343957,0.002658380871049629,0.0006545774243238224,0.001483213200606019,3.224917424305624e-06,0.16363374463144156,0.1759110832594765,0.25247144098195134,-0.00022790776214563126,0.23709722085201682,0.08338703416915272,0.23317777891954333,-0.12335154189252101,-0.059273030751832614,-0.24020867507082014,-0.06223593914473216,-0.11852873729745395,0.008067216390483222,-0.005286675093448926,0.004972396723831913,1.5300019292230464e-05
-156.64,0.92,0.025,0.009797958971132711,0.5248792922602417,0.5278473586035246,0.19375475321878538,0.2079390755972087,0.2985256953013954,-0.0002687580554356816,0.0026623678528151736,0.0006531710908006361,0.0014855120669665493,3.227631683809312e-06,0.16399402312437997,0.17599963358547746,0.25267214850310105,-0.00022747681812076092,0.23747399336627625,0.08329389402890432,0.23336344709396656,-0.12344903719859929,-0.05955301309725144,-0.2404686377579849,-0.062332582385025856,-0.11871235148376089,0.00806721639048322,-0.005286675093448925,0.0049761477170590235,1.529185440200686e-05
-156.48,0.92,0.025,0.009797958971132711,0.5248792922602417,0.5278473586035246,0.19418105129757243,0.20804347011894098,0.2987631952777579,-0.0002682481033637038,0.00266635879158153,0.0006517595645619226,0.001487811895151524,3.230335209234482e-06,0.16435484181826532,0.17608799310867165,0.2528731684830943,-0.0002270451946870389,0.23785117349441964,0.08320031451192207,0.2335494043183309,-0.12354668427622127,-0.05983357714232563,-0.24072869898275046,-0.062429267007420006,-0.11889604199243169,0.008067216390483219,-0.005286675093448924,0.004979889821997594,1.5283613514376843e-05
-156.32,0.92,0.025,0.009797958971132711,0.5248792922602417,0.5278473586035246,0.19460798824316963,0.20814763838038744,0.29900106458085973,-0.0002677373489009338,0.002670353688060072,0.0006503428355512701,0.0014901126631690412,3.233027927626646e-06,0.16471620124901878,0.17617616112515994,0.2530745010612397,-0.00022661289210975036,0.23822876139063537,0.08310629470563677,0.23373565072123126,-0.12364448319357886,-0.06011472372162055,-0.2409888583796749,-0.06252599209113635,-0.11907980706495765,0.008067216390483222,-0.005286675093448924,0.004983622969672289,1.5275296547358435e-05
-156.16,0.92,0.025,0.009797958971132711,0.5248792922602417,0.5278473586035246,0.19503556468886735,0.2082515795482992,0.29923930337162746,-0.00026722579238930944,0.002674352542954572,0.0006489208936986784,0.0014924143488641028,3.235709765816856e-06,0.16507810195265732,0.17626413692968046,0.2532761463737455,-0.00022617991067831153,0.2386067572085382,0.0830118336961704,0.23392218642838572,-0.12374243401737396,-0.06039645367046972,-0.24124911558213763,-0.06262275670854184,-0.11926364492980238,0.00806721639048322,-0.0052866750934489224,0.004987347090901037,1.5266903420202802e-05
-156.0,0.92,0.025,0.009797958971132711,0.5248792922602417,0.5278473586035246,0.1954637812680679,0.2083552927878151,0.29947791180730043,-0.0002667134341995133,0.002678355356961185,0.0006474937289205494,0.0014947169299184345,3.2383806504225133e-06,0.1654405444652927,0.1763519198156067,0.2534781045536991,-0.00022574625070646804,0.23898516110116705,0.0829169305683347,0.2341090115626168,-0.1238405368128088,-0.06067876782497466,-0.24150947022233715,-0.06271955992514107,-0.11944755380238749,0.00806721639048322,-0.005286675093448923,0.004991062116296787,1.525843405340496e-05
-155.84,0.92,0.025,0.009797958971132711,0.5248792922602417,0.5278473586035246,0.19589263861428444,0.20845877726245934,0.2997168900414036,-0.00026620027473106707,0.0026823621307684228,0.0006460613311196745,0.0014970203838503276,3.2410405078481934e-06,0.16580352932313036,0.1764395090749456,0.253680375731044,-0.00022531191253237517,0.23936397322098346,0.08282158440563012,0.23429612624383012,-0.12393879164357474,-0.06096166702200508,-0.2417699219312889,-0.06281640079956952,-0.11963153188507998,0.008067216390483222,-0.005286675093448926,0.004994767976269381,1.5249888368712344e-05
-155.68,0.92,0.025,0.009797958971132711,0.5248792922602417,0.5278473586035246,0.19632213736113963,0.20856203213413968,0.2999562382237219,-0.0002656863144126885,0.002686372865057135,0.0006446236901852245,0.0014993246880144805,3.243689264285879e-06,0.1661670570624686,0.17652690399833584,0.2538829600325582,-0.00022487689651889956,0.23974319371986957,0.08272579429024457,0.2344835305889942,-0.12403719857184206,-0.061245152099198674,-0.24203047033882308,-0.06291327838358683,-0.1198155773671796,0.008067216390483222,-0.005286675093448927,0.00499846460102739,1.5241266289135586e-05
-155.51999999999998,0.92,0.025,0.009797958971132711,0.5248792922602417,0.5278473586035246,0.19675227814236448,0.20866505656314496,0.30019595650027475,-0.00026517155370236757,0.0026903875605004857,0.0006431807959927379,0.0015016298196018408,3.246326845716099e-06,0.16653112821969732,0.1766141038750459,0.25408585758183255,-0.00022444120305368392,0.2401228227491262,0.08262955930305216,0.23467122471212057,-0.12413575765824937,-0.06152922389496122,-0.2422911150735824,-0.06301019172207009,-0.1199996884249063,0.00806721639048322,-0.005286675093448924,0.005002151920579958,1.5232567738957481e-05
-155.35999999999999,0.92,0.025,0.009797958971132711,0.5248792922602417,0.5278473586035246,0.19718306159179705,0.208767849708143,0.3004360450132889,-0.00026465599308761315,0.0026944062177639352,0.0006417326384041103,0.0015039357556394602,3.2489531779081007e-06,0.16689574333129703,0.17670110799297223,0.25428906849924776,-0.0002240048325493558,0.24050286045947114,0.08253287852361216,0.23485920872424226,-0.12423446896189276,-0.0618138832484666,-0.2425518557630201,-0.06310713985300773,-0.12018386322138859,0.00806721639048322,-0.005286675093448923,0.005005829864738692,1.5223792643741677e-05
-155.2,0.92,0.025,0.009797958971132711,0.5248792922602417,0.5278473586035246,0.19761448834338124,0.20887041072617846,0.3006765039011741,-0.00026413963308568147,0.002698428837505215,0.0006402792072675825,0.0015062424729903605,3.2515681864209067e-06,0.16726090293383788,0.17678791563863747,0.2544925929019538,-0.00022356778544372081,0.2408833070010371,0.08243575103016759,0.23504748273339485,-0.1243333325403157,-0.0620991309996567,-0.24281269203339753,-0.06320412180749371,-0.12036809990665305,0.00806721639048322,-0.005286675093448924,0.005009498363119567,1.5214940930343732e-05
-155.04,0.92,0.025,0.009797958971132711,0.5248792922602417,0.5278473586035246,0.19804655903116572,0.20897273877267067,0.3009173332984968,-0.00026362247424372717,0.002702455420374309,0.0006388204924177313,0.0015085499483533963,3.254171796603946e-06,0.16762660756397868,0.17687452609718846,0.2546964309038477,-0.00022313006219989068,0.24126416252337027,0.08233817589964416,0.23523604684459565,-0.12443234844949852,-0.062384967989241404,-0.2430736235097822,-0.06330113660972181,-0.12055239661761323,0.00806721639048322,-0.005286675093448923,0.005013157345144819,1.5206012526919451e-05
-154.88,0.92,0.025,0.009797958971132711,0.5248792922602417,0.5278473586035246,0.19847927428930226,0.2090748330014113,0.3011585333359527,-0.00026310451713899526,0.0027064859670134288,0.0006373564836754558,0.0015108581582631176,3.2567639335975646e-06,0.16799285775846545,0.17696093865239454,0.2549005826155504,-0.0002226916633064456,0.24164542717542772,0.08224015220764909,0.2354249011598224,-0.1245315167438471,-0.06267139505869858,-0.2433346498160452,-0.06339818327697962,-0.12073675147805878,0.00806721639048322,-0.005286675093448926,0.005016806740044864,1.5197007362933494e-05
-154.72,0.92,0.025,0.009797958971132711,0.5248792922602417,0.5278473586035246,0.19891263475204504,0.20917669256456237,0.3014001041403431,-0.0002625857623790679,0.002710520478056995,0.0006358871708479674,0.0015131670790896653,3.259344522333909e-06,0.16835965405413092,0.1770471525866456,0.2551050481443864,-0.00022225258927764308,0.24202710110557613,0.08214167902846962,0.23561404577799452,-0.1246308374761834,-0.06295841305027415,-0.24359577057485945,-0.06349526081964431,-0.12092116259864713,0.00806721639048322,-0.005286675093448925,0.005020446476860268,1.5187925369169907e-05
-154.56,0.92,0.025,0.009797958971132711,0.5248792922602417,0.5278473586035246,0.199346641053749,0.20927831661265384,0.3016420458345477,-0.0002620662106020043,0.002714558954131615,0.0006344125437287803,0.0015154766870386475,3.26191348753775e-06,0.16872699698789315,0.1771331671809502,0.25530982759436116,-0.00022181284065353644,0.24240918446158982,0.08204275543507221,0.23580348079495175,-0.12473031069773421,-0.06324602280698188,-0.24385698540769726,-0.0635923682411771,-0.12110562807689366,0.008067216390483222,-0.005286675093448925,0.0050240764844436845,1.5178766477740666e-05
-154.4,0.92,0.025,0.009797958971132711,0.5248792922602417,0.5278473586035246,0.19978129382886867,0.2093797042945817,0.30188435853749834,-0.00026154586247650327,0.00271860139585606,0.000632932592097698,0.0015177869581510252,3.264470753726857e-06,0.16909488709675444,0.17721898171493394,0.2555149210661386,-0.00022137241800011237,0.2427916773906486,0.08194338049910117,0.2359932063034336,-0.12482993645812059,-0.06353422517260354,-0.24411829393482815,-0.0636895045381186,-0.12129014599716265,0.00806721639048322,-0.005286675093448925,0.0050276966914618235,1.516953062209306e-05
-154.24,0.92,0.025,0.009797958971132711,0.5248792922602417,0.5278473586035246,0.20021659371195702,0.20948085475760544,0.30212704236415444,-0.0002610247187022026,0.002722647803841244,0.0006314473057208037,0.0015200978683030252,3.267016245213302e-06,0.16946332491780042,0.17730459546683724,0.2557203286570203,-0.0002209313219095443,0.2431745800393361,0.08184355329087725,0.23618322239306,-0.12492971480534776,-0.06382302099168875,-0.24437969577531665,-0.06378666870008493,-0.12147471443066017,0.00806721639048322,-0.005286675093448924,0.005031307026397465,1.5160217737022215e-05
-154.07999999999998,0.92,0.025,0.009797958971132711,0.5248792922602417,0.5278473586035246,0.2006525413376641,0.2095817671473461,0.3023700974254765,-0.0002605027800097414,0.002726698178690203,0.000629956674350449,0.0015224093932060304,3.2695498861035e-06,0.1698323109881989,0.17739000771351376,0.2559260504609233,-0.00022048955300024513,0.24355789255363772,0.08174327287939678,0.23637352915031062,-0.12502964578579442,-0.06411241110955505,-0.2446411905470202,-0.06388385970976317,-0.12165933143542565,0.00806721639048322,-0.005286675093448924,0.005034907417551429,1.5150827758675467e-05
-153.92,0.92,0.025,0.009797958971132711,0.5248792922602417,0.5278473586035246,0.20108913734073589,0.20968244060778407,0.30261352382839907,-0.0002599800471610494,0.002730752520998072,0.0006284606877252419,0.001524721508406493,3.2720716002996403e-06,0.17020184584519887,0.17747521773042846,0.256132086568357,-0.00022004711191711223,0.24394161507893908,0.08164253833233028,0.23656412665850352,-0.12512972944420178,-0.06440239637228783,-0.24490277786658682,-0.0639810765429075,-0.1218439950563247,0.00806721639048322,-0.005286675093448925,0.005038497793044619,1.514136062456513e-05
-153.76,0.92,0.025,0.009797958971132711,0.5248792922602417,0.5278473586035246,0.20152638235601283,0.20978287428125672,0.30285732167580703,-0.00025945652094937655,0.002734810831352062,0.0006269593355700375,0.0015270341892858613,3.2745813115001645e-06,0.17057193002612928,0.1775602247916557,0.2563384370664031,-0.00021960399933155231,0.24432574776002364,0.0815413487160212,0.23675501499777657,-0.1252299658236636,-0.06469297762674019,-0.24516445734945286,-0.06407831816833615,-0.12202870332504352,0.00806721639048322,-0.005286675093448923,0.005042078080820055,1.5131816273573448e-05
-153.6,0.92,0.025,0.009797958971132711,0.5248792922602417,0.5278473586035246,0.20196427701842876,0.20988306730845624,0.3031014910665083,-0.0002589322021996918,0.002738873110331442,0.0006254526075959255,0.0015293474110604946,3.277078943200477e-06,0.1709425640683981,0.17764502816987737,0.25654510203869263,-0.00021916021594181915,0.24471029074107112,0.08143970309548489,0.23694619424506608,-0.12533035496561548,-0.0649841557205331,-0.24542622860984095,-0.06417558354792775,-0.12221345426008198,0.008067216390483222,-0.005286675093448924,0.005045648208644924,1.5122194645964592e-05
-153.44,0.92,0.025,0.009797958971132711,0.5248792922602417,0.5278473586035246,0.20240282196300954,0.20998301882842768,0.30334603209520833,-0.00025840709176865327,0.002742939358507513,0.0006239404935002191,0.001531661148781589,3.2795644186940455e-06,0.1713137485094913,0.17772962713638119,0.2567520815653843,-0.00021871576247298814,0.24509524416565553,0.08133760053440732,0.23713766447408668,-0.12543089690982417,-0.06527593150205524,-0.2456880912607576,-0.06427287163661811,-0.12239824586674782,0.00806721639048322,-0.005286675093448923,0.005049208104112611,1.5112495683390594e-05
-153.28,0.92,0.025,0.009797958971132711,0.5248792922602417,0.5278473586035246,0.20284201782487188,0.2100827279785664,0.3035909448524844,-0.00025788119054490836,0.002747009576443588,0.0006224229829664458,0.0015339753773351314,3.282037661072765e-06,0.17168548388697158,0.1778140209610586,0.2569593757231428,-0.00021827063967721046,0.24548060817674325,0.0812350400951437,0.2373294257553112,-0.12553159169437722,-0.06556830582046293,-0.24595004491399122,-0.06437018138239821,-0.122583076137153,0.00806721639048322,-0.005286675093448923,0.005052757694644848,1.5102719328900314e-05
-153.12,0.92,0.025,0.009797958971132711,0.5248792922602417,0.5278473586035246,0.20328186523922182,0.21018219389461607,0.3038362294247594,-0.00025735449944922943,0.002751083764694971,0.0006209000656643344,0.0015362900714418208,3.284498593228398e-06,0.17205777073847736,0.17789820891240304,0.2571669845851164,-0.0002178248483338278,0.24586638291669113,0.08113202083871769,0.2375214781559503,-0.12563243935567234,-0.06586127952568024,-0.24621208918010964,-0.06446751172631082,-0.12276794305020744,0.00806721639048322,-0.005286675093448925,0.005056296907493735,1.5092865526949051e-05
-152.96,0.92,0.025,0.009797958971132711,0.5248792922602417,0.5278473586035246,0.20372236484135375,0.2102814157106664,0.3040818858942767,-0.0002568270194346262,0.002755161923808931,0.0006193717312498042,0.0015386052056570432,3.2869471378527953e-06,0.17243060960172182,0.17798219025750803,0.2573749082209158,-0.00021737838924946765,0.2462525685272445,0.08102854182481964,0.2377138217399322,-0.12573343992840694,-0.06615485346839878,-0.24647422366845798,-0.0645648616024494,-0.12295284457161705,0.008067216390483222,-0.005286675093448925,0.005059825669743919,1.5082934223403743e-05
-152.79999999999998,0.92,0.025,0.009797958971132711,0.5248792922602417,0.5278473586035246,0.20416351726664894,0.210380392559151,0.30432791433907375,-0.00025629875148665884,0.0027592440543246855,0.000617837969364955,0.0015409207543708,3.2893832174392423e-06,0.17280400101449167,0.17806596426206542,0.25758314669659205,-0.00021693126325830804,0.24663916514953538,0.08092460211180605,0.23790645656788253,-0.1258345934455676,-0.06644902850007772,-0.24673644798715644,-0.064662229937955,-0.12313777865387807,0.00806721639048322,-0.005286675093448923,0.005063343908314637,1.5072925365554967e-05
-152.64,0.92,0.025,0.009797958971132711,0.5248792922602417,0.5278473586035246,0.20460532315057425,0.21047912357084506,0.30457431483295666,-0.0002557696966234688,0.0027633301567733734,0.0006162987696380552,0.001543236691807696,3.291806754282897e-06,0.17317794551464605,0.17814953019036325,0.25779170007461455,-0.00021648347122210401,0.2470261729240804,0.0808202007566977,0.23809938269710412,-0.1259358999384196,-0.06674380547294385,-0.24699876174309812,-0.06475961565301565,-0.12332274323627607,0.00806721639048322,-0.005286675093448923,0.005066851549961932,1.5062838902121342e-05
-152.48,0.92,0.025,0.009797958971132711,0.5248792922602417,0.5278473586035246,0.2050477831286809,0.21057760787486315,0.30482108744547376,-0.0002552398558959877,0.002767420231678037,0.000614754121683531,0.0015455529920268937,3.294217670482059e-06,0.17355244364011554,0.1782328873052842,0.258000568413849,-0.000216035014030364,0.24741359199077909,0.08071533681517887,0.23829260018155624,-0.12603735943649622,-0.06703918523999136,-0.24726116454194677,-0.0648570176608645,-0.12350773624488252,0.008067216390483222,-0.005286675093448925,0.0050703485212807604,1.5052674783259411e-05
-152.32,0.92,0.025,0.009797958971132711,0.5248792922602417,0.5278473586035246,0.20549089783660318,0.2106758445986571,0.30506823224189145,-0.0002547092303881276,0.002771514279553595,0.0006132040151019555,0.0015478696289220994,3.2966158879387506e-06,0.17392749592890094,0.17831603486830339,0.2582097517695369,-0.00021558589260051124,0.24780142248891163,0.08061000934159607,0.23848610907183576,-0.12613897196758872,-0.06733516865498186,-0.24752365598813422,-0.06495443486777897,-0.1236927555925535,0.008067216390483222,-0.005286675093448923,0.005073834748707167,1.504243296057079e-05
-152.16,0.92,0.025,0.009797958971132711,0.5248792922602417,0.5278473586035246,0.20593466791005705,0.2107738328680137,0.3053157492831659,-0.0002541778212168952,0.0027756123009068257,0.0006116484394800374,0.00155018657622154,3.299001328359906e-06,0.17430310291907228,0.1783989721394868,0.2584192501932716,-0.0002151361078779801,0.24818966455713729,0.08050421738895672,0.2386799094151548,-0.12624073755773488,-0.06763175657244437,-0.24778623568485877,-0.06505186617307979,-0.12387779917892802,0.00806721639048322,-0.005286675093448923,0.005077310158520482,1.5032113387110173e-05
-152.0,0.92,0.025,0.009797958971132711,0.5248792922602417,0.5278473586035246,0.20637909398483895,0.21087157180705254,0.3055636386259203,-0.00025364562953256913,0.0027797142962363414,0.0006100873843906112,0.0015525038074879584,3.3013739132580545e-06,0.1746792651487677,0.17848169837748928,0.25862906373297895,-0.00021468566083636653,0.24857831833349234,0.08039796000892807,0.23887400125532307,-0.12634265623120988,-0.06792894984767518,-0.24804890323408246,-0.06514931046913082,-0.1240628648904277,0.008067216390483222,-0.005286675093448925,0.005080774676845491,1.5021716017392317e-05
-151.84,0.92,0.025,0.009797958971132711,0.5248792922602417,0.5278473586035246,0.2068241766968244,0.21096906053822367,0.30581190032241634,-0.00025311265651887735,0.002783820266032565,0.0006085208393926242,0.0015548212961186052,3.303733563952178e-06,0.1750559831561922,0.17856421283955254,0.2588391924328932,-0.0002142345524775778,0.24896738395538787,0.08029123625183587,0.23906838463272528,-0.12644472801051437,-0.06822674933673786,-0.24831165823652895,-0.06524676664133847,-0.12424795060025604,0.008067216390483222,-0.005286675093448923,0.005084228229654663,1.5011240807399809e-05
-151.68,0.92,0.025,0.009797958971132711,0.5248792922602417,0.5278473586035246,0.20726991668196681,0.21106629818230555,0.3060605344205304,-0.0002525789033930944,0.002787930210777713,0.0006069487940311267,0.0015571390153452465,3.3060802015691113e-06,0.17543325747961672,0.17864651478150342,0.25904963633353695,-0.0002137827838319151,0.24935686155960832,0.08018404516666332,0.23926305958430255,-0.12654695291636492,-0.06852515589646324,-0.24857450029168138,-0.06534423356815204,-0.12443305416839917,0.008067216390483222,-0.005286675093448924,0.005087670742770361,1.5000687714590913e-05
-151.51999999999998,0.92,0.025,0.009797958971132711,0.5248792922602417,0.5278473586035246,0.20771631457629602,0.21116328385840266,0.3063095409637274,-0.0002520443714062721,0.0027920441309457673,0.0006053712378372614,0.001559456938234171,3.308413747043901e-06,0.17581108865737696,0.17872860345775202,0.2592603954716989,-0.0002133303559582687,0.24974675128230905,0.08007638580104968,0.23945802614353218,-0.12664933096768347,-0.06882417038444923,-0.24883742899778,-0.06544171012106396,-0.12461817344162646,0.008067216390483224,-0.005286675093448925,0.0050911021418670755,1.4990056697906258e-05
-151.35999999999999,0.92,0.025,0.009797958971132711,0.5248792922602417,0.5278473586035246,0.20816337101591703,0.21126001668394342,0.30655891999103446,-0.00025150906184330724,0.002796162027002454,0.0006037881603282511,0.0015617750376862116,3.310734121121337e-06,0.17618947722787218,0.17881047812128972,0.2594714698804116,-0.00021287726994417526,0.2501370532590148,0.07996825720128939,0.23965328434040623,-0.12675186218158618,-0.06912379365906078,-0.24910044395181974,-0.06553919516461057,-0.12480330625349223,0.008067216390483222,-0.005286675093448925,0.005094522352473694,1.4979347717776576e-05
-151.2,0.92,0.025,0.009797958971132711,0.5248792922602417,0.5278473586035246,0.20861108663700875,0.21135649577467785,0.306808671537016,-0.0002509729760231064,0.002800283899405225,0.0006021995510073891,0.001564093286436764,3.313041244356331e-06,0.17656842372956422,0.17889213802368734,0.2596828595889304,-0.00021242352690595726,0.2505277676246174,0.0798596584123304,0.23984883420141295,-0.12685454657337364,-0.06942402657942998,-0.24936354474954844,-0.06563668755637285,-0.12498845042433732,0.008067216390483222,-0.005286675093448926,0.005097931299975738,1.496856073612805e-05
-151.04,0.92,0.025,0.009797958971132711,0.5248792922602417,0.5278473586035246,0.2090594620758226,0.21145272024467532,0.307058795631748,-0.00025043611529878385,0.00280440974860323,0.0006006053993640271,0.0015664116570558227,3.315335037115614e-06,0.17694792870097625,0.1789735824150932,0.2598945646227115,-0.00021196912798889067,0.25091889451337407,0.07975058847777333,0.2400446757495158,-0.12695738415652025,-0.06972487000545574,-0.24962673098546426,-0.06573418614697785,-0.125173603761292,0.008067216390483222,-0.005286675093448924,0.00510132890961765,1.4957695716392505e-05
-150.88,0.92,0.025,0.009797958971132711,0.5248792922602417,0.5278473586035246,0.2095084979686812,0.21154868920632255,0.3073092923007918,-0.00024989848105772065,0.002808539575037299,0.000599005694873565,0.0015687301219480215,3.3176154195780864e-06,0.17732799268069177,0.17905481054423142,0.2601065850033902,-0.00021151407436725475,0.25131043405890535,0.0796410464398702,0.24024080900413347,-0.12706037494266342,-0.07002632479780402,-0.24989000225281333,-0.06583168978010032,-0.12535876405827923,0.008067216390483222,-0.005286675093448924,0.005104715106505103,1.4946752623510816e-05
-150.72,0.92,0.025,0.009797958971132711,0.5248792922602417,0.5278473586035246,0.20995819495197704,0.21164440177032107,0.30756016156516924,-0.00024936007472175635,0.0028126733791399147,0.0005974004269974396,0.0015710486533526604,3.3198823117364164e-06,0.17770861620735337,0.17913582165839975,0.2603189207487593,-0.00021105836724449458,0.25170238639419307,0.07953103133952313,0.24043723398111985,-0.12716351894159347,-0.0703283918179074,-0.25015335814358763,-0.06592919729246376,-0.12554392909601683,0.008067216390483222,-0.005286675093448925,0.005108089815607234,1.4935731423942334e-05
-150.56,0.92,0.025,0.009797958971132711,0.5248792922602417,0.5278473586035246,0.21040855366217112,0.21173985704568513,0.30781140344133684,-0.0002488208977473304,0.0028168111613351946,0.0005957895851831138,0.0015733672233437886,3.3221356333975353e-06,0.17808979981966164,0.1792166150034679,0.2605315718727475,-0.00021060200785334046,0.2520947516515785,0.07942054221628321,0.2406339506927443,-0.12726681616124316,-0.07063107192796532,-0.25041679824852286,-0.06602670751384385,-0.12572909664202422,0.00806721639048322,-0.005286675093448924,0.005111452961759061,1.4924632085669956e-05
-150.4,0.92,0.025,0.009797958971132711,0.5248792922602417,0.5278473586035246,0.2108595747357916,0.2118350541397395,0.3080630179411599,-0.0002482809516255524,0.002820952922038865,0.0005941731588640657,0.0015756858038302294,3.3243753041841675e-06,0.178471544056374,0.17929718982387552,0.2607445383853978,-0.00021014499745586758,0.25248752996276036,0.07930957810834931,0.24083095914767091,-0.12737026660767697,-0.07093436599094384,-0.2506803221570959,-0.0661242192670694,-0.1259142644506244,0.00806721639048322,-0.005286675093448924,0.0051148044696637035,1.4913454578207143e-05
-150.23999999999998,0.92,0.025,0.009797958971132711,0.5248792922602417,0.5278473586035246,0.21131125880943255,0.21192999215811717,0.3083150050718871,-0.00024774023788236223,0.0028250986616582406,0.0005925511374597769,0.0015780043665556726,3.3266012435356323e-06,0.17885384945630373,0.17937754536263037,0.26095782029284526,-0.0002096873373436314,0.25288072145879276,0.07919813805256673,0.24102825935093888,-0.12747387028508073,-0.07123827487057569,-0.2509439294575228,-0.06622173136802613,-0.12609943026295137,0.00806721639048322,-0.005286675093448924,0.005118144263894813,1.4902198872604027e-05
-150.07999999999998,0.92,0.025,0.009797958971132711,0.5248792922602417,0.5278473586035246,0.21176360651975254,0.21202467020475715,0.3085673648361252,-0.00024719875807873787,0.002829248380592199,0.0005909235103757226,0.0015803228830987292,3.328813370708894e-06,0.17923671655831855,0.17945768086130645,0.26117141759729634,-0.00020922902883784375,0.2532743262700833,0.07908622108442634,0.24122585130394264,-0.12757762719575147,-0.07154279943135997,-0.251207619736756,-0.06631924262565897,-0.12628459180695453,0.00806721639048322,-0.005286675093448923,0.005121472268898848,1.4890864941454915e-05
-149.92,0.92,0.025,0.009797958971132711,0.5248792922602417,0.5278473586035246,0.21221661850347318,0.21211908738190208,0.3088200972318133,-0.0002466565138106634,0.0028334020792311625,0.00058929026700336,0.0015826413248730235,3.3310116047800476e-06,0.1796201459013397,0.17953759556004192,0.2613853302970068,-0.0002087700732893455,0.253668344526391,0.07897382623806286,0.2414237350044114,-0.1276815373400865,-0.07184794053856239,-0.2514713925804828,-0.06641675184197571,-0.12646974679740614,0.008067216390483226,-0.005286675093448925,0.0051247884089975024,1.4879452758903229e-05
-149.76,0.92,0.025,0.009797958971132711,0.5248792922602417,0.5278473586035246,0.21267029539737795,0.21221324279009637,0.3090732022521976,-0.0002461135067093602,0.0028375597579570686,0.0005876513967201176,0.0015849596631272716,3.333195864644898e-06,0.1800041380243407,0.17961728869753757,0.26159955838626003,-0.00020831047207880247,0.25406277635682445,0.07886095254625433,0.24162191044638962,-0.12778560071657347,-0.07215369905821481,-0.2517352475731223,-0.06651425781205039,-0.1266548929359076,0.008067216390483226,-0.005286675093448927,0.005128092608390033,1.4867962300647646e-05
-149.6,0.92,0.025,0.009797958971132711,0.5248792922602417,0.5278473586035246,0.21312463783831082,0.21230713552818342,0.3093266798858054,-0.0002455697384414055,0.0028417214171433548,0.0005860068888893844,0.0015872778689453798,3.3353660690204625e-06,0.18038869346634628,0.17969675951105446,0.2618141018553457,-0.00020785022661680565,0.25445762188983984,0.07874759904042013,0.24182037762021677,-0.1278898173217797,-0.07246007585711553,-0.25199918429782403,-0.06661175932402726,-0.12684002791089727,0.008067216390483224,-0.005286675093448925,0.005131384791155678,1.4856393543949358e-05
-149.44,0.92,0.025,0.009797958971132711,0.5248792922602417,0.5278473586035246,0.21357964646317468,0.21240076469330382,0.3095805301164205,-0.0002450252107088057,0.0028458870571549306,0.0005843567328604988,0.0015895959132465425,3.337522136445998e-06,0.18077381276643106,0.17977600723641238,0.2620289606905383,-0.00020738933834393315,0.25485288125323874,0.07863376475062049,0.24201913651250748,-0.12799418715034172,-0.07276707180282896,-0.25226320233646465,-0.06670925515912478,-0.1270251493976585,0.008067216390483224,-0.005286675093448927,0.005134664881256037,1.4844746467636807e-05
-149.28,0.92,0.025,0.009797958971132711,0.5248792922602417,0.5278473586035246,0.21403532190893026,0.21249412938089285,0.3098347529230563,-0.0002444799252490885,0.002850056678348155,0.0005827009179687372,0.0015919137667853502,3.3396639852841195e-06,0.1811594964637186,0.17985503110798773,0.26224413487407483,-0.0002069278087308285,0.25524855457416623,0.07851944870555481,0.24221818710613108,-0.1280987101949547,-0.07307468776368556,-0.2525273012696462,-0.06680674409164016,-0.12721025505832814,0.008067216390483224,-0.005286675093448924,0.005137932802537499,1.4833021052111074e-05
-149.12,0.92,0.025,0.009797958971132711,0.5248792922602417,0.5278473586035246,0.2144916648125945,0.21258722868467833,0.3100893482799326,-0.0002439338838354965,0.002854230281070816,0.000581039433535304,0.001594231400151913,3.3417915337222404e-06,0.18154574509737997,0.17993383035871174,0.262459624384135,-0.00020646563927836424,0.255644641979109,0.07840464993256076,0.24241752938019315,-0.12820338644636278,-0.07338292460878186,-0.25279148067669394,-0.06690422488895441,-0.12739534254190654,0.008067216390483226,-0.005286675093448925,0.005141188478733659,1.4821217279353649e-05
-148.96,0.92,0.025,0.009797958971132711,0.5248792922602417,0.5278473586035246,0.21494867581123944,0.21268006169667839,0.310344316156448,-0.00024338708827702406,0.002858407865662106,0.0005793722688673202,0.001596548783771961,3.3439046997733683e-06,0.18193255920663307,0.1800124042200686,0.26267542919481757,-0.00020600283151767318,0.25604114359389324,0.07828936745761281,0.24261716331001365,-0.1283082158933477,-0.0736917832079803,-0.2530557401356538,-0.06700169631153653,-0.12758040948426563,0.008067216390483224,-0.005286675093448926,0.005144431833467728,1.4809335132929647e-05
-148.79999999999998,0.92,0.025,0.009797958971132711,0.5248792922602417,0.5278473586035246,0.21540635554199053,0.21277262750719908,0.3105996565171558,-0.000242839540418535,0.002862589432452598,0.000577699413257813,0.001598865887907002,3.346003401277642e-06,0.18231993933074078,0.1800907519220933,0.2628915492761207,-0.00020553938701024804,0.2564380595436826,0.07817360030532128,0.24281708886710854,-0.12841319852271907,-0.07400126443190902,-0.2533200792232899,-0.06709915711294999,-0.12776545350816146,0.008067216390483224,-0.005286675093448925,0.005147662790255027,1.4797374597994462e-05
-148.64,0.92,0.025,0.009797958971132711,0.5248792922602417,0.5278473586035246,0.21586470464202556,0.2128649252048323,0.3108553693217384,-0.0002422912421408786,0.0028667749817642245,0.0005760208559857038,0.0016011826826544328,3.3480875559034424e-06,0.18270788600901045,0.18016887269337006,0.2631079845939194,-0.00020507530734803966,0.2568353899529763,0.07805734749893099,0.24301730601916924,-0.1285183343193038,-0.07431136915196203,-0.2535844975150829,-0.06719660603985736,-0.12795047222324324,0.008067216390483226,-0.005286675093448927,0.005150881272505394,1.4785335661298979e-05
-148.48,0.92,0.025,0.009797958971132711,0.5248792922602417,0.5278473586035246,0.2163237237485731,0.2129569538764534,0.31111145452498185,-0.0002417421953610091,0.0028709645139102517,0.0005743365863157977,0.0016034991379477042,3.3501570811486244e-06,0.18309639978079226,0.18024676576103016,0.26332473510994464,-0.00020461059415355812,0.25723313494560685,0.07794060806032006,0.24321781473004292,-0.1286236232659356,-0.07462209824029886,-0.2538489945852267,-0.06729404183202717,-0.12813546322606648,0.008067216390483224,-0.005286675093448924,0.005154087203525702,1.4773218311195126e-05
-148.32,0.92,0.025,0.009797958971132711,0.5248792922602417,0.5278473586035246,0.2167834134989111,0.21304871260721892,0.31136791207675063,-0.00024119240203196926,0.00287515802919526,0.0005726465934987738,0.0016058152235564527,3.3522118943418756e-06,0.18348548118547836,0.1803244303507501,0.26354180078176176,-0.0002041452490798588,0.25763129464473844,0.07782338100999886,0.2434186149597128,-0.12872906534344478,-0.0749334525698446,-0.2541135700066272,-0.06739146322233931,-0.1283204241001036,0.008067216390483226,-0.005286675093448925,0.0051572805065222835,1.4761022537639391e-05
-148.16,0.92,0.025,0.009797958971132711,0.5248792922602417,0.5278473586035246,0.21724377453036559,0.2131402004805645,0.31162474192196254,-0.0002406418641431619,0.0028793555279151184,0.0005709508667711727,0.0016081309090866685,3.3542519126439063e-06,0.18387513076250145,0.18040186568674982,0.26375918156274913,-0.00020367927381077225,0.2580298691728647,0.07770566536710855,0.2436197066642783,-0.12883466053064796,-0.07524543301428975,-0.2543782233508995,-0.06748886893679212,-0.12850535241575742,0.008067216390483224,-0.005286675093448924,0.005160461104603451,1.4748748332200516e-05
-148.0,0.92,0.025,0.009797958971132711,0.5248792922602417,0.5278473586035246,0.21770480748030926,0.2132314165782024,0.3118819440005631,-0.000240090583720287,0.0028835570103569615,0.0005692493953553866,0.0016104461639808657,3.356277053048745e-06,0.18426534905133377,0.18047907099179053,0.26397687740207665,-0.0002032126700608509,0.25842885865180665,0.07758746014942013,0.243821089795935,-0.12894040880433738,-0.07555804044809014,-0.25464295418836513,-0.06758625769450928,-0.12869024573037477,0.008067216390483226,-0.005286675093448926,0.0051636289207820105,1.4736395688061873e-05
-147.84,0.92,0.025,0.009797958971132711,0.5248792922602417,0.5278473586035246,0.21816651298616005,0.2133223599801194,0.3121395182475003,-0.00023953856282547283,0.0028877624767991647,0.0005675421684596483,0.001612760957518239,3.3582872323852233e-06,0.1846561365914859,0.18055604548717305,0.2641948882446843,-0.0002027454395754802,0.25882826320271063,0.07746876437333314,0.24402276430295503,-0.12904631013927073,-0.07587127574646668,-0.25490776208805044,-0.06768362820774645,-0.12887510158825902,0.008067216390483228,-0.005286675093448925,0.005166783877977728,1.4723964600027496e-05
-147.68,0.92,0.025,0.009797958971132711,0.5248792922602417,0.5278473586035246,0.21862889168537963,0.21341302976457438,0.31239746459270007,-0.00023898580355741865,0.0028919719275113257,0.0005658291752780198,0.001615075258814857,3.3602823673181387e-06,0.18504749392250533,0.18063278839273578,0.26441321403126133,-0.00020227758413099916,0.2592280829460463,0.07734957705387441,0.24422473012966767,-0.12915236450816112,-0.07618513978540555,-0.2551726466176842,-0.06778097918189928,-0.12905991752068563,0.008067216390483226,-0.005286675093448924,0.0051699258990198825,1.4711455064527138e-05
-147.51999999999998,0.92,0.025,0.009797958971132711,0.5248792922602417,0.5278473586035246,0.21909194421547215,0.21350342500809613,0.3126557829610411,-0.000238432308051364,0.002896185362754236,0.0005641104049903813,0.0016173890368238436,3.3622623743497684e-06,0.18543942158397564,0.18070929892685259,0.2646318546982252,-0.00020180910553467448,0.25962831800160474,0.07722989720469693,0.24442698721643966,-0.1292585718816665,-0.07649963344165783,-0.2554376073436947,-0.06787830931551088,-0.12924469104591663,0.008067216390483226,-0.005286675093448926,0.005173054906649773,1.4698867079619503e-05
-147.35999999999999,0.92,0.025,0.009797958971132711,0.5248792922602417,0.5278473586035246,0.21955567121398287,0.21359354478548123,0.3129144732723277,-0.00023787807847927675,0.00290040278277986,0.0005623858467624224,0.001619702260335575,3.36422716982093e-06,0.1858319201155151,0.18078557630643133,0.2648508101776982,-0.00020134000562485984,0.2600289684884963,0.07710972383807864,0.24462953549965402,-0.12936493222837878,-0.07681475759273944,-0.25570264383120817,-0.06797561730028011,-0.12942941966921645,0.008067216390483224,-0.005286675093448926,0.005176170823523304,1.4686200644997619e-05
-147.2,0.92,0.025,0.009797958971132711,0.5248792922602417,0.5278473586035246,0.2200200733184966,0.21368338816979146,0.31317353544126786,-0.00023732311704983603,0.0029046241878313123,0.0005606554897456287,0.0016220148979778767,3.366176669912993e-06,0.18622499005677554,0.1808616197469115,0.26507008039748914,-0.00020087028627098122,0.2604300345251486,0.07698905596492117,0.24483237491169277,-0.1294714455148147,-0.0771305131169311,-0.25596775564404595,-0.06807290182106965,-0.1296141008828677,0.008067216390483226,-0.005286675093448925,0.005179273572213471,1.4673455761993455e-05
-147.04,0.92,0.025,0.009797958971132711,0.5248792922602417,0.5278473586035246,0.2204851511666363,0.21377295423235182,0.3134329693774458,-0.00023676742600855984,0.0029088495781428316,0.0005589193230772716,0.0016243269182162348,3.368110790648669e-06,0.18661863194744097,0.1809374284622626,0.2652896652810701,-0.00020039994937364505,0.2608315162293044,0.07686789259474885,0.24503550538091556,-0.12957811170540456,-0.07744690089327814,-0.25623294234472216,-0.06817016155591489,-0.12979873216618804,0.008067216390483224,-0.005286675093448924,0.005182363075212961,1.4660632433581203e-05
-146.88,0.92,0.025,0.009797958971132711,0.5248792922602417,0.5278473586035246,0.22095090539606171,0.2138622420427481,0.3136927749852979,-0.00023621100763786666,0.002913078953939759,0.0005571773358803989,0.0016266382893540142,3.370029447893611e-06,0.18701284632722665,0.181013001664982,0.26550956474755616,-0.00019992899686469036,0.2612334137180195,0.07674623273570713,0.2452389268316406,-0.1296849307624824,-0.07776392180159042,-0.25649820349444175,-0.068267395176033,-0.12998331098554772,0.008067216390483224,-0.005286675093448924,0.005185439254936718,1.4647730664381779e-05
-146.72,0.92,0.025,0.009797958971132711,0.5248792922602417,0.5278473586035246,0.22141733664446797,0.2139512506688246,0.31395295216408714,-0.00023565386425708398,0.0029173123154385165,0.0005554295172638219,0.0016289489795326768,3.371932557358261e-06,0.1874076337358777,0.18108833856609313,0.26572977871168335,-0.0001994574307071959,0.261635727107661,0.0766240753945618,0.2454426391841249,-0.12979190264627535,-0.07808157672244222,-0.25676353865309787,-0.06836460134583193,-0.13016783479438707,0.008067216390483226,-0.005286675093448925,0.005188502033724505,1.4634750460667133e-05
-146.56,0.92,0.025,0.009797958971132711,0.5248792922602417,0.5278473586035246,0.22188444554958406,0.21403997917668194,0.314213500807879,-0.0002350959982225857,0.0029215496628465783,0.0005536758563221061,0.0016312589567320228,3.3738200345989415e-06,0.18780299471316797,0.1811634383751436,0.2659503070837888,-0.00019898525289559655,0.26203845651390484,0.07650141957669748,0.2456466423545452,-0.12989902731489394,-0.07839986653717206,-0.2570289473792695,-0.06846177872292053,-0.1303523010332357,0.008067216390483222,-0.005286675093448926,0.00519155133384352,1.4621691830364138e-05
-146.4,0.92,0.025,0.009797958971132711,0.5248792922602417,0.5278473586035246,0.22235223274917146,0.2141284266306747,0.3144744208055152,-0.0002345374119278087,0.0029257909963624506,0.0005519163421355602,0.0016335681887704112,3.3756917950192972e-06,0.18819892979889874,0.18123830030020308,0.26617114976978806,-0.00019851246545569729,0.26244160205173406,0.07637826428611659,0.24585093625497742,-0.13000630472432112,-0.07871879212788256,-0.2572944292302192,-0.06855892595811768,-0.13053670712973037,0.008067216390483224,-0.005286675093448925,0.00519458707749095,1.4608554783057557e-05
-146.23999999999998,0.92,0.025,0.009797958971132711,0.5248792922602417,0.5278473586035246,0.22282069888102274,0.21421659209340918,0.3147357120405899,-0.00023397810780331955,0.0029300363161756477,0.0005501509637702237,0.0016358766433050228,3.3775477538721116e-06,0.18859543953289765,0.18131292354786155,0.2663923066711553,-0.00019803907044472967,0.2628451638354365,0.07625460852543806,0.24605552079337817,-0.13011373482840263,-0.0790383543774404,-0.2575599837618907,-0.06865604169546329,-0.13072105049863583,0.008067216390483222,-0.005286675093448925,0.005197609186796613,1.4595339329994777e-05
-146.07999999999998,0.92,0.025,0.009797958971132711,0.5248792922602417,0.5278473586035246,0.22328984458295997,0.21430447462574115,0.3149973743914244,-0.00023341808831683978,0.0029342856224666694,0.0005483797102778591,0.0016381842878321069,3.3793878262608064e-06,0.18899252445501732,0.1813873073232273,0.26661377768490163,-0.0001975650699513732,0.26324914197860283,0.07613045129589625,0.2462603958735649,-0.13022131757883637,-0.0793585541694762,-0.25782561052890685,-0.06875312457222854,-0.13090532854186476,0.008067216390483224,-0.005286675093448926,0.0052006175838255645,1.4582045484088842e-05
-145.92,0.92,0.025,0.009797958971132711,0.5248792922602417,0.5278473586035246,0.22375967049283355,0.21439207328677343,0.31525940773104205,-0.00023285735597334135,0.002938538915406974,0.0005466025706959374,0.0016404910896872344,3.381211927140756e-06,0.18939018510513433,0.18146145082992504,0.266835562703554,-0.00019709046609583613,0.2636535365941246,0.07600579159733961,0.24646556139519615,-0.13032905292516245,-0.0796793923883843,-0.2580913090845666,-0.06885017321892645,-0.1310895386484979,0.008067216390483224,-0.005286675093448926,0.005203612190580692,1.456867325992182e-05
-145.76,0.92,0.025,0.009797958971132711,0.5248792922602417,0.5278473586035246,0.22423017724852035,0.21447938713385367,0.3155218119271432,-0.00023229591331504066,0.0029427961951589564,0.0005448195340476309,0.0016427970160455773,3.383019971321e-06,0.18978842202314763,0.18153535327009376,0.267057661615134,-0.00019661526102985043,0.26405834779419185,0.07588062842822953,0.24667101725375187,-0.1304369408147524,-0.08000086991932256,-0.25835707898084354,-0.06894718625932347,-0.13127367819480648,0.008067216390483224,-0.005286675093448925,0.005206592929005392,1.4555222673747788e-05
-145.6,0.92,0.025,0.009797958971132711,0.5248792922602417,0.5278473586035246,0.2247013654879227,0.21456641522257233,0.3157845868420816,-0.0002317337629214538,0.002947057461875925,0.0005430305893417995,0.0016451020339221805,3.3848118734660942e-06,0.19018723574897778,0.18160901384438524,0.2672800743031379,-0.0001961394569367185,0.26446357569029144,0.07575496078563936,0.24687676334051534,-0.13054498119279992,-0.08032298764821247,-0.2586229197683826,-0.06904416231045088,-0.13145774454427406,0.008067216390483222,-0.005286675093448926,0.005209559720986178,1.4541693743496924e-05
-145.44,0.92,0.025,0.009797958971132711,0.5248792922602417,0.5278473586035246,0.22517323584896665,0.21465315660675982,0.31604773233283817,-0.00023117090740946576,0.002951322715702077,0.0005412357255729824,0.001647406110172234,3.3865875480973466e-06,0.19058662682256539,0.18168243175196153,0.2675028006465142,-0.00019566305603137182,0.26486922039320454,0.07562878766525265,0.24708279954255227,-0.13065317400230983,-0.08064574646173875,-0.2588888309964984,-0.06914109998261604,-0.13164173504761817,0.008067216390483224,-0.005286675093448926,0.005212512488355317,1.4528086488777954e-05
-145.28,0.92,0.025,0.009797958971132711,0.5248792922602417,0.5278473586035246,0.22564578896960058,0.2147396103384847,0.316311248250997,-0.00023060734943334497,0.002955591956772475,0.0005394349317213846,0.0016497092114913826,3.388346909594864e-06,0.19098659578386995,0.18175560619049347,0.2677258405196439,-0.00019518606056038318,0.265275282013005,0.07550210806136268,0.24728912574269196,-0.13076151918408815,-0.08096914724734941,-0.2591548122131727,-0.06923799787941541,-0.13182564704281527,0.008067216390483222,-0.005286675093448927,0.005215451152893536,1.4514400930882024e-05
-145.12,0.92,0.025,0.009797958971132711,0.5248792922602417,0.5278473586035246,0.22611902548779375,0.21482577546805118,0.31657513444272073,-0.0002300430916847326,0.002959865185213021,0.000537628196752869,0.0016520113044160057,3.390089872198886e-06,0.19138714317286865,0.18182853635615853,0.26794919379231885,-0.00019470847280195767,0.2656817606590565,0.0753749209668707,0.24749574181950845,-0.13087001667673215,-0.08129319089325542,-0.25942086296505174,-0.06933485459774612,-0.132009477855123,0.008067216390483224,-0.005286675093448926,0.00521837563633262,1.4500637092783771e-05
-144.96,0.92,0.025,0.009797958971132711,0.5248792922602417,0.5278473586035246,0.2265929460415349,0.21491165104399687,0.31683939074872536,-0.00022947813689276904,0.002964142401140436,0.0005358155096189434,0.0016543123553235306,3.3918163500115723e-06,0.19178826952955516,0.18190122144363896,0.26817286032972115,-0.00019423029506603973,0.2660886564400117,0.07524722537328499,0.24770264764730043,-0.13097866641661987,-0.08161787828843077,-0.25968698279744423,-0.06943166872781908,-0.1321932247971053,0.008067216390483222,-0.005286675093448925,0.005221285860358132,1.4486794999146048e-05
-144.79999999999998,0.92,0.025,0.009797958971132711,0.5248792922602417,0.5278473586035246,0.22706755126883058,0.21499723611309052,0.31710401700425617,-0.00022891248782401792,0.002968423604662233,0.0005339968592567513,0.0016566123304327437,3.393526256998952e-06,0.1921899753939382,0.18197366064611983,0.26839683999240244,-0.00019375152969424879,0.2664959694638087,0.07511902027071965,0.24790984309607247,-0.13108746833790008,-0.0819432103226121,-0.25995317125431894,-0.06952843885317193,-0.1323768851686575,0.008067216390483222,-0.005286675093448926,0.00522418174661206,1.4472874676321565e-05
-144.64,0.92,0.025,0.009797958971132711,0.5248792922602417,0.5278473586035246,0.22754284180770395,0.2150825297203295,0.31736901303906256,-0.00022834614728252725,0.002972708795876695,0.0005321722345890597,0.0016589111958041135,3.3952195069925104e-06,0.19259226130604062,0.1820458531552869,0.2686211326362626,-0.00019327217905993108,0.26690369983767015,0.07499030464789329,0.24811732803151546,-0.13119642237248222,-0.0822691878862988,-0.26021942787830205,-0.06962516355068252,-0.1325604562570319,0.008067216390483224,-0.005286675093448927,0.005227063216695536,1.4458876152355646e-05
-144.48,0.92,0.025,0.009797958971132711,0.5248792922602417,0.5278473586035246,0.228018818296193,0.2151675309089379,0.317634378677374,-0.00022777911810985073,0.0029769979748728486,0.0005303416245242497,0.001661208917340109,3.396896013690914e-06,0.19299512780589775,0.18211779816132503,0.2688457381125294,-0.00019279224556817767,0.26731184766810023,0.07486107749212795,0.24832510231498778,-0.13130552845002613,-0.08259581187075257,-0.26048575221067505,-0.0697218413905822,-0.13274393533686338,0.008067216390483226,-0.005286675093448927,0.005229930192171481,1.4444799456988515e-05
-144.32,0.92,0.025,0.009797958971132711,0.5248792922602417,0.5278473586035246,0.22849548137234937,0.21525223872036384,0.31790011373787525,-0.0002272114031850832,0.0029812911417304412,0.0005285050179563044,0.00166350546078555,3.3985556906617245e-06,0.1933985754335565,0.18218949485291597,0.26907065626773763,-0.00019231173165585441,0.26772041306088334,0.07473133778934785,0.24853316580349566,-0.13141478649793212,-0.08292308316799754,-0.2607521437913721,-0.0698184709364704,-0.13292731967019755,0.008067216390483224,-0.005286675093448927,0.005232782594567356,1.4430644621657743e-05
-144.16,0.92,0.025,0.009797958971132711,0.5248792922602417,0.5278473586035246,0.22897283167423663,0.21533665219427742,0.31816621803368184,-0.0002266430054248238,0.002985588296519919,0.0005266624037648,0.0016658007917279378,3.4001984513436583e-06,0.1938026047290739,0.18226094241723642,0.2692958869437083,-0.00019183063979157086,0.26812939612108133,0.07460108452407828,0.2487415183496744,-0.1315241964413306,-0.08325100267081989,-0.2610186021589781,-0.06991505074532843,-0.13311060650651707,0.008067216390483224,-0.005286675093448927,0.005235620345377843,1.4416411679501047e-05
-144.0,0.92,0.025,0.009797958971132711,0.5248792922602417,0.5278473586035246,0.22945086983992888,0.21542077036856824,0.318432691372316,-0.000226073927783203,0.0029898894393023973,0.0005248137708148931,0.0016680948755978078,3.4018242090478928e-06,0.1942072162325158,0.18233214003995618,0.26952142997752826,-0.00019134897247570303,0.26853879695303173,0.07447031667944426,0.24895015980176918,-0.13163375820307244,-0.0835795712727679,-0.26128512685072564,-0.07001157936753424,-0.13329379308276987,0.008067216390483224,-0.005286675093448926,0.005238443366067542,1.4402100665356976e-05
-143.83999999999997,0.92,0.025,0.009797958971132711,0.5248792922602417,0.5278473586035246,0.2299295965075093,0.21550459227934318,0.31869953355568126,-0.0002255041732519036,0.0029941945701296427,0.0005229591079573113,0.0016703876776690881,3.4034328769603564e-06,0.1946124104839559,0.18240308690523607,0.26974728520152863,-0.0001908667322404112,0.2689486156603454,0.0743390332371694,0.24915909000361547,-0.13174347170371817,-0.0839087898681516,-0.2615517174024933,-0.0701080553468773,-0.13347687662339802,0.008067216390483224,-0.005286675093448926,0.005241251578073727,1.438771161576859e-05
-143.68,0.92,0.025,0.009797958971132711,0.5248792922602417,0.5278473586035246,0.23040901231506855,0.21558811696092417,0.3189667443800395,-0.0002249337448601484,0.0029985036890440436,0.000521098404028342,0.0016726791630594694,3.4050243681433636e-06,0.19501818802347404,0.18247378219572621,0.2699734524432655,-0.00019038392164962963,0.26935885234590473,0.07420723317757477,0.24936830879462082,-0.13185333686152884,-0.08423865935204274,-0.26181837334880265,-0.07020447722057403,-0.1336598543403671,0.008067216390483224,-0.005286675093448927,0.005244044902809048,1.4373244568984205e-05
-143.51999999999998,0.92,0.025,0.009797958971132711,0.5248792922602417,0.5278473586035246,0.23088911790070332,0.21567134344584574,0.3192343236359855,-0.00022436264567470525,0.003002816796078589,0.0005192316478498223,0.0016749692967307727,3.406598595537612e-06,0.1954245493911553,0.18254422509256385,0.2701999315254981,-0.00018990054329907054,0.2697695071118613,0.07407491547957777,0.2495778160097451,-0.13196335359245512,-0.08456918062027449,-0.26208509422281645,-0.07030084351928328,-0.13384272343319584,0.008067216390483222,-0.005286675093448927,0.005246823261664274,1.4358699564959593e-05
-143.36,0.92,0.025,0.009797958971132711,0.5248792922602417,0.5278473586035246,0.23136991390251485,0.21575427076485262,0.31950227110842283,-0.00022379087879986689,0.0030071338912568426,0.0005173588282291268,0.0016772580434893276,3.408155471964386e-06,0.19583149512708858,0.18261441477537127,0.2704267222661691,-0.00018941659981620734,0.27018058005963375,0.07394207912069052,0.24978761147948192,-0.13207352181012783,-0.08490035456944149,-0.2623518795563356,-0.07039715276712194,-0.13402548108898632,0.008067216390483222,-0.005286675093448926,0.005249586576011018,1.4344076645360216e-05
-143.2,0.92,0.025,0.009797958971132711,0.5248792922602417,0.5278473586035246,0.23185140095860743,0.2158368979468978,0.31977058657654045,-0.00022321844737743557,0.0030114549745929183,0.0005154799339591586,0.0016795453679863724,3.409694910127e-06,0.19623902577136534,0.1826843504222543,0.2706538244783839,-0.00018893209386026147,0.27059207128990553,0.07380872307701937,0.2499976950298396,-0.13218384142584774,-0.08523218209689935,-0.2626187288797972,-0.0704934034816817,-0.1342081244824559,0.008067216390483224,-0.005286675093448926,0.005252334767204508,1.4329375853560998e-05
-143.04000000000002,0.92,0.025,0.009797958971132711,0.5248792922602417,0.5278473586035246,0.2323335797070868,0.21591922401913985,0.32003926981378716,-0.00022264535458671827,0.003015780046091457,0.0005135949538183375,0.001681831234718437,3.411216822613389e-06,0.19664714186407828,0.18275403120979997,0.2708812379703895,-0.00018844702812219834,0.2710039809026232,0.073674846323263,0.25020806648232197,-0.13229431234857547,-0.0855646641007649,-0.26288564172227213,-0.07058959417404508,-0.13439065077596804,0.008067216390483224,-0.005286675093448926,0.005255067756586311,1.4314597234649797e-05
-142.88,0.92,0.025,0.009797958971132711,0.5248792922602417,0.5278473586035246,0.23281645078605862,0.21600124800694073,0.3203083205878488,-0.00022207160364457634,0.003020109105747601,0.0005117038765705903,0.0016841156080277524,3.412721121897795e-06,0.19705584394532003,0.18282345631307464,0.2711089625455552,-0.00018796140532476943,0.2714163089969936,0.07354044783271173,0.25041872565391016,-0.13240493448492174,-0.08589780147991558,-0.2631526176114623,-0.07068572334880244,-0.13457305711956496,0.008067216390483224,-0.005286675093448927,0.005257785465487099,1.4299740835428736e-05
-142.71999999999997,0.92,0.025,0.009797958971132711,0.5248792922602417,0.5278473586035246,0.23330001483362717,0.21608296893386345,0.32057773866062284,-0.00022149719780526958,0.003024442153546971,0.000509806690965339,0.0016863984521026652,3.4142077203428983e-06,0.19746513255518205,0.18289262490562203,0.27133699800235117,-0.0001874752282223802,0.2718290556714824,0.07340552657724597,0.2506296723570427,-0.13251570773913707,-0.0862315951339896,-0.2634196560736987,-0.07078178950406933,-0.1347553406510008,0.008067216390483228,-0.005286675093448927,0.005260487815229423,1.4284806704413489e-05
-142.56,0.92,0.025,0.009797958971132711,0.5248792922602417,0.5278473586035246,0.23378427248789352,0.21616438582166983,0.3208475237881951,-0.00022092214036054754,0.0030287791894656377,0.0005079033857374909,0.001688679730978048,3.415676530202063e-06,0.1978750082337531,0.18296153615946134,0.2715653441343283,-0.00018698849960116745,0.27224222102381157,0.07327008152733536,0.2508409063995975,-0.13262663201310207,-0.08656604596338557,-0.26368675663393853,-0.07087779113150357,-0.1349374984957746,0.008067216390483228,-0.0052866750934489285,0.005263174727130462,1.4269794891836777e-05
-142.39999999999998,0.92,0.025,0.009797958971132711,0.5248792922602417,0.5278473586035246,0.23426922438695427,0.2162454976903181,0.3211176757208162,-0.00022034643463956607,0.0030331202134701025,0.0005059939496074276,0.0016909594085357377,3.4171274636211475e-06,0.1982854715211181,0.18303018924508524,0.27179400073009885,-0.00018650122227892874,0.27265580515095716,0.07313411165203737,0.2510524275848734,-0.13273770720631764,-0.08690115486926242,-0.26395391881576313,-0.07097372671632361,-0.13511952776716515,0.008067216390483226,-0.005286675093448927,0.005265846122504804,1.4254705449647523e-05
-142.24,0.92,0.025,0.009797958971132711,0.5248792922602417,0.5278473586035246,0.23475487116889976,0.2163263035579605,0.32138819420287595,-0.0002197700840089053,0.0030374652255172685,0.0005040783712809949,0.0016932374485049521,3.4185604326409975e-06,0.19869652295735676,0.1830985833314578,0.27202296757331423,-0.00018601339910513746,0.2730698081491474,0.07299761591899609,0.25126423571157,-0.13284893321589453,-0.08723692275353914,-0.2642211421413753,-0.0710695947373259,-0.1353014255662646,0.008067216390483228,-0.005286675093448928,0.00526850192266721,1.4239538431513725e-05
-142.07999999999998,0.92,0.025,0.009797958971132711,0.5248792922602417,0.5278473586035246,0.2352412134718128,0.21640680244094115,0.3216590789728815,-0.00021919309187246782,0.003041814225554418,0.0005021566394494911,0.0016955138144627599,3.4199753491992854e-06,0.19910816308254237,0.1831667175860126,0.2722522444426469,-0.00018552503296085678,0.27348423011386036,0.0728605932944411,0.2514763305737707,-0.13296030993654412,-0.08757335051889466,-0.26448842613159723,-0.07116539366690441,-0.13548318898201583,0.008067216390483226,-0.005286675093448927,0.005271142048935442,1.4224293892821107e-05
-141.92000000000002,0.92,0.025,0.009797958971132711,0.5248792922602417,0.5278473586035246,0.23572825193376684,0.2164869933537936,0.32193032976343156,-0.00021861546167150934,0.0030461672135191874,0.0005002287427896578,0.001697788469834495,3.4213721251331434e-06,0.19952039243674027,0.1832345911746509,0.2724818311117685,-0.0001850361267587655,0.2738990711398218,0.07272304274318636,0.25168871196092274,-0.1330718372605679,-0.08791043906876758,-0.2647557703058676,-0.07126112197106808,-0.13566481509124578,0.008067216390483228,-0.005286675093448928,0.005273766422632971,1.420897189067631e-05
-141.76,0.92,0.025,0.009797958971132711,0.5248792922602417,0.5278473586035246,0.23621598719282472,0.2165668753092384,0.322201946301194,-0.0002180371968845398,0.003050524189339542,0.0004982946699636678,0.0017000613778942488,3.4227506721810735e-06,0.19993321156000685,0.1833022032617394,0.2727117273493306,-0.00018454668344307452,0.27431433132100314,0.07258496322862888,0.2519013796578192,-0.13318351507784804,-0.08824818930735609,-0.2650231741822396,-0.07135677810946124,-0.13584630095870473,0.008067216390483228,-0.005286675093448929,0.005276374965091857,1.4193572483905619e-05
-141.60000000000002,0.92,0.025,0.009797958971132711,0.5248792922602417,0.5278473586035246,0.23670441988703694,0.21664644731818103,0.32247392830688115,-0.00021745830102737278,0.003054885152933752,0.0004963544096191157,0.0017023325017653118,3.4241109019851764e-06,0.2003466209923881,0.18336955301010843,0.2729419329189442,-0.00018405670598956833,0.27473001075061904,0.07244635371274756,0.25211433344458034,-0.13329534327583736,-0.08858660213961772,-0.2652906372773781,-0.07145236053538216,-0.13602764363710174,0.00806721639048323,-0.005286675093448929,0.0052789675976554805,1.4178095733056902e-05
-141.44,0.92,0.025,0.009797958971132711,0.5248792922602417,0.5278473586035246,0.23719355065444012,0.21672570838970937,0.3227462754952265,-0.00021687877765291127,0.0030592501042103646,0.0004944079503890062,0.001704601804420654,3.4254527260938507e-06,0.2007606212739181,0.18343663958105003,0.2731724475791597,-0.00018356619740542412,0.2751461095211255,0.07230721315610211,0.25232757309663484,-0.1334073217395494,-0.08892567847126906,-0.2655581591065576,-0.07154786769580296,-0.13620884016714305,0.008067216390483226,-0.0052866750934489285,0.005281544241681368,1.4162541700398595e-05
-141.27999999999997,0.92,0.025,0.009797958971132711,0.5248792922602417,0.5278473586035246,0.23768338013305546,0.21680465753109135,0.3230189875749609,-0.0002162986303513034,0.0030636190430681854,0.0004924552808917449,0.0017068692486834109,3.4267760559635885e-06,0.20117521294461815,0.18350346213431573,0.2734032710834469,-0.0001830751607293432,0.2755626277242173,0.07216754051783175,0.25254109838470146,-0.1335194503515488,-0.0892654192087857,-0.2658257391836595,-0.07164329803139005,-0.1363898875775709,0.008067216390483226,-0.005286675093448928,0.005284104818544004,1.4146910449921813e-05
-141.12,0.92,0.025,0.009797958971132711,0.5248792922602417,0.5278473586035246,0.2381739089608872,0.2168832937477728,0.32329206424878904,-0.00021571786274971277,0.0030679919693962472,0.0004904963897311258,0.0017091347972273613,3.428080802961794e-06,0.20159039654449493,0.1835700198281149,0.27363440318017507,-0.0001825835990313569,0.2759795654508264,0.07202733475565402,0.2527549090747707,-0.13363172899194145,-0.08960582525940204,-0.2660933770211698,-0.07173864997652399,-0.1365707828852019,0.008067216390483226,-0.005286675093448929,0.00528664924963762,1.4131202047339167e-05
-140.95999999999998,0.92,0.025,0.009797958971132711,0.5248792922602417,0.5278473586035246,0.23866513777592108,0.2169616160433748,0.32356550521336574,-0.00021513647851236517,0.0030723688830737866,0.0004885312654963226,0.0017113984125774354,3.4293668783689625e-06,0.20200617261353962,0.18363631181911244,0.2738658436125928,-0.0001820915154128659,0.2763969227911191,0.07188659482586357,0.25296900492808627,-0.13374415753836472,-0.08994689753111089,-0.2663610721301765,-0.07183392195932067,-0.13675152309496763,0.008067216390483226,-0.005286675093448928,0.005289177456379025,1.4115416560085997e-05
-140.8,0.92,0.025,0.009797958971132711,0.5248792922602417,0.5278473586035246,0.23915706721612268,0.21703962341969169,0.3238393101592728,-0.0002145544813404933,0.0030767497839702222,0.00048655989676187685,0.0017136600571102073,3.430634193381124e-06,0.20242254169172624,0.18370233726242705,0.2740975921188085,-0.00018159891300659355,0.2768146998344943,0.0717453196833311,0.2531833857011268,-0.13385673586597768,-0.09028863693266351,-0.26662882402036747,-0.07192911240165199,-0.136932105199954,0.008067216390483228,-0.0052866750934489285,0.005291689360210399,1.409955405732058e-05
-140.64,0.92,0.025,0.009797958971132711,0.5248792922602417,0.5278473586035246,0.23964969791943594,0.21711731487668856,0.32411347877099494,-0.000213971874972161,0.0030811346719451247,0.000484582272087688,0.001715919693054422,3.431882659112398e-06,0.2028395043190106,0.18376809531162921,0.27432964843177016,-0.00018110579497643706,0.2772328966695812,0.07160350828150214,0.2533980511455874,-0.1339694638474513,-0.09063104437356923,-0.26689663220002763,-0.07202421971916777,-0.1371125261814435,0.008067216390483224,-0.005286675093448927,0.005294184882602161,1.4083614609922691e-05
-140.48000000000002,0.92,0.025,0.009797958971132711,0.5248792922602417,0.5278473586035246,0.24014303052378153,0.21719468941249884,0.3243880107268969,-0.00021338866318231964,0.0030855235468481962,0.00048259838001900253,0.0017181772824914978,3.43311218659722e-06,0.2032570610353287,0.183833585118739,0.27456201227924554,-0.00018061216451751536,0.27765151338423677,0.07146115957239563,0.25361300100836137,-0.1340823413529589,-0.09097412076409533,-0.26716449617603677,-0.07211924232131674,-0.13729278300895542,0.008067216390483224,-0.005286675093448927,0.005296663945055725,1.4067598290494642e-05
-140.32,0.92,0.025,0.009797958971132711,0.5248792922602417,0.5278473586035246,0.2406370656670552,0.217271746023422,0.32466290569919964,-0.00021280484978267327,0.0030899164085192413,0.00048060820908640345,0.0017204327873560647,3.4343226867934605e-06,0.20367521238059552,0.18389880583422438,0.2747946833838026,-0.00018011802485605466,0.27807055006554415,0.07131827250660311,0.25382823503152213,-0.13419536825016626,-0.09131786701526681,-0.26743241545386687,-0.07221417861136901,-0.1374728726402888,0.008067216390483224,-0.005286675093448927,0.005299126469106379,1.4051505173361964e-05
-140.15999999999997,0.92,0.025,0.009797958971132711,0.5248792922602417,0.5278473586035246,0.24113180398712641,0.21734848370392137,0.3249381633539579,-0.0002122204386216469,0.0030943132567881454,0.0004786117478058,0.0017226861694365017,3.4355140705841613e-06,0.2040939588947038,0.18396375660699907,0.27502766146279,-0.00017962337924936193,0.27849000679980995,0.07117484603328726,0.2540437529523051,-0.1343085444042222,-0.09166228403886612,-0.26770038953757996,-0.07230902698643858,-0.13765279202156558,0.008067216390483222,-0.0052866750934489285,0.0053015723763261,1.403533533457126e-05
-140.0,0.92,0.025,0.009797958971132711,0.5248792922602417,0.5278473586035246,0.24162724612183656,0.21742490144662147,0.3252137833510358,-0.0002116354335842396,0.003098714091474845,0.0004766089846784171,0.0017249373903754706,3.4366862487807735e-06,0.20451330111752247,0.18402843658442042,0.2752609462283167,-0.00017912823098570043,0.2789098836725622,0.07103087910018069,0.25425955450308896,-0.13442186967774866,-0.09200737274743297,-0.2679684179298252,-0.07240378583750552,-0.13783253808727322,0.008067216390483222,-0.005286675093448927,0.005304001588326374,1.4019088851890756e-05
-139.83999999999997,0.92,0.025,0.009797958971132711,0.5248792922602417,0.5278473586035246,0.24212339270899738,0.21750099824230595,0.32548976534408497,-0.00021104983859202852,0.0031031189123893084,0.0004745999081907838,0.001727186411670478,3.437839132125558e-06,0.2049332395888954,0.18409284491228778,0.2754945373872335,-0.00017863258338429293,0.2793301807685483,0.07088637065358498,0.2544756394113789,-0.13453534393083139,-0.09235313405426429,-0.26823650013183686,-0.07249845354943948,-0.13801210776030973,0.008067216390483226,-0.005286675093448927,0.005306414026761049,1.4002765804810518e-05
-139.68,0.92,0.025,0.009797958971132711,0.5248792922602417,0.5278473586035246,0.24262024438638952,0.21757677307991524,0.32576610898052,-0.00021046365760302334,0.0031075277193315038,0.00047258450681472415,0.001729433194674422,3.4389726312944163e-06,0.2053537748486401,0.18415698073484027,0.27572843464111213,-0.00017813643979519897,0.27975089817173243,0.07074131963836941,0.25469200739978687,-0.13464896702100987,-0.09269956887341367,-0.2685046356434316,-0.07259302850102255,-0.1381914979520274,0.008067216390483226,-0.005286675093448927,0.005308809613329159,1.3986366274541522e-05
-139.51999999999998,0.92,0.025,0.009797958971132711,0.5248792922602417,0.5278473586035246,0.24311780179176062,0.21765222494654377,0.326042813901497,-0.00020987689461160483,0.00311194051209138,0.00047056276900734614,0.001731677700596176,3.4400866568990206e-06,0.2057749074365462,0.18422084319475465,0.27596263768622703,-0.00017763980359926233,0.28017203596529355,0.07059572499796953,0.25490865818601505,-0.13476273880326836,-0.09304667811969142,-0.268772823963006,-0.07268750906497361,-0.13837070556227946,0.008067216390483228,-0.0052866750934489285,0.005311188269777787,1.3969890344013659e-05
-139.36,0.92,0.025,0.009797958971132711,0.5248792922602417,0.5278473586035246,0.24361606556282417,0.21772735282743824,0.32631987974188886,-0.00020928955364837948,0.0031163572904488353,0.0004685346832110307,0.0017339198905011433,3.441181119490568e-06,0.20619663789237438,0.18428443143314374,0.27619714621353475,-0.0001771426782079884,0.2805935942316234,0.07044958567438638,0.25512559148283687,-0.1348766591300257,-0.09339446270866417,-0.2690410645875342,-0.07278189360797144,-0.13854972747946465,0.008067216390483224,-0.005286675093448925,0.005313549917904871,1.3953338097877377e-05
-139.2,0.92,0.025,0.009797958971132711,0.5248792922602417,0.5278473586035246,0.24411503633725742,0.2178021557059948,0.3265973061302647,-0.00020870163878022584,0.0031207780541736988,0.00046650023785342224,0.0017361597253118615,3.4422559295614322e-06,0.2066189667558547,0.184347744589554,0.2764319599086561,-0.00017664506706358316,0.28101557305232366,0.07030290060818495,0.2553428069980804,-0.1349907278511265,-0.09374292355665484,-0.2693093570125655,-0.07287618049068005,-0.13872856058057523,0.008067216390483226,-0.005286675093448927,0.0053158944795620895,1.3936709622501707e-05
-139.04000000000002,0.92,0.025,0.009797958971132711,0.5248792922602417,0.5278473586035246,0.2446147147527001,0.21787663256375686,0.326875092688864,-0.00020811315411006055,0.0031252028030256973,0.00046445942134741694,0.0017383971658085744,3.4433109975488177e-06,0.20704189456668537,0.18441078180196382,0.2766670784518545,-0.00017614697363875525,0.2814379725082044,0.07015566873849322,0.2555603044346085,-0.13510494481383076,-0.09409206158074213,-0.2695777007322215,-0.07297036806777246,-0.13890720173124316,0.008067216390483224,-0.005286675093448926,0.005318221876657692,1.3920005005973918e-05
-138.88,0.92,0.025,0.009797958971132711,0.5248792922602417,0.5278473586035246,0.2451151014467526,0.2179507823804127,0.3271532390335768,-0.0002075241037767683,0.003129631536754436,0.00046241222209115394,0.0017406321726298403,3.4443462338371194e-06,0.20746542186453143,0.18447354220678133,0.27690250151801943,-0.00017564840143665669,0.28186079267928127,0.07000788900300088,0.25577808349030356,-0.13521930986280528,-0.0944418776987605,-0.2698460952391941,-0.07306445468795619,-0.13908564778578844,0.008067216390483224,-0.005286675093448926,0.0053205320311593305,1.3903224338097482e-05
-138.71999999999997,0.92,0.025,0.009797958971132711,0.5248792922602417,0.5278473586035246,0.24561619705697452,0.2180246041337932,0.327431744773919,-0.0002069344919551169,0.003134064255099369,0.00046035862846800204,0.0017428647062731422,3.445361548761026e-06,0.20788954918902325,0.18453602493884258,0.27713822877664507,-0.00017514935399081096,0.28228403364477367,0.06985956033795818,0.25599614385804775,-0.13533382284011353,-0.09479237282929996,-0.27011454002474256,-0.07315843869399866,-0.1392638955872682,0.008067216390483222,-0.005286675093448928,0.005322824865096952,1.3886367710392194e-05
-138.56,0.92,0.025,0.009797958971132711,0.5248792922602417,0.5278473586035246,0.24611800222088304,0.2180980967998693,0.32771060951301023,-0.00020634432285564943,0.0031385009577897765,0.0004582986288465529,0.0017450947270954862,3.446356852608371e-06,0.20831427707975542,0.18459822913140939,0.27737425989181186,-0.00017464983486502168,0.2827076954831024,0.06971068167817464,0.25621448522570617,-0.13544848358520642,-0.09514354789170561,-0.27038303457869145,-0.07325231842275227,-0.1394419419675244,0.008067216390483226,-0.005286675093448927,0.005325100300565605,1.3869435216092847e-05
-138.39999999999998,0.92,0.025,0.009797958971132711,0.5248792922602417,0.5278473586035246,0.24662051757595096,0.21817125935274984,0.3279898328475521,-0.00020575360072462248,0.003142941644544736,0.0004562322115806067,0.0017473221953140472,3.4473320556231807e-06,0.20873960607628492,0.18466015391616747,0.27761059452216813,-0.00017414984765332046,0.283131778271887,0.06956125195701812,0.25643310727610963,-0.13556329193491334,-0.0954954038060776,-0.27065157838942777,-0.07334609220518122,-0.13961978374723552,0.008067216390483222,-0.005286675093448925,0.005327358259728337,1.3852426950149147e-05
-138.24,0.92,0.025,0.009797958971132711,0.5248792922602417,0.5278473586035246,0.2471237437596055,0.21824409076467893,0.32826941436780444,-0.00020516232984376127,0.0031473863150731007,0.0004541593650091656,0.001749547071006778,3.4482870680084388e-06,0.2091655367181301,0.18472179842322425,0.2778472323209097,-0.00017364939597975954,0.2835562820879442,0.06941127010641333,0.25665200968703616,-0.13567824772343204,-0.09584794149327086,-0.2709201709438987,-0.07343975836638712,-0.13979741773596546,0.008067216390483224,-0.005286675093448926,0.00532959866481902,1.3835343009221709e-05
-138.07999999999998,0.92,0.025,0.009797958971132711,0.5248792922602417,0.5278473586035246,0.24762768140922642,0.21831659000603387,0.3285493536575639,-0.00020457051453025567,0.0031518349690734695,0.0004520800774564197,0.001751769314113062,3.44922179992944e-06,0.20959206954476925,0.18478316178110707,0.2780841729357621,-0.00017314848349840841,0.2839812070072852,0.06926073505684087,0.2568711921311945,-0.13579335078231977,-0.09620116187489479,-0.271188811727609,-0.07353331522563605,-0.13997484073221556,0.008067216390483226,-0.005286675093448926,0.005331821438145221,1.3818183491683565e-05
-137.92000000000002,0.92,0.025,0.009797958971132711,0.5248792922602417,0.5278473586035246,0.24813233116214442,0.21838875604532257,0.32882965029414074,-0.00020397815913662538,0.0031562876062341634,0.000449994337231739,0.0017539888844343506,3.4501361615164995e-06,0.21001920509563904,0.18484424311676104,0.2783214160089607,-0.00017264711389323973,0.2844065531051133,0.0691096457373359,0.25709065427620587,-0.13590860094048382,-0.09655506587331297,-0.27145750022461845,-0.07362676109638536,-0.14015204952347574,0.008067216390483226,-0.005286675093448927,0.005334026502091058,1.380094849761749e-05
-137.76,0.92,0.025,0.009797958971132711,0.5248792922602417,0.5278473586035246,0.2486376936556396,0.21846058784918135,0.3291103038483378,-0.00020338526805056063,0.0031607442262332,0.0004479021326296621,0.001756205741634826,3.451030062868404e-06,0.21044694391013335,0.1849050415555471,0.2785589611772331,-0.00017214529087799453,0.28483232045582224,0.06895800107548705,0.2573103957845873,-0.13602399802417245,-0.09690965441164312,-0.2717262359175396,-0.07372009428631121,-0.14032904088627748,0.008067216390483222,-0.005286675093448925,0.005336213779120062,1.3783638128814982e-05
-137.60000000000002,0.92,0.025,0.009797958971132711,0.5248792922602417,0.5278473586035246,0.24914376952693953,0.21853208438237226,0.3293913138844269,-0.00020279184569481403,0.0031652048287382686,0.0004458034519298857,0.0017584198452420575,3.4519034140554568e-06,0.21087528652760162,0.1849655562212399,0.2787968080717789,-0.0001716430181960906,0.28525850913299305,0.0688057999974352,0.2575304163137338,-0.13613954185696525,-0.09726492841375667,-0.27199501828753503,-0.07381331309733603,-0.1405058115862464,0.008067216390483226,-0.0052866750934489285,0.005338383191778034,1.3766252488774812e-05
-137.44,0.92,0.025,0.009797958971132711,0.5248792922602417,0.5278473586035246,0.24965055941321806,0.21860324460778122,0.32967267996012733,-0.00020219789652711209,0.0031696694134066995,0.00044369828339725485,0.0017606311546476705,3.4527561251224405e-06,0.21130423348734778,0.18502578623602603,0.2790349563182518,-0.00017114029962054768,0.2856851192093928,0.06865304142787236,0.2577507155159011,-0.13625523225976405,-0.09762088880427842,-0.2722638468143148,-0.07390641582565646,-0.1406823583781557,0.008067216390483226,-0.005286675093448927,0.005340534662695902,1.374879168270141e-05
-137.27999999999997,0.92,0.025,0.009797958971132711,0.5248792922602417,0.5278473586035246,0.2501580639515931,0.21867406748641505,0.3299544016265844,-0.0002016034250399279,0.003174137979885443,0.0004415866152817514,0.0017628396291080343,3.4535881060921768e-06,0.21173378532862844,0.18508573072050172,0.27927340553674107,-0.000170637138953795,0.2861121507569713,0.06849972429004043,0.2579712930381892,-0.13637106905078394,-0.09797753650858652,-0.27253272097613407,-0.07399940076177203,-0.14085867800598134,0.008067216390483224,-0.005286675093448926,0.005342668114592595,1.3731255817502697e-05
-137.12,0.92,0.025,0.009797958971132711,0.5248792922602417,0.5278473586035246,0.2506662837791255,0.2187445519773996,0.3302364784283467,-0.00020100843576045376,0.003178610527811043,0.0004394684358184847,0.00176504522774494,3.4543992669686186e-06,0.2121639425906518,0.185145388793671,0.27951215534175267,-0.00017013354002764808,0.28653960384685945,0.06834584750572997,0.25819214852252453,-0.13648705204554396,-0.09833487245281215,-0.27280164024979076,-0.0740922661905135,-0.1410347672029561,0.008067216390483224,-0.005286675093448925,0.005344783470277893,1.3713645001789635e-05
-136.95999999999998,0.92,0.025,0.009797958971132711,0.5248792922602417,0.5278473586035246,0.2511752195328168,0.21881469703797696,0.33051890990334437,-0.00020041293325036855,0.0031830870568096067,0.0004373437332276801,0.001767247909546297,3.455189517740204e-06,0.21259470581257614,0.18520475957294372,0.27975120534219067,-0.00016962950670311195,0.28696747854936694,0.06819140999527919,0.258413281605643,-0.13660318105685781,-0.0986928975638391,-0.27307060411062245,-0.07418501039107195,-0.14121062269162551,0.008067216390483222,-0.005286675093448926,0.005346880652655296,1.3695959345873095e-05
-136.8,0.92,0.025,0.009797958971132711,0.5248792922602417,0.5278473586035246,0.25168487184960814,0.21888450162350334,0.33080169558286726,-0.00019981692210575876,0.003187567566496785,0.00043521249571467046,0.0017694476333668368,3.4559587683832235e-06,0.21302607553350833,0.18526384217413325,0.27999055514133886,-0.0001691250428703142,0.28739577493397955,0.06803641067757248,0.25863469191907296,-0.13671945589482476,-0.09905161276930365,-0.27333961203250456,-0.07427763163702808,-0.141386241183904,0.008067216390483226,-0.005286675093448925,0.005348959584724882,1.36781989617631e-05
-136.64,0.92,0.025,0.009797958971132711,0.5248792922602417,0.5278473586035246,0.2521952413663783,0.21895396468744668,0.33108483499154423,-0.00019922040695697653,0.00319205205647774,0.0004330747114698831,0.0017716443579288295,3.4567069288652272e-06,0.2134580522925026,0.18532263571145488,0.28023020433684304,-0.00016862015244838494,0.28782449306935737,0.06788084847003957,0.25885637908911924,-0.13683587636682118,-0.09941101899759426,-0.2736086634878473,-0.07437012819638228,-0.14156161938113238,0.008067216390483224,-0.005286675093448925,0.005351020189586179,1.3660363963167e-05
-136.48000000000002,0.92,0.025,0.009797958971132711,0.5248792922602417,0.5278473586035246,0.2527063287199419,0.2190230851813841,0.33136832764731994,-0.0001986233924684527,0.003196540526347123,0.0004309303686688316,0.0017738380418227903,3.457433909148377e-06,0.21389063662855884,0.1853811392975235,0.28047015252069163,-0.00016811483938529835,0.2882536330233322,0.06772472228865413,0.2590783427368448,-0.13695244227749065,-0.09977111717785132,-0.2738777579475933,-0.07446249833158396,-0.1417367539741342,0.008067216390483226,-0.005286675093448926,0.0053530623904410116,1.3642454465486749e-05
-136.32,0.92,0.025,0.009797958971132711,0.5248792922602417,0.5278473586035246,0.25321813454704806,0.21909186205499967,0.3316521730614345,-0.00019802588333858048,0.0032010329756890477,0.00042877945547210546,0.0017760286435082157,3.4581396191930903e-06,0.21432382908062148,0.18543935204335174,0.28071039927919816,-0.00016760910765777453,0.288683194862905,0.06756803104793269,0.2593005824780553,-0.13706915342873544,-0.10013190823996686,-0.27414689488121535,-0.0745547402995624,-0.14191164164327494,0.008067216390483228,-0.005286675093448926,0.005355086110596374,1.3624470585817894e-05
-136.15999999999997,0.92,0.025,0.009797958971132711,0.5248792922602417,0.5278473586035246,0.25373065948437834,0.2191602942560819,0.3319363707384016,-0.0001974278842995276,0.0032055294040770612,0.0004266219600253574,0.0017782161213143145,3.4588239689612184e-06,0.21475763018757785,0.18549727305834773,0.2809509441929831,-0.00016710296127112019,0.2891131786542444,0.06741077366093332,0.2595230979232813,-0.13718600961970745,-0.10049339311458427,-0.2744160737567133,-0.07464685235175723,-0.1420862790585202,0.008067216390483228,-0.005286675093448928,0.005357091273467286,1.3606412442946009e-05
-136.0,0.92,0.025,0.009797958971132711,0.5248792922602417,0.5278473586035246,0.25424390416854536,0.2192283807305215,0.33222092017598703,-0.0001968294001171208,0.0032100298110741225,0.0004244578704592954,0.001780400433440761,3.4594868684203586e-06,0.2151920404882568,0.18555490145031342,0.28119178683695545,-0.00016659640425913106,0.2895435844626835,0.0672529490392547,0.2597458886777625,-0.1373030106467992,-0.10085557273309809,-0.27468529404061215,-0.07473883273414987,-0.14226066287949624,0.008067216390483226,-0.005286675093448927,0.0053590778025796836,1.358828015734751e-05
-135.83999999999997,0.92,0.025,0.009797958971132711,0.5248792922602417,0.5278473586035246,0.25475786923609084,0.21929612042230878,0.332505820865188,-0.00019623043559065215,0.0032145341962325712,0.00042228717488967265,0.0017825815379584264,3.460128227546464e-06,0.2156270605214273,0.18561223632544216,0.28143292678029513,-0.000166089440683928,0.289974412352718,0.06709455609303472,0.2599689543414307,-0.13742015630363516,-0.10121844802765348,-0.274954555197959,-0.07483067968729411,-0.14243478975554824,0.008067216390483226,-0.005286675093448928,0.005361045621573215,1.3570073851183927e-05
-135.68,0.92,0.025,0.009797958971132711,0.5248792922602417,0.5278473586035246,0.25527255532348414,0.21936351227353149,0.33279107229021127,-0.00019563099555277568,0.003219042559094105,0.00042010986141727464,0.0017847593928101589,3.4607479563282554e-06,0.216062690825797,0.18566927678831704,0.28167436358643483,-0.00016558207463586934,0.2904056623880039,0.06693559373094933,0.26019229450889353,-0.13753744638106258,-0.10158201993114639,-0.27522385669232097,-0.0749223914463486,-0.142608656325803,0.008067216390483228,-0.005286675093448928,0.0053629946542041685,1.3551793648303003e-05
-135.51999999999998,0.92,0.025,0.009797958971132711,0.5248792922602417,0.5278473586035246,0.2557879630671203,0.21943055522437213,0.3330766739284529,-0.0001950310848692515,0.003223554899189749,0.00041792591812791065,0.00178693395581154,3.4613459647705523e-06,0.21649893194001066,0.18572602194190857,0.2819160968130426,-0.00016507431023333446,0.29083733463135497,0.0667760608602115,0.2604159087694181,-0.13765488066714304,-0.10194628937722285,-0.27549319798578187,-0.07501396624110852,-0.14278225921922927,0.008067216390483228,-0.005286675093448928,0.005364924824348291,1.3533439674233855e-05
-135.36,0.92,0.025,0.009797958971132711,0.5248792922602417,0.5278473586035246,0.25630409310331864,0.219497248213106,0.3333626252504765,-0.00019443070843884962,0.003228071216039836,0.0004157353330924043,0.00178910518465166,3.461922162898273e-06,0.2169357844026489,0.18578247088757294,0.2821581260120033,-0.00016456615162264233,0.29126942914474063,0.06661595638656997,0.26063979670691445,-0.13777245894714327,-0.10231125730027889,-0.2757625785389408,-0.07510540229603788,-0.1429555950546999,0.008067216390483228,-0.005286675093448928,0.005366836056003654,1.3515012056186656e-05
-135.2,0.92,0.025,0.009797958971132711,0.5248792922602417,0.5278473586035246,0.25682094606832073,0.2195635901760983,0.33364892571999266,-0.00019382987119319171,0.0032325915091539724,0.0004135380943665813,0.0017912730368939114,3.462476460760077e-06,0.2173732487522267,0.1858386227250496,0.2824004507294018,-0.00016405760297791747,0.29170194598928345,0.06645527921430798,0.26086395789991923,-0.13789018100352662,-0.10267692463546016,-0.27603199781090865,-0.07519669783030265,-0.14312866044105527,0.008067216390483228,-0.005286675093448928,0.005368728273293532,1.349651092305009e-05
-135.04000000000002,0.92,0.025,0.009797958971132711,0.5248792922602417,0.5278473586035246,0.2573385225982888,0.2196295800478021,0.3339355747938384,-0.00019322857809650674,0.003237115778031017,0.00041133418999125967,0.0017934374699767688,3.46300876843205e-06,0.21781132552719168,0.1858944765524597,0.28264307050550486,-0.00016354866850088333,0.292134885225257,0.0662940282462423,0.26108839192158007,-0.13800804661594435,-0.10304329231866184,-0.2763014552593058,-0.07528785105780336,-0.14330145197716584,0.008067216390483228,-0.005286675093448927,0.005370601400469218,1.3477936405387348e-05
-134.88,0.92,0.025,0.009797958971132711,0.5248792922602417,0.5278473586035246,0.2578568233293042,0.21969521676075565,0.3342225719219566,-0.00019262683414550573,0.0032416440221590516,0.000409123607992241,0.0017955984412146003,3.463518996021866e-06,0.21825001526592308,0.1859500314663036,0.2828859848747441,-0.00016303935242075607,0.2925682469120832,0.06613220238372182,0.2613130983396392,-0.13812605556122712,-0.103410361286528,-0.2765709503402598,-0.07537886018720899,-0.14347396625199682,0.00806721639048323,-0.005286675093448928,0.005372455361912915,1.345928863543545e-05
-134.71999999999997,0.92,0.025,0.009797958971132711,0.5248792922602417,0.5278473586035246,0.2583758488973654,0.2197604992455803,0.33450991654737483,-0.0001920246443692248,0.003246176241015356,0.00040690633638029765,0.001797755907798472,3.464007053672577e-06,0.2186893185067301,0.18600528656145918,0.2831291933656981,-0.0001625296589941119,0.2930020311083305,0.06596980052662653,0.2615380767164171,-0.13824420761337594,-0.10377813247645161,-0.2768404825084026,-0.07546972342199047,-0.1436461998446729,0.008067216390483231,-0.005286675093448927,0.005374290082140582,1.3440567747102737e-05
-134.56,0.92,0.025,0.009797958971132711,0.5248792922602417,0.5278473586035246,0.25889559993838634,0.21982542643097788,0.33479760810618536,-0.00019142201382877543,0.00325071243406638,0.0004046823631511647,0.0017999098267969535,3.464472851566655e-06,0.2191292357878502,0.18606024093117968,0.2833726955010753,-0.00016201959250467554,0.2934362378717109,0.06580682157336636,0.261763326608797,-0.13836250254355398,-0.10414660682657412,-0.2771100512168679,-0.07556043896045433,-0.14381814932454237,0.008067216390483228,-0.005286675093448929,0.005376105485804742,1.3421773875965475e-05
-134.39999999999998,0.92,0.025,0.009797958971132711,0.5248792922602417,0.5278473586035246,0.25941607708819486,0.21988999724372815,0.3350856460275248,-0.00019081894761725145,0.0032552526007677174,0.0004024516762855289,0.0018020601551569702,3.4649162999299346e-06,0.21956976764744815,0.18611489366709152,0.28361649079769696,-0.00016150915726324163,0.2938708672590782,0.06564326442087981,0.2619888475682089,-0.13848094012007775,-0.10451578527578508,-0.27737965591728875,-0.07565100499577836,-0.1439898112512456,0.00806721639048323,-0.0052866750934489285,0.005377901497697414,1.340290715926663e-05
-134.24,0.92,0.025,0.009797958971132711,0.5248792922602417,0.5278473586035246,0.25993728098253066,0.21995421060868686,0.3353740297335539,-0.00019021545085945,0.0032597967405640807,0.00040021426374901804,0.0018042068497046038,3.465337309035592e-06,0.22001091462361397,0.18616924385919256,0.28386057876648,-0.00016099835760743849,0.29430591932642514,0.06547912796463308,0.26221463914061416,-0.138599520108409,-0.10488566876372205,-0.27764929605979516,-0.07574141971604495,-0.14416118217477888,0.008067216390483228,-0.005286675093448928,0.005379678042752865,1.3383967735911505e-05
-134.07999999999998,0.92,0.025,0.009797958971132711,0.5248792922602417,0.5278473586035246,0.26045921225704377,0.22001806544878283,0.33566275863943706,-0.000189611528711761,0.0032643448528892702,0.00039797011349219154,0.0018063498671459632,3.4657357892084927e-06,0.22045267725436185,0.1862232905958498,0.28410495891241955,-0.00016048719790163452,0.2947413941288813,0.06531441109861873,0.2624407008664891,-0.13871824227114574,-0.10525625823076999,-0.277918971093011,-0.07583168130427743,-0.1443322586355643,0.00806721639048323,-0.0052866750934489285,0.005381435046050548,1.3364955746467218e-05
-133.92000000000002,0.92,0.025,0.009797958971132711,0.5248792922602417,0.5278473586035246,0.26098187154729285,0.22008156068501594,0.33595183215332286,-0.0001890071863619311,0.003268896937166152,0.0003957192134505292,0.001808489164068015,3.4661116508292714e-06,0.2208950560776287,0.1862770329637975,0.2843496307345725,-0.0001599756825367385,0.2951772917207108,0.06514911271535441,0.26266703228081,-0.13883710636801422,-0.10562755461806128,-0.2781886804640519,-0.0759217879384748,-0.14450303716451612,0.008067216390483228,-0.0052866750934489285,0.005383172432817873,1.334587133315904e-05
-133.76,0.92,0.025,0.009797958971132711,0.5248792922602417,0.5278473586035246,0.2615052594887432,0.22014469523645436,0.336241249676324,-0.00018840242902889702,0.003273452992806627,0.0003934615515444216,0.001810624696939449,3.4664648043383486e-06,0.22133805163127226,0.18633047004813497,0.2845945937260407,-0.00015946381593005845,0.2956136121553098,0.0649832317058818,0.2628936329130379,-0.13895611215586057,-0.1059995588674752,-0.27845842361852224,-0.07601173779164784,-0.14467351428311004,0.008067216390483226,-0.0052866750934489285,0.00538489012843308,1.3326714639867676e-05
-133.60000000000002,0.92,0.025,0.009797958971132711,0.5248792922602417,0.5278473586035246,0.2620293767167653,0.22020746802023242,0.3365310106024968,-0.00018779726196256798,0.0032780130192116073,0.0003911971156791604,0.0018127564221115378,3.466795160240531e-06,0.22178166445307015,0.18638360093232473,0.2848398473739533,-0.00015895160252511753,0.2960503554852041,0.06481676695976557,0.2631205022871021,-0.13907525938864207,-0.10637227192163759,-0.2787282000005132,-0.07610152903185496,-0.14484368650345197,0.008067216390483226,-0.005286675093448928,0.005386588058428067,1.3307485812127299e-05
-133.44,0.92,0.025,0.009797958971132711,0.5248792922602417,0.5278473586035246,0.2625542238666327,0.22026987795154807,0.336821114318823,-0.00018719169044365623,0.0032825770157709866,0.00038892589374492733,0.0018148842958190293,3.467102629109011e-06,0.2222258950807179,0.1864364246981903,0.2850853911594518,-0.00015843904679151065,0.29648752176204685,0.06464971736509195,0.2633476399213862,-0.13919454781741944,-0.10674569472392069,-0.27899800905259936,-0.07619115982223947,-0.1450135503283496,0.008067216390483228,-0.0052866750934489285,0.005388266148491254,1.3288184997122356e-05
-133.27999999999997,0.92,0.025,0.009797958971132711,0.5248792922602417,0.5278473586035246,0.2630798015735207,0.22033192394366055,0.3371115602051889,-0.0001865857197834371,0.0032871449818636144,0.0003866478736167842,0.0018170082741810088,3.467387121589866e-06,0.2226707440518279,0.1864889404259143,0.2853312245576719,-0.00015792615322470118,0.2969251110366163,0.06448208180846773,0.2635750453287119,-0.13931397719034827,-0.10711982821844267,-0.2792678502158369,-0.07628062832106557,-0.1451831022513811,0.008067216390483224,-0.005286675093448927,0.005389924324470376,1.3268812343684727e-05
-133.12,0.92,0.025,0.009797958971132711,0.5248792922602417,0.5278473586035246,0.263606110472504,0.22039360490788773,0.3374023476343661,-0.00018597935532359554,0.0032917169168572703,0.00038436304315466314,0.0018191283132017973,3.4676485484064877e-06,0.22311621190392739,0.1865411471940362,0.28557734703772747,-0.00015741292634589127,0.29736312335881293,0.0643138591750191,0.26380271801632416,-0.13943354725267074,-0.10749467335006738,-0.2795377229297605,-0.07636993268175583,-0.14535233875696735,0.008067216390483228,-0.005286675093448928,0.005391562512375331,1.3249368002291837e-05
-132.95999999999998,0.92,0.025,0.009797958971132711,0.5248792922602417,0.5278473586035246,0.26413315119855557,0.22045491975360404,0.3376934759719932,-0.00018537260243599882,0.0032962928201086326,0.0003820713902033551,0.0018212443687718606,3.4678868203639103e-06,0.22356229917445744,0.18659304407945046,0.28582375806269505,-0.0001568993707018294,0.2978015587776577,0.06414504834839034,0.26403065748587656,-0.13955325774670788,-0.10787023106440412,-0.2798076266323807,-0.07645907105292916,-0.14552125632044452,0.008067216390483228,-0.00528667509344893,0.005393180638381027,1.322985212506317e-05
-132.8,0.92,0.025,0.009797958971132711,0.5248792922602417,0.5278473586035246,0.2646609243865445,0.22051586738823772,0.3379849445765554,-0.00018476546652246507,0.0033008726909632565,0.0003797729025925021,0.001823356396668702,3.468101848353619e-06,0.22400900640077126,0.18664463015740443,0.2860704570895965,-0.00015638549086461443,0.2982404173412893,0.06397564821074271,0.264258863233416,-0.13967310841185118,-0.10824650230780705,-0.28007756076018187,-0.07654804157843806,-0.14568985140813545,0.008067216390483226,-0.005286675093448929,0.005394778628830171,1.3210264865758047e-05
-132.64,0.92,0.025,0.009797958971132711,0.5248792922602417,0.5278473586035246,0.2651894306712341,0.22057644671726867,0.3382767527993663,-0.00018415795301460772,0.0033054565287555437,0.0003774675681365851,0.0018254643525577937,3.4682935433576807e-06,0.22445633412013258,0.1866959045014962,0.28631744356938366,-0.000155871291431564,0.29867969909696185,0.06380565764275341,0.2644873347493681,-0.13979309898455475,-0.10862348802737512,-0.280347524748119,-0.07663684239740745,-0.14585812047742436,0.008067216390483224,-0.005286675093448928,0.005396356410236132,1.3190606379772435e-05
-132.48000000000002,0.92,0.025,0.009797958971132711,0.5248792922602417,0.5278473586035246,0.2657186706872804,0.22063665664422577,0.33856889998454814,-0.00018355006737357294,0.003310044332808715,0.0003751553746349146,0.0018275681919934805,3.4684618164535704e-06,0.22490428286971414,0.1867468661836727,0.28656471694692154,-0.00015535677702499214,0.29911940409104215,0.06363507552361436,0.2647160715185218,-0.139913229198327,-0.10900118917095157,-0.28061751802961526,-0.07672547164427247,-0.14602605997682902,0.008067216390483228,-0.005286675093448931,0.005397913909285701,1.3170876824136007e-05
-132.32,0.92,0.025,0.009797958971132711,0.5248792922602417,0.5278473586035246,0.2662486450692303,0.22069649607068464,0.33886138546901445,-0.0001829418150898853,0.003314636102434784,0.00037283630987162037,0.001829667870419943,3.468606578818917e-06,0.22535285318659654,0.1867975142742275,0.28681227666097386,-0.00015484195229207892,0.299559532369008,0.06346390073103081,0.2649450730200162,-0.1400334987837234,-0.10937960668712367,-0.28088754003655964,-0.07681392744881863,-0.146193666346078,0.008067216390483228,-0.00528667509344893,0.005399451052841985,1.3151076357510541e-05
-132.15999999999997,0.92,0.025,0.009797958971132711,0.5248792922602417,0.5278473586035246,0.2667793544515197,0.22075596389626517,0.33915420858244977,-0.0001823332016831471,0.0033192318369345297,0.00037051036161564135,0.0018317633431721094,3.4687277417361102e-06,0.22580204560776626,0.18684784784179886,0.28706012214418547,-0.0001543268219046157,0.3000000839754452,0.06329213214122045,0.2651743387273248,-0.14015390746833786,-0.10975874152522236,-0.2811575901993039,-0.07690220793621981,-0.1463609360161834,0.008067216390483224,-0.005286675093448928,0.0054009677679471456,1.3131205140185453e-05
-132.0,0.92,0.025,0.009797958971132711,0.5248792922602417,0.5278473586035246,0.26731079946847164,0.220815059018629,0.33944736864729147,-0.00018172423270191755,0.00332383153559747,0.0003681775176207151,0.00183385456547662,3.4688252165969275e-06,0.2262518606701144,0.1868978659533676,0.2873082528230675,-0.00015381139055890302,0.3004410589540453,0.06311976862891219,0.2654038681082411,-0.14027445497679522,-0.11013859463532205,-0.2814276679466606,-0.07699031122707864,-0.1465278654095184,0.008067216390483226,-0.005286675093448927,0.005402463981825254,1.3111263334076166e-05
-131.83999999999997,0.92,0.025,0.009797958971132711,0.5248792922602417,0.5278473586035246,0.26784298075429464,0.2208737803334772,0.33974086497871264,-0.00018111491372342864,0.0033284351977018326,0.0003658377656253689,0.0018359414924527867,3.4688989149076894e-06,0.226702298910435,0.18694756767425513,0.2875566681179824,-0.00015329566297551,0.3008824573476032,0.06294680906734491,0.26563366062486526,-0.14039514103074366,-0.11051916696823992,-0.2816977727058996,-0.07707823543746643,-0.14669445093989364,0.008067216390483228,-0.005286675093448929,0.005403939621885074,1.3091251102721187e-05
-131.68,0.92,0.025,0.009797958971132711,0.5248792922602417,0.5278473586035246,0.2683758989430809,0.2209321267345478,0.34003469688460214,-0.00018050525035339282,0.003333042822514528,0.0003634910933529089,0.001838024079113553,3.4689487482938287e-06,0.22715336086542368,0.18699695206812125,0.2878053674431273,-0.0001527796438991117,0.30132427919801485,0.06277325232826629,0.265863715733589,-0.1405159653488467,-0.11090045947553595,-0.28196790390274634,-0.0771659786789633,-0.14686068901263438,0.008067216390483226,-0.005286675093448929,0.0054053946157228815,1.3071168611278967e-05
-131.51999999999998,0.92,0.025,0.009797958971132711,0.5248792922602417,0.5278473586035246,0.2689095546688043,0.22099009711361323,0.3403288636655478,-0.00017989524822576206,0.0033376544092911216,0.00036113748851141,0.0018401022803664735,3.4689746285048223e-06,0.22760504707167595,0.18704601819696223,0.2880543502065197,-0.00015226333809828502,0.3017665245462747,0.06259909728193176,0.2660940328850822,-0.14063692764677582,-0.11128247310951232,-0.2822380609613786,-0.077253539058699,-0.14702657602465874,0.008067216390483226,-0.005286675093448928,0.005406828891125237,1.3051016026524743e-05
-131.36,0.92,0.025,0.009797958971132711,0.5248792922602417,0.5278473586035246,0.2694439485653187,0.2210476903604781,0.3406233646148174,-0.00017928491300253774,0.0033422699572758082,0.00035877693879370564,0.00184217605101469,3.468976467419247e-06,0.22805735806568578,0.18709476512110867,0.2883036158099815,-0.00015174675036534795,0.30220919343247304,0.062424342797103204,0.2663246115242781,-0.14075802763720255,-0.11166520882321321,-0.28250824330442414,-0.07734091467939372,-0.1471921083645558,0.008067216390483224,-0.005286675093448927,0.00540824237607179,1.303079351684859e-05
-131.2,0.92,0.025,0.009797958971132711,0.5248792922602417,0.5278473586035246,0.2699790812663563,0.22110490536297672,0.3409181990183418,-0.0001786742503734753,0.003346889465701383,0.0003564094318773784,0.0018442453457579353,3.4689541770499197e-06,0.22851029438384396,0.18714319189922352,0.28855316364912453,-0.0001512298855161095,0.30265228589579407,0.06224898774104805,0.2665554510903606,-0.1408792650297913,-0.11204866757042439,-0.282778450352958,-0.07742810363939989,-0.1473572824126661,0.008067216390483224,-0.005286675093448928,0.0054096349987380835,1.3010501252251797e-05
-131.04000000000002,0.92,0.025,0.009797958971132711,0.5248792922602417,0.5278473586035246,0.2705149534055254,0.22116174100697042,0.3412133661546962,-0.0001780632660559827,0.0033515129337892127,0.00035403495542474906,0.0018463101191935245,3.4689076695487475e-06,0.2289638565624367,0.18719129758829978,0.2888029931133349,-0.00015071274838978377,0.3030958019745132,0.062073030979537626,0.2667865510167491,-0.14100063953119146,-0.11243285030567284,-0.28304868152649987,-0.0775151040327436,-0.1475220945411608,0.008067216390483224,-0.005286675093448928,0.005411006687498323,1.2990139404345424e-05
-130.88,0.92,0.025,0.009797958971132711,0.5248792922602417,0.5278473586035246,0.27105156561630894,0.22121819617634533,0.3415088652950835,-0.00017745196579469668,0.0033561403607492097,0.00035165349708286814,0.0018483703258173618,3.4688368572119623e-06,0.2294180451376439,0.1872390812436587,0.2890531035857587,-0.00015019534384863128,0.30353974170599446,0.06189647137684642,0.26701791073108616,-0.14112215084503024,-0.11281775798422639,-0.2833189362430114,-0.07760191394916659,-0.1476865411141223,0.008067216390483224,-0.005286675093448927,0.005412357370928154,1.29697081463447e-05
-130.71999999999997,0.92,0.025,0.009797958971132711,0.5248792922602417,0.5278473586035246,0.27158891853206246,0.22127426975300996,0.34180469570331706,-0.00017684035536147434,0.0033607717457798036,0.00034926504448350355,0.0018504259200249676,3.4687416524852015e-06,0.2298728606455377,0.18728654191894764,0.28930349444328757,-0.0001496776767779519,0.3039841051266882,0.06171930779575094,0.26724952965522364,-0.14124379867190562,-0.1132033915620934,-0.2835892139188938,-0.07768853147416915,-0.14785061848762654,0.00806721639048322,-0.005286675093448927,0.005413686977807448,1.2949207653069418e-05
-130.56,0.92,0.025,0.009797958971132711,0.5248792922602417,0.5278473586035246,0.2721270127860124,0.2213299606168926,0.3421008566358021,-0.0001762284405549731,0.003365407088067915,0.00034686958524313296,0.0018524768561124908,3.4686219679690064e-06,0.23032830362208093,0.18733367866613793,0.2895541650565429,-0.00014915975208572922,0.304428892272129,0.061541539097528214,0.26748140720520874,-0.14136558270937818,-0.11358975199602239,-0.28385951396898484,-0.07777495468905227,-0.14801432300982395,0.008067216390483224,-0.005286675093448925,0.005414995437123064,1.2928638100938993e-05
-130.39999999999998,0.92,0.025,0.009797958971132711,0.5248792922602417,0.5278473586035246,0.2726658490112542,0.22138526764593905,0.3423973473415203,-0.00017561622720053,0.003370046386788924,0.00034446710696293156,0.0018545230882777573,3.4684777164238044e-06,0.23078437460312554,0.18738049053552283,0.28980511478986276,-0.0001486415747025286,0.30487410317693253,0.061363164141954855,0.26771354279127146,-0.14148750265196483,-0.11397684024350167,-0.2841298358065565,-0.07786118167096154,-0.14817765102102334,0.008067216390483222,-0.005286675093448927,0.00541628267807164,1.2907999667970514e-05
-130.24,0.92,0.025,0.009797958971132711,0.5248792922602417,0.5278473586035246,0.27320542784075025,0.22144018971610996,0.3426941670620113,-0.00017500372114988223,0.0033746896411066454,0.0003420575972287644,0.001856564570621301,3.4683088107753954e-06,0.23124107412441103,0.18742697657571547,0.29005634300128635,-0.00014812314958126033,0.3053197378747934,0.06118418178730593,0.2679459358178108,-0.14160955819113083,-0.11436465726275882,-0.284400178843312,-0.07794721049292996,-0.1483405988537745,0.008067216390483222,-0.005286675093448926,0.005417548630062335,1.2887292533775732e-05
-130.07999999999998,0.92,0.025,0.009797958971132711,0.5248792922602417,0.5278473586035246,0.2737457499073285,0.22149472570137854,0.3429913150313579,-0.00017439092828093187,0.003379336850173301,0.0003396410436111743,0.0018586012571474185,3.468115164120332e-06,0.23169840272156284,0.1874731358336468,0.2903078490425413,-0.00014760448169698074,0.30576579639848295,0.061004590890353705,0.26817858568338276,-0.14173174901528354,-0.11475320401276064,-0.28467054248938356,-0.07803303922392213,-0.14850316283295256,0.00806721639048322,-0.005286675093448925,0.005418793222719573,1.286651687955817e-05
-129.92000000000002,0.92,0.025,0.009797958971132711,0.5248792922602417,0.5278473586035246,0.2742868158436801,0.2215488744737281,0.34328879047616695,-0.00017377785449750787,0.0033839880131294898,0.00033721743366537353,0.001860633101765222,3.467896689731382e-06,0.23215636093009084,0.18751896735456347,0.2905596322590277,-0.00014708557604669066,0.30621227877984647,0.060824390306366494,0.26841149178068613,-0.14185407480976434,-0.11514248145321244,-0.2849409261533296,-0.0781186659288781,-0.14866533927584225,0.008067216390483224,-0.005286675093448927,0.005420016385885817,1.2845672888110537e-05
-129.76,0.92,0.025,0.009797958971132711,0.5248792922602417,0.5278473586035246,0.2748286262823578,0.2216026349031495,0.3435865926155553,-0.00017316450572912835,0.0033886431291041607,0.0003347867549312331,0.0018626600582897302,3.467653301063143e-06,0.23261494928538767,0.18756447018202574,0.290811691989806,-0.00014656643764913424,0.3066591850498008,0.06064357888910759,0.26864465349655076,-0.1419765352568426,-0.11553249054455783,-0.2852113292421318,-0.07820408866875894,-0.14882712449222524,0.008067216390483219,-0.005286675093448924,0.005421218049624345,1.282476074381221e-05
-129.60000000000002,0.92,0.025,0.009797958971132711,0.5248792922602417,0.5278473586035246,0.2753711818557742,0.22165600585763878,0.3438847206611317,-0.00017255088793076683,0.0033933021972145853,0.0003323489949332723,0.001864682080442912,3.467384911757289e-06,0.2330741683227273,0.18760964335790548,0.2910640275675819,-0.00014604707154460106,0.3071065152383319,0.06046215549083403,0.26887807021192445,-0.14209913003570812,-0.11592323224797837,-0.28548175116119273,-0.07828930550059009,-0.14898851478446373,0.008067216390483222,-0.005286675093448926,0.005422398144221923,1.2803780632625779e-05
-129.44,0.92,0.025,0.009797958971132711,0.5248792922602417,0.5278473586035246,0.27591448319619954,0.22170898620319465,0.3441831738169819,-0.00017193700708259058,0.0033979652165663293,0.00032990414118064986,0.0018666991218547972,3.4670914356484653e-06,0.2335340185772633,0.18765448592238396,0.2913166383186935,-0.00014552748279470466,0.3075542693744924,0.06028011896229539,0.2691117413018605,-0.14222185882246471,-0.1163147075253931,-0.28575219131433327,-0.07837431447750802,-0.14914950644758926,0.008067216390483222,-0.005286675093448926,0.005423556600191608,1.2782732742094804e-05
-129.27999999999997,0.92,0.025,0.009797958971132711,0.5248792922602417,0.5278473586035246,0.2764585309357601,0.22176157480381603,0.3444819512796518,-0.00017132286918971398,0.0034026321862532225,0.00032745218116715343,0.0018687111360645545,3.4667727867700505e-06,0.23399450058402738,0.1876989969139499,0.2915695235630973,-0.0001450076764821739,0.30800244748639893,0.06009746815273274,0.2693456661355055,-0.14234472129012307,-0.11670691733945808,-0.2860226491037895,-0.07845911364880492,-0.14931009576938903,0.00806721639048322,-0.005286675093448925,0.005424693348275436,1.276161726134135e-05
-129.12,0.92,0.025,0.009797958971132711,0.5248792922602417,0.5278473586035246,0.2770033257064364,0.22181377052149978,0.3447810522381328,-0.00017070848028199497,0.0034073031053573344,0.0003249931023711895,0.0018707180765216006,3.4664288793593578e-06,0.23445561487792776,0.1877431753693974,0.2918226826143556,-0.00014448765771068054,0.3084510496012301,0.059914201909877424,0.26957984407608704,-0.14246771710859454,-0.11709986265356626,-0.2862931239302106,-0.07854370105997516,-0.14947027903049467,0.008067216390483222,-0.005286675093448926,0.0054258083194471665,1.2740434381062427e-05
-128.95999999999998,0.92,0.025,0.009797958971132711,0.5248792922602417,0.5278473586035246,0.2775488681400607,0.22186557221623787,0.34508047587384466,-0.0001700938464137077,0.0034119779729489433,0.0003225268922557742,0.0018727198965867108,3.466059627864167e-06,0.23491736199374738,0.18778702032382374,0.29207611477962214,-0.0001439674316045622,0.3089000757452233,0.05973031907995004,0.26981427448090123,-0.1425908459446838,-0.1174935444318468,-0.2865636151926558,-0.07862807475276147,-0.14963005250447117,0.008067216390483222,-0.005286675093448927,0.005426901444915022,1.2719184293528285e-05
-128.8,0.92,0.025,0.009797958971132711,0.5248792922602417,0.5278473586035246,0.27809515886831604,0.22191697874601524,0.34538022136062146,-0.00016947897366339544,0.003416656788086508,0.00032005353826852225,0.0018747165495331367,3.465664946947792e-06,0.2353797424661427,0.1878305308106273,0.29232981935963004,-0.0001434470033086979,0.3093495259436729,0.05954581850765897,0.27004895670130147,-0.14271410746208296,-0.11788796363916487,-0.2868341222885916,-0.0787122327652017,-0.14978941245790628,0.008067216390483222,-0.005286675093448927,0.005427972656124375,1.269786719257905e-05
-128.64,0.92,0.025,0.009797958971132711,0.5248792922602417,0.5278473586035246,0.2786421985227336,0.22196798896680714,0.34568028786469546,-0.00016886386813351755,0.0034213395498166404,0.0003175730278416386,0.0018767079885477276,3.4652447514958058e-06,0.23584275682964173,0.18787370586150556,0.29258379564867826,-0.00014292637798820926,0.3097994002209272,0.05936069903619954,0.2702838900826857,-0.14283750132136455,-0.11828312124112113,-0.2871046446138896,-0.07879617313167554,-0.14994835515050028,0.008067216390483219,-0.005286675093448923,0.005429021884760461,1.2676483273622946e-05
-128.48000000000002,0.92,0.025,0.009797958971132711,0.5248792922602417,0.5278473586035246,0.27918998773469106,0.2220186017325768,0.34598067454468284,-0.00016824853595032643,0.003426026257174079,0.00031508534839190744,0.0018786941667320815,3.464798956621073e-06,0.23630640561864252,0.187916544506453,0.29283804293461957,-0.0001424055608283563,0.31024969860038637,0.05917495950725272,0.270519073964486,-0.14296102717997575,-0.11867901820405147,-0.28737518156282343,-0.07887989388295248,-0.15010687683515822,0.00806721639048322,-0.005286675093448925,0.005430049062751108,1.2655032733633006e-05
-128.32,0.92,0.025,0.009797958971132711,0.5248792922602417,0.5278473586035246,0.27973852713541086,0.22206881589527283,0.3462813805515675,-0.00016763298326343364,0.0034307169091816548,0.0003125904873206826,0.0018806750371036718,3.4643274776705664e-06,0.23677068936741177,0.18795904577375894,0.29309256049884674,-0.00014188455703417025,0.3107004211044996,0.05898859876098408,0.27075450768015513,-0.14308468469223104,-0.1190756554950264,-0.2876457325280659,-0.07896339304623894,-0.15026497375807993,0.008067216390483219,-0.005286675093448925,0.005431054122269413,1.2633515771144036e-05
-128.15999999999997,0.92,0.025,0.009797958971132711,0.5248792922602417,0.5278473586035246,0.28028781735595804,0.22211863030482693,0.3465824050286879,-0.00016701721624572916,0.0034354115048502694,0.000310088432013878,0.001882650552597014,3.463830230230909e-06,0.2372356086100829,0.18800120869000553,0.29334734761628145,-0.00014136337183038518,0.31115156775476277,0.05880161563604244,0.2709901905571574,-0.14320847350930707,-0.11947303408185077,-0.2879162969006869,-0.0790466686452268,-0.1504226421588535,0.008067216390483219,-0.005286675093448924,0.005432036995736434,1.2611932586251204e-05
-128.0,0.92,0.025,0.009797958971132711,0.5248792922602417,0.5278473586035246,0.28083785902723835,0.2221680438091512,0.3468837471117215,-0.00016640124109306906,0.0034401100431788625,0.0003075791698419574,0.001884620666064819,3.463307130134785e-06,0.23770116388065454,0.18804303228006558,0.2936024035553611,-0.00014084201046117367,0.311603138571716,0.058614008969558956,0.2712261219169555,-0.14333239327923555,-0.11987115493306344,-0.28818687407015015,-0.07912971870014164,-0.15057987827054764,0.008067216390483219,-0.005286675093448924,0.005432997615823886,1.2590283380607508e-05
-127.83999999999997,0.92,0.025,0.009797958971132711,0.5248792922602417,0.5278473586035246,0.28138865277999664,0.22221705525413588,0.3471854059286705,-0.00016578506402395473,0.003444812523154384,0.0003050626881599245,0.001886585330279171,3.462758093466875e-06,0.23816735571298916,0.18808451556710062,0.2938577275780267,-0.0001403204781898753,0.31205513357494086,0.05842577759714577,0.27146230107500025,-0.14345644364689758,-0.12027001901793676,-0.2884574634243106,-0.07921254122779177,-0.15073667831980586,0.008067216390483219,-0.005286675093448923,0.00543393591545683,1.2568568357419558e-05
-127.68,0.92,0.025,0.009797958971132711,0.5248792922602417,0.5278473586035246,0.2819401992448145,0.22226566348364668,0.3474873805998482,-0.00016516869127941824,0.003449518943751767,0.00030253897430731417,0.0018885444979326984,3.4621830365704533e-06,0.23863418464081101,0.18812565757255856,0.29411331893971154,-0.0001397987802988996,0.31250755278305814,0.05823692035289503,0.2716987273407198,-0.14358062425401763,-0.12066962730647604,-0.2887280643494122,-0.07929513424161706,-0.15089303852694022,0.00806721639048322,-0.005286675093448924,0.005434851827816322,1.2546787721448362e-05
-127.51999999999998,0.92,0.025,0.009797958971132711,0.5248792922602417,0.5278473586035246,0.2824924990521086,0.22231386733952246,0.347789670237865,-0.00016455212912259865,0.003454229303933898,0.00030000801560818173,0.0018904981216397675,3.4615818760531834e-06,0.23910165119770474,0.18816645731617182,0.29436917688932895,-0.0001392769220893675,0.3129603962137252,0.05804743606937762,0.2719354000175089,-0.1437049347391575,-0.12106998076941944,-0.28899867623008446,-0.07937749575173886,-0.151048955106027,0.00806721639048322,-0.005286675093448924,0.005435745286342098,1.252494167900289e-05
-127.36000000000001,0.92,0.025,0.009797958971132711,0.5248792922602417,0.5278473586035246,0.2830455528321288,0.2223616656615727,0.3480922739476136,-0.00016393538383861723,0.0034589436026515865,0.00029746979937109224,0.001892446153937672,3.4609545287939187e-06,0.23956975591711382,0.18820691381595514,0.2946253006692602,-0.00013875490888100563,0.3134136638836333,0.05785732357764199,0.27217231840271683,-0.14382937473771015,-0.12147108037823724,-0.2892692984493404,-0.07945962376500951,-0.1512044242650017,0.00806721639048322,-0.005286675093448923,0.005436616224735235,1.2503030437941098e-05
-127.19999999999999,0.92,0.025,0.009797958971132711,0.5248792922602417,0.5278473586035246,0.28359936121495594,0.2224090572875749,0.3483951908262569,-0.0001633184617342927,0.0034636618388435413,0.0002949243128891131,0.0018943885472878445,3.460300911948808e-06,0.24003849933233873,0.1882470260882034,0.2948816895153439,-0.00013823274601190534,0.3138673558085054,0.057666581707213165,0.27240948178763896,-0.14395394388189445,-0.12187292710513165,-0.28953993038857356,-0.07954151628506285,-0.15135944220575623,0.00806721639048322,-0.005286675093448925,0.005437464576960801,1.2481054207666286e-05
-127.04000000000002,0.92,0.025,0.009797958971132711,0.5248792922602417,0.5278473586035246,0.28415392483050034,0.22245604105327238,0.3486984199632136,-0.0001627013691377825,0.0034683840114363355,0.0002923715434398032,0.0018963252540770657,3.4596209429579517e-06,0.2405078819765355,0.18828679314748975,0.295138342656864,-0.0001377104388382191,0.31432147200309324,0.05747520928609143,0.272646889457505,-0.14407864180074895,-0.12227552192303615,-0.28981057142755506,-0.07962317131236474,-0.15151400512423557,0.00806721639048322,-0.005286675093448924,0.005438290277250512,1.2459013199123825e-05
-126.88,0.92,0.025,0.009797958971132711,0.5248792922602417,0.5278473586035246,0.2847092443084993,0.2225026157923715,0.3490019604401456,-0.00016208411239850161,0.003473110119344382,0.0002898114782852015,0.001898256226618689,3.458914539551782e-06,0.24097790438271383,0.18832621400666325,0.29539525931653926,-0.00013718799273409178,0.3147760124811751,0.05728320514075132,0.2728845406914692,-0.14420346812012658,-0.12267886580561532,-0.2900812209444314,-0.07970458684426406,-0.15166810921053578,0.008067216390483219,-0.005286675093448924,0.005439093260105367,1.2436907624801255e-05
-126.71999999999997,0.92,0.025,0.009797958971132711,0.5248792922602417,0.5278473586035246,0.2852653202785157,0.22254878033653927,0.34930581133094474,-0.00016146669788668662,0.003477840161469905,0.00028724410467182,0.001900181417153863,3.4581816197576952e-06,0.2414485670837357,0.18836528767684685,0.29565243871051167,-0.00013666541309129157,0.315230977255553,0.0570905680961403,0.2731224347626008,-0.14432842246268895,-0.12308295972726423,-0.2903518783157213,-0.07978576087504377,-0.15182175064900202,0.008067216390483219,-0.005286675093448923,0.005439873460298271,1.2414737698723509e-05
-126.56,0.92,0.025,0.009797958971132711,0.5248792922602417,0.5278473586035246,0.2858221533699356,0.22259453351540104,0.3496099717017197,-0.0001608491319932543,0.003482574136702906,0.00028466940983063263,0.001902100777852784,3.4574221019066884e-06,0.24191987061231351,0.18840401316743544,0.29590988004833557,-0.00013614270531909044,0.31568636633805025,0.0568972969756779,0.27336057093787275,-0.1444535044479008,-0.12348780466310803,-0.2906225429163132,-0.07986669139597304,-0.15197492561832862,0.00806721639048322,-0.005286675093448924,0.00544063081287671,1.2392503636452625e-05
-126.39999999999998,0.92,0.025,0.009797958971132711,0.5248792922602417,0.5278473586035246,0.28637974421196677,0.22263987415653783,0.34991444061078464,-0.00016023142112948967,0.0034873120439211413,0.00028208738097706515,0.0019040142608159273,3.4566359046400726e-06,0.2423918155010087,0.18844238948609363,0.29616758253296815,-0.00013561987484400008,0.31614217973950914,0.0567033906012542,0.2735989484781541,-0.14457871369202493,-0.12389340158900158,-0.2908932141194625,-0.07994737639535872,-0.15212763029165768,0.008067216390483217,-0.005286675093448922,0.005441365253165298,1.2370205655084832e-05
-126.24000000000001,0.92,0.025,0.009797958971132711,0.5248792922602417,0.5278473586035246,0.286938093433636,0.2226848010854838,0.3502192171086454,-0.00015961357172679846,0.003492053881990089,0.00027949800531098634,0.0019059218180753168,3.4558229469160907e-06,0.24286440228222955,0.1884804156387535,0.2964255453607575,-0.00013509692710956224,0.31659841746978784,0.05650884779322906,0.2738375666381983,-0.14470404980811644,-0.12429975148152897,-0.2911638912967888,-0.08002781385859825,-0.15227986083668088,0.008067216390483219,-0.005286675093448924,0.005442076716768459,1.234784397324838e-05
-126.07999999999998,0.92,0.025,0.009797958971132711,0.5248792922602417,0.5278473586035246,0.287497201663788,0.22272931312572394,0.35052430023798864,-0.00015899559023645394,0.0034967996497629215,0.0002769012700166985,0.001907823401595784,3.4549831480169273e-06,0.24333763148823018,0.18851809062961275,0.2966837677214336,-0.00013457386757613463,0.3170550795377584,0.05631366737043072,0.2740764246666357,-0.144829512406018,-0.12470685531800299,-0.2914345738182732,-0.08010800176823207,-0.15243161341573996,0.008067216390483219,-0.005286675093448924,0.005442765139573003,1.2325418811102179e-05
-125.92000000000002,0.92,0.025,0.009797958971132711,0.5248792922602417,0.5278473586035246,0.28805706953108273,0.2227734090986914,0.35082968903366885,-0.00015837748312930725,0.003501549346080475,0.00027429716226292657,0.0019097189632762365,3.4541164275554335e-06,0.24381150365110843,0.18855541346113242,0.29694224879809733,-0.00013405070172064565,0.3175121659513037,0.056117848150154734,0.27431552180596275,-0.14495510109235432,-0.1251147140764648,-0.29170526105225564,-0.08018793810399671,-0.15258288418592852,0.00806721639048322,-0.005286675093448925,0.005443430457750718,1.2302930390333015e-05
-125.75999999999999,0.92,0.025,0.009797958971132711,0.5248792922602417,0.5278473586035246,0.28861769766399387,0.22281708782376508,0.3511353825226975,-0.00015775925689552028,0.003506302969771223,0.0002716856692028088,0.0019116084549509523,3.4532227054819722e-06,0.2442860193028044,0.18859238313403479,0.29720098776721116,-0.00013352743503636838,0.31796967671731535,0.0559213889481628,0.27455485729253426,-0.14508081547052737,-0.12552332873568356,-0.29197595236543183,-0.0802676208428786,-0.15273366929919555,0.008067216390483222,-0.005286675093448926,0.005444072607760998,1.2280378934153327e-05
-125.59999999999997,0.92,0.025,0.009797958971132711,0.5248792922602417,0.5278473586035246,0.2891790866908065,0.22286034811826735,0.35144137972423084,-0.0001571409180444115,0.0035110605196512434,0.0002690667779738881,0.001913491828390856,3.45230190209168e-06,0.24476117897509864,0.1886289986473015,0.297459983798589,-0.0001330040730327899,0.31842761184169055,0.055724288578681905,0.2747944303565535,-0.14520665514071135,-0.12593270027515566,-0.29224664712285087,-0.08034704795916735,-0.15288396490244746,0.008067216390483219,-0.005286675093448926,0.005444691526353388,1.2257764667301822e-05
-125.44,0.92,0.025,0.009797958971132711,0.5248792922602417,0.5278473586035246,0.2897412372396154,0.222903188797461,0.3517476796495595,-0.00015652247310398893,0.0035158219945241936,0.00026644047569810206,0.001915369035304829,3.4513539380310934e-06,0.24523698319961051,0.188665258998171,0.2977192360553872,-0.00013248062123521624,0.3188859713293301,0.055526545854402524,0.2750342402220643,-0.14533261969984787,-0.1263428296751046,-0.2925173446879127,-0.08042621742451038,-0.15303376713765318,0.008067216390483222,-0.005286675093448926,0.005445287150570189,1.2235087816037288e-05
-125.27999999999997,0.92,0.025,0.009797958971132711,0.5248792922602417,0.5278473586035246,0.29030414993832293,0.2229456086745473,0.3520542813020963,-0.00015590392862089463,0.003520587393181278,0.00026380674948177195,0.0019172400273410094,3.450378734305642e-06,0.24571343250779654,0.18870116318213684,0.29797874369409433,-0.00013195708518472522,0.31934475518413535,0.05532815958647821,0.2752742861069417,-0.145458708741641,-0.12675371791648046,-0.29278804442236467,-0.08050512720796717,-0.1531830721419481,0.008067216390483222,-0.005286675093448926,0.005445859417749019,1.2212348608141216e-05
-125.12,0.92,0.025,0.009797958971132711,0.5248792922602417,0.5278473586035246,0.29086782541463696,0.22298760656066327,0.35236118367736696,-0.00015528529116002064,0.0035253567144012186,0.00026116558641559447,0.0019191047560881134,3.449376212286468e-06,0.24619052743094874,0.1887367101929454,0.2982385058645234,-0.0001314334704378415,0.31980396340900585,0.05512912858452409,0.2755145672228849,-0.14558492185655303,-0.12716536598095918,-0.29305874568629925,-0.0805837752760643,-0.15333187604773976,0.00806721639048322,-0.005286675093448928,0.005446408265525374,1.2189547272913209e-05
-124.95999999999998,0.92,0.025,0.009797958971132711,0.5248792922602417,0.5278473586035246,0.2914322642960691,0.22302918126487906,0.3526683857629979,-0.0001546665673042662,0.003530129956950229,0.00025851697357463235,0.001920963173076756,3.4483462937178433e-06,0.2466682685001929,0.18877189902259364,0.29849852170980146,-0.00013090978256633093,0.3202635960058367,0.05492945165661556,0.27575508277540756,-0.14571125863179946,-0.1275777748509425,-0.2933294478381513,-0.08066215959285059,-0.15348017498281377,0.008067216390483222,-0.005286675093448928,0.005446933631835189,1.2166684041170283e-05
-124.80000000000001,0.92,0.025,0.009797958971132711,0.5248792922602417,0.5278473586035246,0.2919974672099324,0.22307033159419576,0.3529758865387071,-0.0001540477636543136,0.0035349071195819814,0.0002558608980183039,0.00192281522978079,3.4472889007243512e-06,0.2471466562464868,0.1888067286613273,0.2987587903663617,-0.00013038602715701104,0.3207236529755158,0.054729127609287706,0.2759958319638309,-0.14583771865134468,-0.12799094550955706,-0.2936001502346951,-0.08074027811995281,-0.15362796507044085,0.008067216390483219,-0.005286675093448926,0.0054474354549173916,1.2143759145245591e-05
-124.63999999999999,0.92,0.025,0.009797958971132711,0.5248792922602417,0.5278473586035246,0.2925634347833395,0.22311105635354253,0.3532836849762937,-0.0001534288868283144,0.003539688201037578,0.0002531973467903735,0.0019246608776186393,3.446203955818249e-06,0.2476256912006186,0.1888411980976384,0.299019310963935,-0.0001298622098114853,0.3211841343179215,0.054528155247533516,0.2762368139812756,-0.14596430149589779,-0.12840487894065436,-0.2938708522310419,-0.08081812881663146,-0.15377524242948368,0.008067216390483219,-0.005286675093448926,0.005447913673316413,1.2120772818986186e-05
-124.48000000000002,0.92,0.025,0.009797958971132711,0.5248792922602417,0.5278473586035246,0.2931301676432008,0.22315135434577443,0.3535917800396273,-0.00015280994346166752,0.003544473200045525,0.0002505263069189428,0.0019265000679546587,3.4450913819067143e-06,0.2481053738932052,0.1888753063182635,0.29928008262554057,-0.0001293383361459554,0.32164504003191996,0.054326533374803226,0.2764780280146537,-0.1460910067429079,-0.12881957612881004,-0.29414155318063684,-0.08089570963983729,-0.15392200317450558,0.00806721639048322,-0.005286675093448925,0.005448368225884763,1.209772529775186e-05
-124.32,0.92,0.025,0.009797958971132711,0.5248792922602417,0.5278473586035246,0.29369766641622197,0.22319122437166963,0.3539001706846398,-0.00015219094020672608,0.0035492621153216967,0.00024784776541644,0.0019283327521004818,3.44395110229934e-06,0.24858570485469028,0.1889090523081812,0.29954110446747917,-0.00012881441179097295,0.3221063701153621,0.054124260793002935,0.27671947324466223,-0.14621783396656035,-0.12923503805932338,-0.29441225243525626,-0.08097301854426768,-0.15406824341587858,0.008067216390483222,-0.005286675093448926,0.00544879905178551,1.2074616818413313e-05
-124.15999999999997,0.92,0.025,0.009797958971132711,0.5248792922602417,0.5278473586035246,0.2942659317289024,0.22323066522992727,0.35420885585931433,-0.00015157188373250412,0.00355405494556931,0.0002451617092796116,0.0019301588813164037,3.4427830407157058e-06,0.249066684615343,0.18894243505061045,0.29980237559932366,-0.0001282904423911915,0.32256812456508177,0.0539213363024937,0.2769611488457746,-0.14634478273777224,-0.12965126571821686,-0.294682949345005,-0.0810500534824241,-0.1542139592598941,0.00806721639048322,-0.005286675093448927,0.005449206090494846,1.205144761935063e-05
-124.0,0.92,0.025,0.009797958971132711,0.5248792922602417,0.5278473586035246,0.29483496420753297,0.22326967571716436,0.3545178345036778,-0.0001509527807245702,0.003558851689478896,0.00024246812548951195,0.0019319784068127426,3.441587121292812e-06,0.2495483137052559,0.18897545352700792,0.3000638951239129,-0.00012776643360527625,0.3230303033768924,0.05371775870208993,0.27720305398623496,-0.14647185262418894,-0.13006826009223585,-0.2949536432583138,-0.08112681240466907,-0.15435914680887178,0.008067216390483222,-0.005286675093448927,0.0054495892818045375,1.2028217940453947e-05
-123.83999999999997,0.92,0.025,0.009797958971132711,0.5248792922602417,0.5278473586035246,0.29540476447819397,0.22330825462791393,0.35482710554979036,-0.00015033363788453778,0.003563652345728267,0.00023976700101149376,0.0019337912797512337,3.4403632685928632e-06,0.2500305926543434,0.18900810671706636,0.3003256621373426,-0.00012724239110547278,0.3234929065455847,0.053513526789058935,0.2774451878280501,-0.14659904319017955,-0.13048602216884791,-0.29522433352193606,-0.08120329325928415,-0.15450380216127127,0.008067216390483224,-0.0052866750934489285,0.005449948565824481,1.2004928023118988e-05
-123.68,0.92,0.025,0.009797958971132711,0.5248792922602417,0.5278473586035246,0.2959753331667532,0.22334640075462212,0.35513666792173804,-0.00014971446193002823,0.003568456912982488,0.0002370583227951997,0.001935597451246415,3.4391114076105255e-06,0.2505135219923399,0.18904039359871216,0.3005876757289591,-0.0001267183205775759,0.3239559340649242,0.05330863935911924,0.27768754952698366,-0.14672635399683379,-0.1309045529362423,-0.29549501948094553,-0.08127949399252775,-0.15464792141180306,0.008067216390483224,-0.0052866750934489285,0.005450283882985142,1.1981578110248116e-05
-123.51999999999998,0.92,0.025,0.009797958971132711,0.5248792922602417,0.5278473586035246,0.29654667089886366,0.22338411288764562,0.3554465205356237,-0.0001490952595942641,0.003573265389893847,0.00023434207777455097,0.0019373968723670413,3.4378314637810633e-06,0.25099710224879823,0.18907231314810327,0.30084993498135193,-0.00012619422772058514,0.3244193859276479,0.053103095206439584,0.2779301382325493,-0.1468537846019579,-0.13132385338332964,-0.2957657004787333,-0.08135541254869415,-0.15479150065154168,0.008067216390483224,-0.0052866750934489285,0.005450595174040091,1.1958168446248216e-05
-123.36000000000001,0.92,0.025,0.009797958971132711,0.5248792922602417,0.5278473586035246,0.2971187782999619,0.22342138981524942,0.3557566622995585,-0.0001484760376259283,0.003578077775101827,0.0002316182528677394,0.0019391894941374803,3.4365233629877923e-06,0.2514813339530878,0.18910386433962711,0.30111243897034634,-0.00012567011824658574,0.3248832621254627,0.05289689312363799,0.27817295308800405,-0.14698133456007104,-0.13174392449974134,-0.296036375857005,-0.08143104687017165,-0.15493453596803752,0.008067216390483224,-0.005286675093448928,0.005450882380068439,1.1934699277030552e-05
-123.19999999999999,0.92,0.025,0.009797958971132711,0.5248792922602417,0.5278473586035246,0.2976916559952657,0.2234582303236042,0.35606709211365484,-0.00014785680278872772,0.003582894067233073,0.00022888683497721777,0.0019409752675391362,3.435187031570179e-06,0.2519662176343929,0.1891350461458986,0.30137518676499747,-0.00012514599788037914,0.32534756264904185,0.052690031901780524,0.27841599323034305,-0.1471090034224021,-0.13216476727582907,-0.29630704495577814,-0.08150639489750193,-0.15507702344543073,0.008067216390483222,-0.005286675093448928,0.0054511454424773075,1.1911170850007832e-05
-123.04000000000002,0.92,0.025,0.009797958971132711,0.5248792922602417,0.5278473586035246,0.2982653046097721,0.2234946331967837,0.356377808870018,-0.0001472375618613109,0.0035877142649013644,0.00022614781098969,0.001942754143511884,3.4338223963315283e-06,0.2524517538217111,0.18916585753775772,0.30163817742758325,-0.00012462187235941355,0.3258122874880227,0.05248251033037996,0.2786592577902928,-0.14723679073688603,-0.13258638270266435,-0.29657770711337933,-0.0815814545694398,-0.15521895916456604,0.008067216390483222,-0.005286675093448927,0.0054513843030043075,1.188758341409545e-05
-122.88,0.92,0.025,0.009797958971132711,0.5248792922602417,0.5278473586035246,0.2988397247682551,0.22353059721676227,0.35668881145273956,-0.00014661832163693285,0.003592538366707584,0.00022340116777610147,0.0019445260729554987,3.4324293845469082e-06,0.25293794304385114,0.18919629748426758,0.30190141001359877,-0.00012409774743349998,0.3262774366310041,0.05227432719739501,0.27890274589230657,-0.147364696048161,-0.13300877177203793,-0.2968483616664413,-0.08165622382301298,-0.15536033920310727,0.008067216390483222,-0.005286675093448928,0.005451598903719975,1.1863937219709424e-05
-122.71999999999997,0.92,0.025,0.009797958971132711,0.5248792922602417,0.5278473586035246,0.29941491709526413,0.22356612116341235,0.3570000987378886,-0.00014599908892318355,0.0035973663712396873,0.00022064689219163002,0.001946291006731098,3.431007923971214e-06,0.25342478582943156,0.18922636495271222,0.3021648835717489,-0.00012357362886458256,0.32674301006554357,0.052065481289228895,0.2791464566545571,-0.14749271889756443,-0.13343193547645935,-0.2971190079499001,-0.08173070059358198,-0.1555011596356527,0.008067216390483222,-0.005286675093448927,0.005451789187030207,1.1840232518765623e-05
-122.56,0.92,0.025,0.009797958971132711,0.5248792922602417,0.5278473586035246,0.2999908822151214,0.223601203814502,0.35731166959350713,-0.00014537987054170993,0.0036021982770726743,0.00021788497107567693,0.0019480488956625998,3.42955794284714e-06,0.25391228270687877,0.18925605890859448,0.30242859714394443,-0.00012304952242650328,0.3272090077781543,0.051855971390728464,0.2793903891889336,-0.14762085882313106,-0.13385587480915642,-0.2973896452969926,-0.08180488281490107,-0.1556414165338518,0.008067216390483222,-0.0052866750934489285,0.005451955095678697,1.1816469564678464e-05
-122.39999999999998,0.92,0.025,0.009797958971132711,0.5248792922602417,0.5278473586035246,0.3005676207519203,0.22363584394569225,0.3576235228796014,-0.00014476067332805237,0.0036070340827685588,0.0002151153912518565,0.0019497996905381847,3.428079369913321e-06,0.2544004342044253,0.18928537831563394,0.30269254976529464,-0.00012252543390486355,0.32767542975430364,0.051645796285182816,0.2796345426010349,-0.1477491153595891,-0.13428059076407478,-0.29766027303925346,-0.08187876841917921,-0.15578110596652237,0.008067216390483222,-0.005286675093448928,0.005452096572749371,1.1792648612361847e-05
-122.24000000000001,0.92,0.025,0.009797958971132711,0.5248792922602417,0.5278473586035246,0.3011451333295229,0.22367004033053464,0.35793565744813655,-0.00014414150413126812,0.003611873786876337,0.00021233813952798732,0.0019515433421117563,3.4265721344125113e-06,0.2548892408501082,0.18931432213576452,0.3029567404641028,-0.00012200136909670535,0.3281422759784092,0.051434954754322346,0.2798789159901652,-0.14787748803835774,-0.13470608433587725,-0.29793089050651234,-0.08195235533714083,-0.15592022399976735,0.00806721639048322,-0.005286675093448926,0.005452213561668773,1.176876991822676e-05
-122.07999999999998,0.92,0.025,0.009797958971132711,0.5248792922602417,0.5278473586035246,0.3017234205715581,0.22370379174046884,0.35824807214303056,-0.00014352236981376773,0.0036167173879319598,0.00020955320269608343,0.0019532798011044307,3.4250361660996966e-06,0.2553787031717668,0.18934288932913285,0.3032211682618611,-0.00012147733381037301,0.32860954643383655,0.05122344557831773,0.2801235084493296,-0.14800597638754448,-0.13513235651994338,-0.29820149702689125,-0.08202564149808807,-0.15605876669709412,0.008067216390483226,-0.00528667509344893,0.0054523060062084934,1.1744833740181884e-05
-121.92000000000002,0.92,0.025,0.009797958971132711,0.5248792922602417,0.5278473586035246,0.30230248310141977,0.2237370969448198,0.3585607658001482,-0.00014290327725099825,0.0036215648844582986,0.00020676056753234293,0.0019550090182060206,3.423471395250375e-06,0.2558688216970417,0.1893710788540955,0.30348583217324543,-0.00012095333386524493,0.329077241102897,0.051011267535778344,0.2803683190652296,-0.14813457993194262,-0.13555940831236896,-0.29847209192680124,-0.08209862482996255,-0.15619673011953333,0.008067216390483224,-0.0052866750934489285,0.005452373850487566,1.1720840337632267e-05
-121.75999999999999,0.92,0.025,0.009797958971132711,0.5248792922602417,0.5278473586035246,0.302882321542264,0.22376995471079547,0.35887373724729543,-0.00014228423333115383,0.003626416274965119,0.00020396022079714103,0.001956730944076519,3.42187775266895e-06,0.2563595969533723,0.1893988896672173,0.30375073120611085,-0.00012042937509148861,0.32954535996684425,0.050798419403751745,0.2806133469182586,-0.14826329819302847,-0.13598724070996546,-0.29874267453094033,-0.0821713032594073,-0.15633411032575759,0.008067216390483224,-0.0052866750934489285,0.0054524170389748175,1.1696789971478573e-05
-121.59999999999997,0.92,0.025,0.009797958971132711,0.5248792922602417,0.5278473586035246,0.3034629365170076,0.2238023638034842,0.35918698530421395,-0.0001416652449551012,0.00363127155794905,0.00020115214923501965,0.0019584455293476257,3.420255169696847e-06,0.25685102946799526,0.18942632072326904,0.3040158643614867,-0.00011990546332999766,0.3300139030058719,0.05058489995772213,0.2808585910824979,-0.14839213068895907,-0.13641585471025952,-0.29901324416229014,-0.08224367471183035,-0.15647090337220376,0.008067216390483224,-0.005286675093448928,0.005452435516491322,1.1672682904118841e-05
-121.44,0.92,0.025,0.009797958971132711,0.5248792922602417,0.5278473586035246,0.30404432864832587,0.22383432298585218,0.3595005087825768,-0.00014104631903587872,0.0036361307318935497,0.00019833633957467805,0.001960152724624231,3.418603578221275e-06,0.25734311976794305,0.1894533709752253,0.304281230633573,-0.00011938160443196775,0.3304828701991115,0.050370707971609266,0.28110405062571314,-0.14852107693457003,-0.13684525131149236,-0.29928380014211325,-0.0823157371114666,-0.15660710531319164,0.008067216390483222,-0.005286675093448928,0.005452429228212672,1.1648519399445324e-05
-121.27999999999997,0.92,0.025,0.009797958971132711,0.5248792922602417,0.5278473586035246,0.30462649855865015,0.22386583101874094,0.3598143064859834,-0.0001404274624986223,0.0036409937952688806,0.0001955127785289636,0.001961852480485958,3.416922910683396e-06,0.2578358683800415,0.18948003937426233,0.30454682900973634,-0.0001188578042588339,0.3309522615246284,0.0501558422177676,0.28134972460935087,-0.14865013644137354,-0.13727543151261937,-0.2995543417899504,-0.08238748838144211,-0.15674271220104763,0.008067216390483222,-0.005286675093448925,0.005452398119671399,1.1624299722846186e-05
-121.12,0.92,0.025,0.009797958971132711,0.5248792922602417,0.5278473586035246,0.3052094468701661,0.2238968866608648,0.36012837720995455,-0.00013980868228023746,0.0036458607465320748,0.00019268145279486258,0.0019635447474886836,3.415213100086995e-06,0.2583292758309086,0.18950632486975597,0.30481265847050554,-0.00011833406868199299,0.33142207695942033,0.049940301466984964,0.2815956120885344,-0.14877930871755585,-0.13770639631330941,-0.2998248684236176,-0.08245892644383754,-0.15687772008622625,0.008067216390483226,-0.005286675093448928,0.00545234213675933,1.160002414120466e-05
-120.95999999999998,0.92,0.025,0.009797958971132711,0.5248792922602417,0.5278473586035246,0.30579317420481167,0.22392748866880832,0.36044271974192943,-0.00013918998532913449,0.0036507315841269048,0.00018984234905349066,0.0019652294761660746,3.413474080007018e-06,0.2588233426469526,0.1895322264092794,0.3050787179895691,-0.00011781040358257944,0.33189231647941425,0.0497240844884813,0.28184171211206177,-0.14890859326797592,-0.13813814671394448,-0.30009537935920333,-0.08253004921975213,-0.15701212501743325,0.008067216390483226,-0.005286675093448927,0.005452261225729888,1.1575692922898585e-05
-120.80000000000001,0.92,0.025,0.009797958971132711,0.5248792922602417,0.5278473586035246,0.3063776811842743,0.22395763579702377,0.3607573328612602,-0.00013857137860500681,0.003655606306483853,0.0001869954539700839,0.00196690661703113,3.411705784598137e-06,0.25931806935436974,0.18955774293860092,0.30534500653377067,-0.00011728681485127778,0.33236298005946324,0.04950719004990791,0.28208802372240166,-0.1490379895941631,-0.1385706837156189,-0.3003658739110656,-0.08260085462936806,-0.1571459230417491,0.008067216390483226,-0.005286675093448928,0.005452155333200439,1.155130633780073e-05
-120.63999999999999,0.92,0.025,0.009797958971132711,0.5248792922602417,0.5278473586035246,0.3069629684299896,0.22398732679782857,0.3610722153392105,-0.00013795286907862983,0.003660484912020083,0.0001841407541939897,0.001968576120577743,3.409908148603378e-06,0.2598134564791432,0.18958287340168212,0.3056115230631078,-0.0001167633083881523,0.3328340676733447,0.04928961691734607,0.2823345459556921,-0.14916749719431613,-0.13900400832013907,-0.3006363513918295,-0.08267134059201554,-0.15727911020475405,0.008067216390483226,-0.0052866750934489285,0.00545202440615462,1.1526864657279396e-05
-120.48000000000002,0.92,0.025,0.009797958971132711,0.5248792922602417,0.5278473586035246,0.3075490365631387,0.22401656042140275,0.3613873659389496,-0.0001373344637314553,0.003665367399139404,0.00018127823635865706,0.001970237937282257,3.4080811073629784e-06,0.2603095045470406,0.1896076167406753,0.30587826653072697,-0.00011623989010230378,0.33330557929375654,0.049071363855305965,0.28258127784173626,-0.1492971155633006,-0.13943812153002266,-0.3009068111123836,-0.0827415050262377,-0.15741168255065252,0.008067216390483224,-0.005286675093448927,0.005451868391944653,1.1502368154196606e-05
-120.32,0.92,0.025,0.009797958971132711,0.5248792922602417,0.5278473586035246,0.3081358862046463,0.2240453354157865,0.3617027834155515,-0.00013671616955559498,0.0036702537662322465,0.0001784078870816277,0.0019718920176050357,3.4062245968231373e-06,0.26080621408361265,0.1896319718959217,0.3061452358829228,-0.0001157165659118556,0.33377751489231544,0.04885242962672574,0.2828282184040016,-0.1494268441926486,-0.13987302434849824,-0.3011772523818781,-0.08281134584985589,-0.15754363612239902,0.008067216390483226,-0.0052866750934489285,0.005451687238293628,1.147781710291164e-05
-120.15999999999997,0.92,0.025,0.009797958971132711,0.5248792922602417,0.5278473586035246,0.30872351797517866,0.22407365052687747,0.3620184665159918,-0.0001360979935533302,0.0036751440116756257,0.00017552969296452683,0.001973538311992044,3.4043385535445517e-06,0.26130358561419126,0.1896559378059491,0.3064124300591355,-0.00011519334174353868,0.33424987443955356,0.04863281299297002,0.28307536665961763,-0.14955668257055674,-0.14030871777950463,-0.3014476745077211,-0.08288086098003593,-0.15767496696182462,0.008067216390483224,-0.005286675093448927,0.005451480893297807,1.1453211779276851e-05
-120.0,0.92,0.025,0.009797958971132711,0.5248792922602417,0.5278473586035246,0.3093119324951409,0.22410150449842833,0.36233441397914384,-0.00013547994273704745,0.0036800381338331157,0.00017264364059305396,0.0019751767708764308,3.4024229147116713e-06,0.26180161966388726,0.18967951340746975,0.30667984799194736,-0.00011467022353263697,0.33472265790491557,0.048412512713829306,0.2833227216193732,-0.14968663018188494,-0.14074520282769037,-0.30171807679557633,-0.08295004833335372,-0.1578056711097636,0.008067216390483226,-0.0052866750934489285,0.005451249305428906,1.14285524606418e-05
-119.83999999999997,0.92,0.025,0.009797958971132711,0.5248792922602417,0.5278473586035246,0.3099011303846756,0.22412889607204411,0.362650624535779,-0.0001348620241288684,0.003684936131054813,0.0001697497165369729,0.001976807344680131,3.40047761814148e-06,0.2623003167575894,0.18970269763537814,0.3069474886070834,-0.0001141472172226742,0.33519586525675693,0.04819152754751822,0.28357028228771664,-0.14981668650815594,-0.1411824804984132,-0.30198845854935985,-0.08301890582586224,-0.15793574460618187,0.008067216390483228,-0.005286675093448927,0.005450992423536367,1.140383942585132e-05
-119.68,0.92,0.025,0.009797958971132711,0.5248792922602417,0.5278473586035246,0.31049111226366005,0.22415582398717993,0.36296709690856294,-0.00013424424476049027,0.0036898380016773115,0.00016684790735010415,0.0019784299838154556,3.3985026022922192e-06,0.2627996774199619,0.1897254894227491,0.3072153508234077,-0.00011362432876527898,0.33566949646234,0.04796985625067522,0.28381804766275254,-0.14994685102755367,-0.14162055179773933,-0.30225881907123753,-0.08308743137315776,-0.15806518349030407,0.008067216390483224,-0.005286675093448928,0.005450710196849599,1.1379072955246591e-05
-119.51999999999998,0.92,0.025,0.009797958971132711,0.5248792922602417,0.5278473586035246,0.31108187875170445,0.22418228698113796,0.36328382981205465,-0.00013362661167297602,0.003694743744023668,0.000163938199570315,0.00198004463868672,3.3964978062727043e-06,0.2632997021754427,0.18974788770083517,0.30748343355292307,-0.0001131015641200069,0.33614355148783204,0.04774749757836061,0.28406601673624193,-0.1500771232149229,-0.1420594177324431,-0.30252915766162214,-0.08315562289044776,-0.1581939838007441,0.008067216390483226,-0.0052866750934489285,0.005450402574980277,1.1354253330666992e-05
-119.36000000000001,0.92,0.025,0.009797958971132711,0.5248792922602417,0.5278473586035246,0.31167343046814966,0.2242082837890654,0.3636008219527057,-0.00013300913191632347,0.0036996533564033715,0.00016102057971950992,0.0019816512596918484,3.3944631698511135e-06,0.26380039154824186,0.18976989139906497,0.30775173570077013,-0.0001125789292539762,0.33661803029830206,0.04752445028405606,0.2843141884936011,-0.1502075025417683,-0.1424990793100063,-0.3027994736191703,-0.0832234782926178,-0.1583221415756334,0.008067216390483224,-0.005286675093448928,0.005450069507924532,1.1329380835447052e-05
-119.19999999999999,0.92,0.025,0.009797958971132711,0.5248792922602417,0.5278473586035246,0.3122657680320648,0.22423381314395152,0.363918072028859,-0.0001323918125494529,0.0037045668371123146,0.00015809503430362146,0.001983249797224007,3.3923986334643963e-06,0.26430174606233964,0.1897914994450406,0.30802025616522627,-0.00011205643014185693,0.33709293285771835,0.04730071311966318,0.28456256191390117,-0.15033798847625413,-0.14293953753861763,-0.30306976624077986,-0.08329099549429958,-0.1584496528527519,0.008067216390483224,-0.005286675093448926,0.005449710946065209,1.1304455754421363e-05
-119.04000000000002,0.92,0.025,0.009797958971132711,0.5248792922602417,0.5278473586035246,0.31285889206224515,0.22425887377662532,0.3642355787307481,-0.00013177466063981843,0.003709484184432758,0.00015516154981260255,0.0019848402016732418,3.3903041382269688e-06,0.26480376624148433,0.18981271076453568,0.3082889938377052,-0.00011153407276554232,0.3375682591289454,0.047076284835502656,0.28481113596986724,-0.15046858048320355,-0.14338079342717192,-0.30334003482158683,-0.08335817240993924,-0.15857651366965891,0.008067216390483226,-0.005286675093448928,0.0054493268401740865,1.1279478373921798e-05
-118.88,0.92,0.025,0.009797958971132711,0.5248792922602417,0.5278473586035246,0.3134528031772104,0.2242834644157529,0.364553340740497,-0.0001311576832632282,0.0037144053966333044,0.00015222011272041593,0.001986422423428117,3.388179625940514e-06,0.2653064526091909,0.18983352428149325,0.3085579476027567,-0.00011101186311399634,0.3380440090737414,0.0468511641803128,0.2850599096278788,-0.1505992780240985,-0.14382284798526998,-0.30361027865496265,-0.08342500695386569,-0.15870272006382452,0.008067216390483226,-0.005286675093448928,0.005448917141414079,1.1254448981780803e-05
-118.71999999999997,0.92,0.025,0.009797958971132711,0.5248792922602417,0.5278473586035246,0.314047501995202,0.224307583787835,0.3648713567321202,-0.0001305408875036178,0.0037193304719688623,0.00014927070948502483,0.0019879964128773735,3.386025039102463e-06,0.26580980568873896,0.18985393891802355,0.30882711633806653,-0.00011048980718306211,0.33852018265275563,0.0466253499012489,0.2853088818479694,-0.15073008055707934,-0.14426570222321755,-0.3038804970325111,-0.08349149704035966,-0.15882826807276212,0.008067216390483224,-0.005286675093448927,0.005448481801341464,1.1229367867330317e-05
-118.56,0.92,0.025,0.009797958971132711,0.5248792922602417,0.5278473586035246,0.3146429891341809,0.22433123061720417,0.36518962537152305,-0.00012992428045276947,0.003724259408680619,0.00014631332654838644,0.001989562120411574,3.383840320915956e-06,0.2663138260031707,0.18987395359440162,0.3090964989144571,-0.00010996791097522409,0.3389967798255252,0.046398840743881585,0.28555805158382735,-0.15086098753694507,-0.144709357152025,-0.3041506892440657,-0.08355764058372239,-0.15895315373416039,0.008067216390483224,-0.005286675093448926,0.005448020771908009,1.1204235321403815e-05
-118.39999999999998,0.92,0.025,0.009797958971132711,0.5248792922602417,0.5278473586035246,0.31523926521182555,0.22435440362602252,0.3655081453165024,-0.00012930786921010014,0.0037291922049960077,0.00014334795033643893,0.0019911194964247875,3.381625415298759e-06,0.26681851407528917,0.18989356722906547,0.3093660941958876,-0.00010944618049942877,0.33947380055047227,0.04617163545219624,0.2858074177827963,-0.15099199841515312,-0.14515381378340664,-0.3044208545776867,-0.08362343549834572,-0.15907737308601788,0.008067216390483224,-0.005286675093448926,0.005447534005463224,1.1179051636336516e-05
-118.24000000000001,0.92,0.025,0.009797958971132711,0.5248792922602417,0.5278473586035246,0.3158363308455301,0.22437710153427906,0.36582691521674765,-0.00012869166088244394,0.003734128859128677,0.00014037456725909603,0.001992668491316258,3.379380266892593e-06,0.2673238704276567,0.1899127787386138,0.3096359010394552,-0.00010892462177090056,0.33995124478490213,0.04594373276859148,0.2860569793858758,-0.15112311263981987,-0.14559907312978032,-0.3046909923196582,-0.08368887969878186,-0.15920092216677673,0.008067216390483224,-0.005286675093448927,0.005447021454756495,1.115381710596649e-05
-118.07999999999998,0.92,0.025,0.009797958971132711,0.5248792922602417,0.5278473586035246,0.3164341866524012,0.22439932305978705,0.3661459337138421,-0.00012807566258382413,0.003739069369278455,0.00013739316371023564,0.001994209055492085,3.3771048210728104e-06,0.2678298955825924,0.18993158703780377,0.30990591829539593,-0.00010840324081094875,0.3404291124849993,0.04571513143387846,0.28630673532772305,-0.15125432965572086,-0.14604513620426632,-0.3049611017544851,-0.08375397109981324,-0.15932379701545737,0.008067216390483226,-0.005286675093448929,0.0054464830729392365,1.1128532025636541e-05
-117.92000000000002,0.92,0.025,0.009797958971132711,0.5248792922602417,0.5278473586035246,0.3170328332492569,0.22442106691818142,0.3664651994412638,-0.0001274598814351839,0.003744013733631325,0.00013440372606769233,0.0019957411393669118,3.37479902395765e-06,0.26833659006217103,0.18994999103954877,0.3101761448070857,-0.00010788204364673965,0.3409074036058256,0.045485830187279155,0.28655668453665323,-0.15138564890429107,-0.14649200402068746,-0.30523118216489054,-0.08381870761652292,-0.15944599367179327,0.008067216390483224,-0.005286675093448927,0.005445918813567045,1.110319669219424e-05
-117.75999999999999,0.92,0.025,0.009797958971132711,0.5248792922602417,0.5278473586035246,0.31763227125262344,0.2244423318229164,0.36678471102438903,-0.0001268443245641803,0.0037489619503593896,0.00013140624069324727,0.001997264693365639,3.3724628224176287e-06,0.2688439543882205,0.18996798965491646,0.31044657941104287,-0.00010736103631112222,0.3413861181013166,0.0452558277664261,0.2868068259346423,-0.15151706982362598,-0.14693967759356788,-0.30550123283181274,-0.08388308716436621,-0.15956750817636853,0.008067216390483226,-0.005286675093448929,0.005445328630601857,1.1077811403993165e-05
-117.59999999999997,0.92,0.025,0.009797958971132711,0.5248792922602417,0.5278473586035246,0.3182325012787339,0.22446311648526276,0.3671044670804931,-0.00012622899910497024,0.0037539140176208402,0.0001284006939326205,0.001998779667925111,3.370096164085482e-06,0.2693519890823204,0.1899855817931264,0.3107172209369294,-0.00010684022484244681,0.34186525592427974,0.04502512290736047,0.28705715843732793,-0.15164859184848198,-0.14738815793813279,-0.30577125303440217,-0.08394710765924075,-0.15968833657075268,0.008067216390483224,-0.005286675093448928,0.005444712478414028,1.1052376460895494e-05
-117.44,0.92,0.025,0.009797958971132711,0.5248792922602417,0.5278473586035246,0.31883352394352527,0.2244834196143053,0.3674244662187531,-0.00012561391219795945,0.0037588699335599244,0.00012538707211545954,0.0020002860134958433,3.3676989973649035e-06,0.2698606946657998,0.190002766361548,0.3109880682075526,-0.00010631961528435288,0.34234481702639047,0.044793714344531554,0.28730768095401166,-0.1517802144102772,-0.14783744607030777,-0.3060412420500187,-0.08401076701755865,-0.159808474897639,0.008067216390483224,-0.005286675093448927,0.005444070311784496,1.1026892164270718e-05
-117.27999999999997,0.92,0.025,0.009797958971132711,0.5248792922602417,0.5278473586035246,0.31943533986263645,0.22450323991694016,0.367744707040252,-0.00012499907098960838,0.003763829696306917,0.00012236536155533392,0.0020017836805437464,3.3652712714411067e-06,0.2703700716597355,0.19001954226569814,0.3112591200388693,-0.00010579921368560454,0.3428248013581902,0.04456160081079537,0.28755839238766223,-0.151911936937093,-0.14828754300671806,-0.3063111991542286,-0.0840740631563183,-0.15992791920098254,0.008067216390483226,-0.005286675093448928,0.00544340208590686,1.1001358817000008e-05
-117.12,0.92,0.025,0.009797958971132711,0.5248792922602417,0.5278473586035246,0.32003794965140636,0.22452257609787263,0.3680651881379807,-0.0001243844826321841,0.0037687933039780848,0.0001193355485497235,0.0020032726195518464,3.3628129362897832e-06,0.27088012058495037,0.1900359084092394,0.3115303752399869,-0.00010527902609988062,0.3433052088690834,0.044328781037413764,0.28780929163491725,-0.15204375885367474,-0.14873844976468814,-0.30658112362080187,-0.08413699399317615,-0.1600466655261379,0.008067216390483224,-0.005286675093448928,0.00544270775638947,1.0975776723475454e-05
-116.95999999999998,0.92,0.025,0.009797958971132711,0.5248792922602417,0.5278473586035246,0.32064135392487114,0.2245414268596141,0.3683859080968418,-0.00012377015428354911,0.003773760754675658,0.00011629761938001042,0.002004752781022027,3.360323942686999e-06,0.27139084196201096,0.19005186369397736,0.3118018326131669,-0.00010475905858559597,0.34378603950733433,0.044095253754053015,0.2880603775860861,-0.15217567958143305,-0.14919016736224094,-0.3068510147217088,-0.08419955744651926,-0.16016470991999848,0.008067216390483224,-0.005286675093448926,0.005441987279257521,1.0950146189602296e-05
-116.80000000000001,0.92,0.025,0.009797958971132711,0.5248792922602417,0.5278473586035246,0.3212455532977623,0.2245597909024797,0.3687068654936537,-0.0001231560931069097,0.003778732046487798,0.00011325156031147023,0.0020062241154767753,3.3578042422188464e-06,0.271902236311226,0.19006740701985883,0.3120734909538285,-0.00010423931720568838,0.3442672932200647,0.04386101768878309,0.2883116491251535,-0.15230769853844534,-0.14964269681809736,-0.3071208717271178,-0.0842617514355382,-0.16028204843113675,0.008067216390483222,-0.005286675093448927,0.005441240610955121,1.0924467522799797e-05
-116.63999999999999,0.92,0.025,0.009797958971132711,0.5248792922602417,0.5278473586035246,0.3218505483845043,0.22457766692458586,0.36902805889715523,-0.00012254230627069384,0.0037837071774885628,0.0001101973575932641,0.0020076865734609327,3.3552537872912722e-06,0.27241430415264445,0.1900825372849695,0.3123453490505522,-0.00010371980802751527,0.34474896995325083,0.04362607156807628,0.2885631051297829,-0.15243981513945776,-0.15009603915167533,-0.30739069390539175,-0.08432357388029992,-0.16039867710994374,0.008067216390483222,-0.005286675093448924,0.005440467708347335,1.0898741032004481e-05
-116.48000000000002,0.92,0.025,0.009797958971132711,0.5248792922602417,0.5278473586035246,0.3224563397992121,0.22459505362184745,0.3693494868680094,-0.00012192880094820971,0.0037886861457378787,0.00010713499745842734,0.002009140105543459,3.3526725311397084e-06,0.27292704600605316,0.19009725338553168,0.31261740568508317,-0.0001032005371225647,0.34523106965172023,0.04339041411680635,0.28881474447131994,-0.15257202879588636,-0.15055019538308972,-0.30766048052308564,-0.08438502270182134,-0.1605145920087708,0.008067216390483222,-0.005286675093448926,0.0054396685287222595,1.087296702766953e-05
-116.32,0.92,0.025,0.009797958971132711,0.5248792922602417,0.5278473586035246,0.3230629281556897,0.22461194968797532,0.36967114795880884,-0.00012131558431752499,0.0037936689492815063,0.00010406446612386352,0.002010584662319192,3.3500604278390264e-06,0.2734404623909758,0.1901115542159023,0.31288965963233584,-0.00010268151056635315,0.34571359225914977,0.043154044058247076,0.2890665660147963,-0.15270433891581914,-0.1510051665331512,-0.3079302308449433,-0.08444609582214278,-0.1606297891820702,0.008067216390483222,-0.005286675093448925,0.005438843029793038,1.0847145821768251e-05
-116.15999999999997,0.92,0.025,0.009797958971132711,0.5248792922602417,0.5278473586035246,0.3236703140674266,0.22462835381447388,0.36999304071408085,-0.00012070266356121819,0.003798655586151008,0.00010098574979033297,0.002012020194410629,3.347417432313236e-06,0.2739545538266699,0.1901254386685707,0.31316210966039804,-0.00010216273443821508,0.34619653771806164,0.042916960114071694,0.2893185686189342,-0.1528367449040182,-0.15146095362336592,-0.3081999441338946,-0.08450679116440211,-0.16074426468653785,0.008067216390483222,-0.005286675093448924,0.005437991169699891,1.0821277727794906e-05
-116.0,0.92,0.025,0.009797958971132711,0.5248792922602417,0.5278473586035246,0.3242784981475965,0.22464426469063822,0.3703151636702931,-0.0001200900458660873,0.0038036460543637196,9.789883464244613e-05,0.0020134466524697045,3.34474350034526e-06,0.2744693208321257,0.1901389056341562,0.3134347545305361,-0.00010164421482105631,0.3466799059698214,0.042679161004351256,0.2895707511361504,-0.15296924616192167,-0.15191755767593465,-0.30846961965105263,-0.08456710665290901,-0.16085801458125562,0.008067216390483222,-0.005286675093448926,0.005437112907012129,1.0795363060765041e-05
-115.83999999999997,0.92,0.025,0.009797958971132711,0.5248792922602417,0.5278473586035246,0.324887481009055,0.2246596810035518,0.37063751535585915,-0.00011947773842316591,0.003808640351922713,9.48037068486534e-05,0.0020148639871795855,3.3420385885873226e-06,0.2749847639260642,0.19015195400140625,0.3137075929971992,-0.00010112595780136763,0.347163696954635,0.04244064544755397,0.2898231124125613,-0.15310184208764605,-0.15237497971375236,-0.3087392566557104,-0.08462704021321962,-0.16097103492783496,0.00806721639048322,-0.005286675093448925,0.005436208200730165,1.0769402137221971e-05
-115.68,0.92,0.025,0.009797958971132711,0.5248792922602417,0.5278473586035246,0.3254972632643366,0.22467460143808354,0.37096009429114574,-0.00011886574842721214,0.0038136384768167686,9.170035256123693e-05,0.0020162721492564682,3.3393026545703247e-06,0.2755008836269345,0.1901645826571939,0.31398062380802577,-0.00010060796946879236,0.3476479106115456,0.04220141216054376,0.290075651287988,-0.15323453207598878,-0.1528332207604074,-0.30900885440533826,-0.08468658977221168,-0.16108332179056084,0.00806721639048322,-0.005286675093448925,0.005435277010287501,1.0743395275232691e-05
-115.51999999999998,0.92,0.025,0.009797958971132711,0.5248792922602417,0.5278473586035246,0.32610784552565314,0.22468902467688573,0.37128289898847827,-0.00011825408307680277,0.0038186404270203426,8.858875791630163e-05,0.00201767108945137,3.3365356567138306e-06,0.2760176804529128,0.1901767904865161,0.314253845703848,-0.00010009025591620587,0.3481325468784309,0.041961459858579526,0.2903283665959613,-0.15336731551843072,-0.15329228184018093,-0.3092784121555811,-0.08474575325815906,-0.1611948712365352,0.008067216390483224,-0.005286675093448927,0.005434319295552681,1.0717342794394288e-05
-115.36000000000001,0.92,0.025,0.009797958971132711,0.5248792922602417,0.5278473586035246,0.3267192284048911,0.22470294940039084,0.3716059279521483,-0.0001176427495738608,0.0038236462004935293,8.546890903376688e-05,0.0020190607585519557,3.333737554336544e-06,0.27653515492189984,0.19018857637249081,0.31452725741869836,-9.957282323931578e-05,0.34861760569200034,0.041720787255313745,0.2905812571637271,-0.15350019180313876,-0.15375216397804622,-0.3095479291602547,-0.08480452860080806,-0.16130567933582304,0.008067216390483222,-0.005286675093448924,0.005433335016831297,1.0691245015833307e-05
-115.19999999999999,0.92,0.025,0.009797958971132711,0.5248792922602417,0.5278473586035246,0.3273314125136095,0.22471637428680946,0.37192917967842076,-0.00011703175512363324,0.0038286557951820372,8.23407920173567e-05,0.002020441107384348,3.3309083076657797e-06,0.2770533075515191,0.19019993919635553,0.31480085767981536,-9.905567753664318e-05,0.34910308698779197,0.04147939306279166,0.29083432181225277,-0.15363316031496868,-0.1542128681996681,-0.30981740467134355,-0.08486291373145273,-0.16141574216159751,0.00806721639048322,-0.005286675093448925,0.005432324134867917,1.066510226220895e-05
-115.04000000000002,0.92,0.025,0.009797958971132711,0.5248792922602417,0.5278473586035246,0.32794439846303747,0.22472929801212735,0.37225265265554136,-0.00011642110693443635,0.003833669209017151,7.920439295459243e-05,0.00202181208681496,3.328047877847704e-06,0.2775721388591149,0.1902108778374646,0.3150746452076502,-9.853882490930693e-05,0.34958899070016997,0.04123727599144992,0.29108755935623215,-0.15376622043546825,-0.15467439553140214,-0.3100868379389975,-0.0849209065830114,-0.16152505579028653,0.00806721639048322,-0.005286675093448923,0.005431286610848062,1.063891485771489e-05
-114.88,0.92,0.025,0.009797958971132711,0.5248792922602417,0.5278473586035246,0.328558186864072,0.22474171925010303,0.37257634536374584,-0.00011581081221740828,0.003838686439915701,7.60596979167829e-05,0.002023173647752316,3.3251562269574354e-06,0.27809164936175057,0.1902213911732872,0.3153486187158745,-9.802227146081438e-05,0.3500753167623215,0.040994434750115834,0.2913409686040938,-0.15389937154288072,-0.1551367470002942,-0.31035622821152886,-0.0849785050901025,-0.16163361630171844,0.008067216390483222,-0.005286675093448925,0.005430222406400069,1.061268312808071e-05
-114.71999999999997,0.92,0.025,0.009797958971132711,0.5248792922602417,0.5278473586035246,0.3291727783272756,0.2247536366722651,0.3729002562752659,-0.00011520087818636883,0.003843707485780031,7.290669295901594e-05,0.002024525741148902,3.322233318009035e-06,0.27861183957620606,0.1902314780794052,0.3156227769113851,-9.750602329694258e-05,0.35056206510625376,0.04075086804600592,0.2915945483580052,-0.15403261301214713,-0.1555999236340795,-0.31062557473540947,-0.08503570718912193,-0.1617414197792704,0.008067216390483222,-0.005286675093448925,0.005429131483597099,1.058640740057472e-05
-114.56,0.92,0.025,0.009797958971132711,0.5248792922602417,0.5278473586035246,0.3297881734628741,0.2247650489479097,0.3732243838543401,-0.00011459131205761577,0.0038487323444979637,6.974536412015051e-05,0.002025868318003002,3.3192791149657247e-06,0.27913271001897666,0.19024113742951076,0.31589711849431346,-9.699008652556599e-05,0.3510492356627913,0.04050657458472505,0.2918482974138812,-0.15416594421491067,-0.15606392646118217,-0.31089487675526767,-0.08509251081831933,-0.16184846231001515,0.008067216390483219,-0.005286675093448923,0.0054280138049589656,1.0560088004006205e-05
-114.39999999999998,0.92,0.025,0.009797958971132711,0.5248792922602417,0.5278473586035246,0.3304043728807539,0.22477595474409784,0.37354872655722243,-0.00011398212104965685,0.003853761013942773,6.657569742280761e-05,0.002027201329360563,3.3162935827498725e-06,0.2796542612062701,0.1902503680954044,0.31617164215803306,-9.647446725642956e-05,0.351536828361573,0.04026155307026539,0.29210221456139135,-0.1542993645195201,-0.15652875651071452,-0.31116413351388567,-0.08514891391787599,-0.1619547399848704,0.00806721639048322,-0.005286675093448925,0.00542686933345408,1.0533725268726195e-05
-114.24000000000001,0.92,0.025,0.009797958971132711,0.5248792922602417,0.5278473586035246,0.33102137719046054,0.22478635272565292,0.3738732828321907,-0.0001133733123831641,0.0038587934919731464,6.339767887336032e-05,0.0020285247263170467,3.3132766872531594e-06,0.2801764936540058,0.19025916894699263,0.3164463465891662,-9.595917160111009e-05,0.35202484313104954,0.04001580220500513,0.2923562985839661,-0.15443287329103303,-0.15699441481247625,-0.31143334425219604,-0.08520491442998218,-0.1620602488987471,0.008067216390483222,-0.005286675093448924,0.005425698032501323,1.0507319526631905e-05
-114.07999999999998,0.92,0.025,0.009797958971132711,0.5248792922602417,0.5278473586035246,0.3316391870011952,0.22479624155515804,0.3741980511195575,-0.00011276489328064873,0.0038638297764331544,6.0211294461927616e-05,0.0020298384600193026,3.310228395346833e-06,0.28069940787781167,0.19026753885228578,0.3167212304675935,-9.544420567274109e-05,0.3525132798984796,0.039769320689707635,0.2926105482588056,-0.1545664698912204,-0.15746090239695407,-0.3117025082092792,-0.08526051029891507,-0.16216498515069927,0.008067216390483222,-0.005286675093448924,0.005424499865971912,1.0480871111167234e-05
-113.92000000000002,0.92,0.025,0.009797958971132711,0.5248792922602417,0.5278473586035246,0.33225780292181323,0.22480561989295342,0.3745230298516797,-0.00011215687096626656,0.0038688698651522186,5.701653016236365e-05,0.0020311424816674244,3.3071486748918616e-06,0.2812230043930227,0.19027547667739578,0.3169962924664617,-9.492957558584803e-05,0.35300213858992796,0.0395221072235203,0.2928649623568873,-0.15470015367856987,-0.15792822029532058,-0.31197162462236006,-0.08531569947111624,-0.16226894484407278,0.00806721639048322,-0.005286675093448923,0.005423274798191228,1.0454380357324882e-05
-113.75999999999999,0.92,0.025,0.009797958971132711,0.5248792922602417,0.5278473586035246,0.33287722556082144,0.22481448639713375,0.37484821745296926,-0.00011154925266578176,0.003873913755945078,5.381337193225059e-05,0.002032436742516663,3.3040374947490413e-06,0.2817472837146793,0.190282981286534,0.3172715312521932,-9.441528745631768e-05,0.3534914191302621,0.039274160503973345,0.2931195396429741,-0.1548339240082908,-0.15839636953943392,-0.3122406927268055,-0.08537047989527137,-0.1623721240866583,0.00806721639048322,-0.005286675093448924,0.005422022793940746,1.0427847601650647e-05
-113.59999999999997,0.92,0.025,0.009797958971132711,0.5248792922602417,0.5278473586035246,0.33349745552637583,0.22482283972354572,0.3751736123399038,-0.00011094204560615302,0.0038789614466117573,5.0601805712888916e-05,0.0020337211938792708,3.3008948247892144e-06,0.2822722463575245,0.19029005154200912,0.3175469454844946,-9.390134740104792e-05,0.35398112144314936,0.03902547922697887,0.29337427887562345,-0.15496778023231778,-0.1588653511618371,-0.312509711756121,-0.08542484952238727,-0.16247451899083906,0.008067216390483222,-0.005286675093448925,0.0054207438184597475,1.0401273182242399e-05
-113.44,0.92,0.025,0.009797958971132711,0.5248792922602417,0.5278473586035246,0.3341184934262793,0.22483067852578523,0.3754992129210374,-0.00011033525701553787,0.003884012934937532,4.738181742928974e-05,0.0020349957871264313,3.2977206359037462e-06,0.2827978928360028,0.19029668630422464,0.31782253381636605,-9.338776153795126e-05,0.35447124545105374,0.03877606208682976,0.2936291788071948,-0.15510172169931535,-0.15933516619575697,-0.31277868094194783,-0.0854788063058723,-0.16257612567374524,0.008067216390483222,-0.005286675093448925,0.0054194378374472635,1.0374657438755887e-05
-113.27999999999997,0.92,0.025,0.009797958971132711,0.5248792922602417,0.5278473586035246,0.33474033986797896,0.2248380014551949,0.3758250175970136,-0.00010972889412306507,0.0038890682186928966,4.4153392990165816e-05,0.0020362604736901407,3.294514900014394e-06,0.2833242236642574,0.19030288443167698,0.31809829489411234,-9.287453598576229e-05,0.35496179107523346,0.03852590777619861,0.29388423818386106,-0.1552357477546832,-0.15980581567510377,-0.31304759951405997,-0.0855323482016148,-0.16267694025740473,0.008067216390483222,-0.005286675093448926,0.0054181048170637985,1.0348000712405366e-05
-113.12,0.92,0.025,0.009797958971132711,0.5248792922602417,0.5278473586035246,0.3353629954585645,0.22484480716086147,0.3761510247605759,-0.00010912296415852728,0.003894127295633534,4.091651828792317e-05,0.0020375152050651157,3.2912775900837215e-06,0.28385123935612905,0.19030864478095316,0.31837422735735144,-9.23616768637775e-05,0.355452758235738,0.03827501498613652,0.29413945574561584,-0.15536985774056017,-0.16027730063447065,-0.31331646670036123,-0.08558547316806266,-0.16277695886889554,0.008067216390483219,-0.0052866750934489224,0.0054167447239331585,1.0321303345964668e-05
-112.95999999999998,0.92,0.025,0.009797958971132711,0.5248792922602417,0.5278473586035246,0.33598646080476474,0.2248510942896131,0.37647723279658,-0.00010851747435237675,0.00389919016350028,3.7671179198652315e-05,0.002038759932810709,3.288008680125602e-06,0.2843789404251529,0.19031396620672855,0.31865032983902536,-9.184919029185169e-05,0.3559441468514046,0.038023382406072406,0.2943948302262837,-0.15550405099582934,-0.16074962210913252,-0.31358528172688227,-0.08563817916630323,-0.16287617764049953,0.008067216390483222,-0.005286675093448925,0.005415357525144246,1.029456568377274e-05
-112.80000000000001,0.92,0.025,0.009797958971132711,0.5248792922602417,0.5278473586035246,0.3366107365129462,0.22485686148601697,0.3768036400820077,-0.00010791243193543641,0.0039042568200190896,3.441736158212016e-05,0.002039994608552822,3.284708145215067e-06,0.2849073273845577,0.19031884756176476,0.3189266009654113,-9.133708239015338e-05,0.3564359568398558,0.03777100872381142,0.2946503603535309,-0.15563832685612342,-0.16122278113504557,-0.3138540438177774,-0.08569046416014314,-0.16297459270985526,0.008067216390483222,-0.005286675093448926,0.0054139431882527875,1.0267788071733275e-05
-112.63999999999999,0.92,0.025,0.009797958971132711,0.5248792922602417,0.5278473586035246,0.33723582318911044,0.22486210739237633,0.3771302449859789,-0.00010730784413879411,0.003909327262901006,3.1155051281761195e-05,0.0020412191839858378,3.2813759614986995e-06,0.28543640074726306,0.19032328769690735,0.3192030393561326,-9.082535927907533e-05,0.35692818811749666,0.03751789262553433,0.29490604484887495,-0.15577268465383,-0.16169677874884655,-0.3141227521953218,-0.08574232611618883,-0.16307220022011268,0.00806721639048322,-0.005286675093448925,0.005412501681283139,1.0240970857318487e-05
-112.48000000000002,0.92,0.025,0.009797958971132711,0.5248792922602417,0.5278473586035246,0.3378617214388913,0.22486683064872817,0.3774570458697651,-0.0001067037181935461,0.003914401489842128,2.78842341246694e-05,0.002042433610874538,3.2780121062053156e-06,0.28596616102587763,0.19032728546108355,0.3194796436241692,-9.031402707901742e-05,0.3574208405995113,0.03726403279579611,0.295161882427695,-0.15590712371809642,-0.162171615987852,-0.31439140607990845,-0.08579376300392653,-0.16316899632008688,0.00806721639048322,-0.005286675093448925,0.005411032972729989,1.0214114389571407e-05
-112.32,0.92,0.025,0.009797958971132711,0.5248792922602417,0.5278473586035246,0.33848843186755295,0.2248710298928405,0.37778404108680336,-0.00010610006133058986,0.003919479498523575,2.4604895921589446e-05,0.0020436378410560617,3.274616557655737e-06,0.28649660873269683,0.19033083970130021,0.3197564123758704,-8.980309191021126e-05,0.3579139141998601,0.037009427917525144,0.2954178717992431,-0.15604164337483573,-0.1626472938900577,-0.31466000469004524,-0.085844772795804,-0.16326497716441443,0.00806721639048322,-0.005286675093448925,0.005409537031560136,1.018721901910642e-05
-112.15999999999997,0.92,0.025,0.009797958971132711,0.5248792922602417,0.5278473586035246,0.33911595507998743,0.22487470376020974,0.3781112289827105,-0.00010549688078067841,0.0039245612866114525,2.1317022466908836e-05,0.002044831826441822,3.2711892952733883e-06,0.28702774437970136,0.19033394926264152,0.3200333442109662,-8.929255989276621e-05,0.3584074088312771,0.036754076672022004,0.29567401166665547,-0.1561762429467325,-0.16312381349413768,-0.3149285472423515,-0.08589535346731045,-0.1633601389137072,0.008067216390483222,-0.005286675093448925,0.005408013827214156,1.0160285098115738e-05
-112.0,0.92,0.025,0.009797958971132711,0.5248792922602417,0.5278473586035246,0.339744291680712,0.22487785088405807,0.37843860789529665,-0.00010489418377394066,0.003929646851756823,1.8020599538648145e-05,0.0020460155190194706,3.2677302995944405e-06,0.2875595684785547,0.19033661298826676,0.3203104377225791,-8.878243714626338e-05,0.3589013244052666,0.03649797773895838,0.2959303007269626,-0.15631092175324787,-0.16360117583944384,-0.3151970329515556,-0.08594550299705844,-0.1634544777347095,0.00806721639048322,-0.005286675093448925,0.005406463329608144,1.0133312980367003e-05
-111.83999999999997,0.92,0.025,0.009797958971132711,0.5248792922602417,0.5278473586035246,0.3403734422738669,0.2248804698953309,0.3787661761545818,-0.00010429197753998549,0.00393473619159567,1.4715612898454362e-05,0.002047188870854847,3.2642395522783667e-06,0.28809208154060095,0.19033882971940808,0.32058769149723804,-8.827272978984372e-05,0.35939566083210045,0.036241129796376205,0.29618673767110293,-0.1564456791106267,-0.16407938196600472,-0.3154654610304915,-0.08599521936686523,-0.16354798980045387,0.00806721639048322,-0.005286675093448926,0.005404885509135385,1.010630302121026e-05
-111.68,0.92,0.025,0.009797958971132711,0.5248792922602417,0.5278473586035246,0.341003407463213,0.22488255942269408,0.3790939320828093,-0.00010369026930749837,0.003939829303748865,1.1402048291591607e-05,0.0020483518340939392,3.260717036117999e-06,0.2886252840768635,0.19034059829536829,0.3208651041148898,-8.776344394186663e-05,0.35989041802081495,0.03598353152068625,0.2964433211839331,-0.15658051433190287,-0.16455843291452543,-0.31573383069009603,-0.08604450056183459,-0.1636406712904184,0.00806721639048322,-0.005286675093448924,0.005403280336668042,1.0079255577576385e-05
-111.51999999999998,0.92,0.025,0.009797958971132711,0.5248792922602417,0.5278473586035246,0.3416341878521292,0.22488411809253156,0.37942187399446253,-0.00010308906630426523,0.003944926185822134,8.079891446932558e-06,0.0020495043609648524,3.2571627350498893e-06,0.28915917659804213,0.19034191755351873,0.3211426741489131,-8.72545857199301e-05,0.3603855958792079,0.03572518158666748,0.29670004994424115,-0.15671542672690578,-0.1650383297263862,-0.31600214113940556,-0.08609334457043889,-0.163732518390684,0.008067216390483222,-0.005286675093448925,0.005401647783558837,1.0052171007982363e-05
-111.36000000000001,0.92,0.025,0.009797958971132711,0.5248792922602417,0.5278473586035246,0.3422657840436102,0.22488514452894248,0.3797500001962802,-0.00010248837575689116,0.003950026835406025,4.749128076950598e-06,0.0020506464037797685,3.2535766341646024e-06,0.28969375961451166,0.19034278632929694,0.32142040016613155,-8.674616124063269e-05,0.3608811943138357,0.03546607866746569,0.2969569226247586,-0.15685041560226692,-0.16551907344364242,-0.3162703915855533,-0.08614174938460087,-0.16382352729409141,0.008067216390483222,-0.005286675093448926,0.00539998782164266,1.0025049672532016e-05
-111.19999999999999,0.92,0.025,0.009797958971132711,0.5248792922602417,0.5278473586035246,0.342898196640264,0.2248856373537387,0.38007830898727335,-0.00010188820489066613,0.003955131250075874,1.40974387771173e-06,0.0020517779149369394,3.249958719717268e-06,0.29022903363631947,0.19034320345620445,0.32169828072682816,-8.623817661945982e-05,0.3613772132300103,0.03520622143459247,0.29721393789217365,-0.15698548026142653,-0.16600066510902314,-0.31653858123376594,-0.08618971299977672,-0.16391369420040072,0.00806721639048322,-0.005286675093448924,0.005398300423238254,9.997891932919478e-06
-111.04000000000002,0.92,0.025,0.009797958971132711,0.5248792922602417,0.5278473586035246,0.34353142624430916,0.2248855951864421,0.3804067986587409,-0.00010128856092942431,0.00396023942739177,-1.9382754711349503e-06,0.002052898846922646,3.2463089791373437e-06,0.29076499917318327,0.1903431677658046,0.3219763143847583,-8.573063797066475e-05,0.36187365253179604,0.03494560855792441,0.29747109440714364,-0.1571206200046399,-0.1664831057659308,-0.3168067092873608,-0.08623723341503796,-0.16400301531644815,0.008067216390483222,-0.005286675093448926,0.005396585561149796,9.97069815243052e-06
-110.88,0.92,0.025,0.009797958971132711,0.5248792922602417,0.5278473586035246,0.3441654734575731,0.2248850166442821,0.3807354674942881,-0.000100689451095339,0.003965351364898525,-5.294944306364154e-06,0.002054009152313218,3.242627401039651e-06,0.2913016567344899,0.19034267808772037,0.32225449968716546,-8.522355140709493e-05,0.36237051212200716,0.0346842387057017,0.2977283908243094,-0.15725583412898494,-0.16696639645844047,-0.31707477494774317,-0.08628430863315549,-0.16409148685630753,0.00806721639048322,-0.005286675093448925,0.005394843208668568,9.943468695946228e-06
-110.71999999999997,0.92,0.025,0.009797958971132711,0.5248792922602417,0.5278473586035246,0.3448003388814887,0.22488390034219272,0.3810643137698432,-0.00010009088260884412,0.003970467060125636,-8.660276981182727e-06,0.002055108783776988,3.2389139752337874e-06,0.29183900682929204,0.1903417332496319,0.3225328351747953,-8.471692304012566e-05,0.362867791902204,0.03442211054452727,0.2979858257923084,-0.15739112192836888,-0.16745053823129868,-0.31734277741440226,-0.08633093666068135,-0.16417910504144723,0.008067216390483224,-0.005286675093448925,0.005393073339574477,9.916203929944237e-06
-110.56,0.92,0.025,0.009797958971132711,0.5248792922602417,0.5278473586035246,0.3454360231170927,0.22488224489281036,0.3813933357536746,-9.94928626883529e-05,0.003975586510587254,-1.2034287865239653e-05,0.002056197694076318,3.2351686927352368e-06,0.29237704996630726,0.1903403320772747,0.3228113193819102,-8.42107589794219e-05,0.36336549177269095,0.03415922273936569,0.2982433979537882,-0.15752648269353528,-0.16793553212992327,-0.3176107158849091,-0.0863771155080331,-0.16426586610089175,0.00806721639048322,-0.005286675093448924,0.005391275928137707,9.888904222501549e-06
-110.39999999999998,0.92,0.025,0.009797958971132711,0.5248792922602417,0.5278473586035246,0.3460725267650227,0.22488004890647081,0.3817225317064107,-9.889539855019723e-05,0.00398070971378215,-1.541699134463199e-05,0.0020572758360695898,3.231391545774993e-06,0.2929157866539152,0.1903384733944369,0.32308995083630604,-8.370506533288694e-05,0.3638636116325127,0.033895573953542174,0.29850110594542195,-0.15766191571207203,-0.16842137920040226,-0.3178785895549132,-0.08642284318957698,-0.16435176627138134,0.008067216390483222,-0.005286675093448925,0.00538945094912025,9.861569943296484e-06
-110.24000000000001,0.92,0.025,0.009797958971132711,0.5248792922602417,0.5278473586035246,0.3467098504255149,0.22487731099120695,0.38205189988105676,-9.82984974084306e-05,0.003985836667193682,-1.8808401821914406e-05,0.002058343162713215,3.2275825278101888e-06,0.2934552174001558,0.19033615602295756,0.3233687280593264,-8.319984820649567e-05,0.3643621513794513,0.03363116284874154,0.29875894839792194,-0.15779742026841823,-0.168908080489493,-0.3181463976181395,-0.0864681177237117,-0.16443680179753298,0.00806721639048322,-0.005286675093448925,0.005387598377777486,9.834201463611425e-06
-110.07999999999998,0.92,0.025,0.009797958971132711,0.5248792922602417,0.5278473586035246,0.3473479946984015,0.22487402975274567,0.382381438523015,-9.770216647468229e-05,0.003990967368289757,-2.220853371610702e-05,0.0020593996270636353,3.223741633534082e-06,0.29399534271272704,0.19033337878272394,0.3236476495658799,-8.269511370417109e-05,0.36486111091002366,0.03336598808500695,0.299016923936055,-0.15793299564387236,-0.16939563704462174,-0.3184141392663852,-0.08651293713295193,-0.1645209689320001,0.00806721639048322,-0.005286675093448925,0.005385718189859677,9.806799156334502e-06
-109.92000000000002,0.92,0.025,0.009797958971132711,0.5248792922602417,0.5278473586035246,0.34798696018310854,0.2248702037945057,0.3827111458701031,-9.710641295805736e-05,0.003996101814522803,-2.5617401462703744e-05,0.0020604451822793667,3.2198688588866476e-06,0.29453616309898306,0.19033014049166963,0.32392671386445526,-8.219086792769975e-05,0.36536049011947797,0.03310004832073914,0.2992750311786574,-0.15806864111659985,-0.1698840499138825,-0.31868181368951665,-0.08655729944401364,-0.16460426393563662,0.008067216390483222,-0.005286675093448925,0.005383810361613577,9.779363395963578e-06
-109.75999999999999,0.92,0.025,0.009797958971132711,0.5248792922602417,0.5278473586035246,0.34862674747865297,0.22486583171759478,0.3830410201525746,-9.651124406483022e-05,0.004001240003329731,-2.903501951368012e-05,0.002061479781622994,3.2159642010643498e-06,0.2950776790659319,0.19032643996577223,0.3242059194571391,-8.16871169764723e-05,0.36586028890179084,0.03283334221269528,0.2995332687386505,-0.1582043559616412,-0.17037332014603673,-0.3189494200754668,-0.08660120268789726,-0.16468668307765624,0.008067216390483224,-0.005286675093448927,0.00538187486978387,9.751894558605097e-06
-109.59999999999997,0.92,0.025,0.009797958971132711,0.5248792922602417,0.5278473586035246,0.3492673571836407,0.22486091212080686,0.3833710595931379,-9.591666699848336e-05,0.004006381932131902,-3.2461402337502385e-05,0.002062503378463208,3.2120276585305777e-06,0.2956198911202335,0.19032227601905094,0.3244852648396319,-8.118386694751632e-05,0.36636050714966456,0.032565868415987756,0.2997916352230561,-0.15834013945092,-0.17086344879051207,-0.3192169576102314,-0.08664464489997278,-0.1647682226357957,0.008067216390483222,-0.005286675093448926,0.005379911691614706,9.724393021979592e-06
-109.44,0.92,0.025,0.009797958971132711,0.5248792922602417,0.5278473586035246,0.34990878989626345,0.22485544360061974,0.38370126240697766,-9.53226889594044e-05,0.004011527598335093,-3.5896564419133884e-05,0.0020635159262768358,3.2080592310256476e-06,0.29616279976819737,0.19031764746356455,0.3247647485012659,-8.068112393523989e-05,0.36686114475452347,0.03229762558408343,0.3000501292330126,-0.15847599085325131,-0.17135443689740187,-0.3194844254778666,-0.08668762412006448,-0.16484887889647706,0.008067216390483224,-0.005286675093448927,0.005377920804851177,9.6968591654212e-06
-109.27999999999997,0.92,0.025,0.009797958971132711,0.5248792922602417,0.5278473586035246,0.350551046214297,0.2248494247511923,0.38403162680177544,-9.472931714489254e-05,0.004016676999329466,-3.9340520260044585e-05,0.0020645173786508772,3.2040589195773365e-06,0.296706405515781,0.19031255310940917,0.32504436892502275,-8.017889403143705e-05,0.3673622016065116,0.03202861236880229,0.3003087493637921,-0.15861190943435047,-0.17184628551746425,-0.31975182286048537,-0.08673013839253578,-0.16492864815497096,0.008067216390483224,-0.005286675093448926,0.00537590218774079,9.66929336988291e-06
-109.12,0.92,0.025,0.009797958971132711,0.5248792922602417,0.5278473586035246,0.35119412673509803,0.22484285416436178,0.38436215097772997,-9.413655874878046e-05,0.004021830132489526,-4.2793284378219664e-05,0.0020655076892845447,3.2000267265106084e-06,0.297250708868587,0.19030699176471583,0.32532412458755067,-7.967718332496779e-05,0.36786367759448907,0.03175882742031666,0.3005674942048155,-0.15874789445684084,-0.17233899570212158,-0.32001914893825484,-0.08677218576637455,-0.1650075267155597,0.008067216390483222,-0.005286675093448925,0.005373855819034941,9.641696017934366e-06
-108.95999999999998,0.92,0.025,0.009797958971132711,0.5248792922602417,0.5278473586035246,0.3518380320556019,0.22483573042964136,0.3846928331275796,-9.354442096152663e-05,0.004026986995174096,-4.625487130816496e-05,0.002066486811991289,3.195962655457682e-06,0.2977957103318614,0.19030096223564846,0.3256040139591834,-7.917599790183614e-05,0.36836557260602915,0.03148826938715015,0.30082636233967047,-0.15888394518026336,-0.17283256850345927,-0.320286402889393,-0.08681376429527762,-0.1650855108916993,0.008067216390483224,-0.005286675093448927,0.0053717816779903,9.614067493767067e-06
-108.80000000000001,0.92,0.025,0.009797958971132711,0.5248792922602417,0.5278473586035246,0.35248276277232027,0.22482805213421722,0.3850236714366242,-9.295291096998113e-05,0.004032147584726275,-4.9725295600917946e-05,0.0020674547007008826,3.191866711368545e-06,0.2983414104104919,0.19029446332640146,0.3258840355039587,-7.867534384499203e-05,0.36886788652741553,0.031216936916176267,0.30108535234612854,-0.15902006086108547,-0.17332700497422526,-0.32055358389016536,-0.08685487203773767,-0.1651625970061863,0.008067216390483224,-0.005286675093448925,0.005369679744370325,9.58640818319623e-06
-108.63999999999999,0.92,0.025,0.009797958971132711,0.5248792922602417,0.5278473586035246,0.35312831948133827,0.22481981786294616,0.38535466408274693,-9.236203595715386e-05,0.004037311898473411,-5.320457182405411e-05,0.002068411309461434,3.187738900520456e-06,0.29888780960900474,0.19028749383919763,0.326164187679637,-7.817522723413504e-05,0.36937061924363884,0.030944828652617856,0.30134446279616256,-0.15915624075270965,-0.17382230616782923,-0.3208206911148827,-0.08689550705712738,-0.16523878139131912,0.008067216390483226,-0.005286675093448928,0.005367549998446591,9.558718473660012e-06
-108.48000000000002,0.92,0.025,0.009797958971132711,0.5248792922602417,0.5278473586035246,0.35377470277831236,0.22481102619835283,0.3856858092364367,-9.177180310218739e-05,0.004042479933727058,-5.669271456169537e-05,0.0020693565924414675,3.18357923052846e-06,0.2994349084315636,0.19028005257428585,0.32644446893772006,-7.767565414569141e-05,0.36987377063839394,0.03067194324004571,0.3016036922559637,-0.1592924841054829,-0.17431847313834153,-0.32108772373589695,-0.08693566742178621,-0.1653140603890642,0.008067216390483222,-0.005286675093448927,0.005365392421000252,9.530998754224286e-06
-108.32,0.92,0.025,0.009797958971132711,0.5248792922602417,0.5278473586035246,0.35442191325846734,0.22480167572062698,0.3860171050608123,-9.11822195801806e-05,0.004047651687782952,-6.0189738414518525e-05,0.00207029050393197,3.179387710355055e-06,0.29998270738196675,0.1902721383299387,0.3267248777234716,-7.717663065266486e-05,0.3703773405940764,0.030398279320377728,0.30186303928596075,-0.15942879016670652,-0.1748155069404929,-0.3213546809235988,-0.08697535120510595,-0.16538843035122008,0.008067216390483226,-0.005286675093448927,0.0053632069933233825,9.503249415583056e-06
-108.15999999999997,0.92,0.025,0.009797958971132711,0.5248792922602417,0.5278473586035246,0.35506995151659415,0.22479176500762116,0.38634854971164456,-9.059329256198152e-05,0.004052827157920967,-6.369565799976179e-05,0.002071212998348459,3.1751643503203163e-06,0.3005312069636453,0.19026374990245057,0.32700541247593595,-7.667816282446116e-05,0.37088132899177995,0.03012383553387789,0.30212250244083755,-0.15956515818064498,-0.17531340862967304,-0.32162156184641466,-0.08701455648561682,-0.16546188763958258,0.008067216390483226,-0.005286675093448928,0.005360993697220365,9.475470850059727e-06
-108.0,0.92,0.025,0.009797958971132711,0.5248792922602417,0.5278473586035246,0.3557188181470474,0.2247812926348476,0.38668014133738066,-9.000502921419965e-05,0.004058006341405087,-6.721048795123473e-05,0.002072124030233047,3.1709091621113937e-06,0.30108040767966093,0.19025488608613503,0.32728607162795903,-7.618025672689859e-05,0.37138573571129313,0.029848610519154946,0.30238208026955193,-0.15970158738853615,-0.1758121792619303,-0.32188836567080287,-0.087053281347074,-0.1655344286261104,0.008067216390483226,-0.005286675093448927,0.005358752515009253,9.44766345160976e-06
-107.83999999999997,0.92,0.025,0.009797958971132711,0.5248792922602417,0.5278473586035246,0.35636851374374245,0.22477025717547597,0.38701187807916865,-8.941743669889021e-05,0.004063189235483365,-7.07342429193254e-05,0.0020730235542565072,3.1666221587934687e-06,0.30163031003270363,0.19024554567332286,0.32756685360620835,-7.568291842194068e-05,0.37189056063109605,0.02957260291316181,0.30264177131535497,-0.15983807702860095,-0.17631181989397043,-0.3221550915612512,-0.08709152387854355,-0.1656060496930901,0.008067216390483226,-0.005286675093448928,0.005356483429523065,9.419827615822546e-06
-107.68,0.92,0.025,0.009797958971132711,0.5248792922602417,0.5278473586035246,0.3570190389001531,0.22475865720033036,0.38734375807088106,-8.883052217349685e-05,0.004068375837387896,-7.426693757100707e-05,0.00207391152522036,3.1623033548181587e-06,0.30218091452508955,0.19023572745435963,0.32784775683119377,-7.518615396764774e-05,0.37239580362835745,0.029295811351194193,0.3029015741158095,-0.15997462633605328,-0.17681233158315618,-0.3224217386802738,-0.0871292821744897,-0.16567674723330317,0.008067216390483228,-0.005286675093448928,0.0053541864241111806,9.391963739920369e-06
-107.51999999999998,0.92,0.025,0.009797958971132711,0.5248792922602417,0.5278473586035246,0.3576703942093091,0.22474649127788704,0.3876757794391405,-8.824429279072266e-05,0.004073566144334777,-7.780858658984813e-05,0.0020747878980589326,3.157952766034432e-06,0.30273222165875924,0.1902254302176036,0.32812877971728854,-7.468996941806766e-05,0.3729014645789319,0.02901823446688972,0.3031614872028103,-0.16011123454311038,-0.17731371538750623,-0.3226883061884075,-0.08716655433486091,-0.16574651765019083,0.008067216390483226,-0.005286675093448928,0.005351861482640582,9.364072222762761e-06
-107.36000000000001,0.92,0.025,0.009797958971132711,0.5248792922602417,0.5278473586035246,0.3583225802637934,0.22473375797427142,0.3880079403033443,-8.765875569842076e-05,0.004078760153524075,-8.135920467601811e-05,0.0020756526278414467,3.153570409697867e-06,0.3032842319352747,0.19021465274942334,0.3284099206727506,-7.419437082314334e-05,0.37340754335735615,0.028739870892226838,0.30342150910260324,-0.16024790087900287,-0.17781597236569435,-0.3229547932442095,-0.08720333846517685,-0.1658153573580212,0.008067216390483226,-0.005286675093448927,0.005349508589497184,9.33615346484697e-06
-107.19999999999999,0.92,0.025,0.009797958971132711,0.5248792922602417,0.5278473586035246,0.3589755976557398,0.2247204558532556,0.38834023877569135,-8.707391803933689e-05,0.004083957862139792,-8.49188065462969e-05,0.002076505669774102,3.149156304480568e-06,0.30383694585581816,0.19020339383419554,0.3286911780997452,-7.369936422849475e-05,0.37391403983684635,0.02846071925752387,0.30368163833580647,-0.16038462456998565,-0.17831910357704875,-0.3232211990042538,-0.08723963267661558,-0.16588326278205573,0.00806721639048323,-0.0052866750934489285,0.005347127729587096,9.308207868308007e-06
-107.04000000000002,0.92,0.025,0.009797958971132711,0.5248792922602417,0.5278473586035246,0.3596294469768301,0.22470658347625572,0.38867267296120617,-8.648978695106514e-05,0.004089159267349826,-8.848740693408201e-05,0.0020773469792021585,3.1447104704807926e-06,0.304390363921189,0.19019165225430285,0.3289725503943649,-7.320495567538154e-05,0.3744209538892949,0.028180778191438025,0.30394187341742934,-0.16052140483934796,-0.17882311008155088,-0.32348752262312763,-0.08727543508610047,-0.16595023035871634,0.008067216390483226,-0.005286675093448928,0.0053447188883379,9.280235836921026e-06
-106.88,0.92,0.025,0.009797958971132711,0.5248792922602417,0.5278473586035246,0.3602841288182918,0.22469213940232918,0.3890052409577672,-8.590636956595714e-05,0.004094364366305942,-9.206502058939647e-05,0.002078176511612023,3.1402329292325075e-06,0.3049444866318022,0.19017942679013142,0.32925403594665414,-7.271115120062613e-05,0.37492828538526746,0.02790004632096412,0.3042022128568943,-0.16065824090742473,-0.17932799293983526,-0.3237537632534294,-0.08731074381638727,-0.1660162565357517,0.008067216390483226,-0.005286675093448928,0.005342282051699876,9.252237776102778e-06
-106.71999999999997,0.92,0.025,0.009797958971132711,0.5248792922602417,0.5278473586035246,0.3609396437708953,0.224677122188172,0.3893379408561323,-8.532367301086111e-05,0.004099573156143734,-9.565166227889665e-05,0.0020789942226333426,3.1357237037151537e-06,0.3054993144876858,0.1901667162200688,0.3295356331406304,-7.221795683639285e-05,0.3754360341939993,0.027618522271433837,0.30446265515805737,-0.16079513199160725,-0.17983375321318773,-0.32401992004576485,-0.0873455569961517,-0.16608133777240525,0.008067216390483226,-0.005286675093448928,0.005339817206147249,9.224214092911375e-06
-106.56,0.92,0.025,0.009797958971132711,0.5248792922602417,0.5278473586035246,0.36159599242495144,0.2246615303881164,0.389670770739966,-8.474170440702874e-05,0.004104785633982591,-9.924734678587974e-05,0.0020798000680410994,3.1311828183629417e-06,0.30605484798847893,0.19015351932050173,0.3298173403543072,-7.172537861010913e-05,0.3759442001833928,0.027336204666514614,0.304723198819229,-0.1609320773063537,-0.18034039196354543,-0.324285992148744,-0.08737987276007679,-0.16614547053958265,0.008067216390483226,-0.005286675093448928,0.0053373243386794144,9.196165196047173e-06
-106.39999999999998,0.92,0.025,0.009797958971132711,0.5248792922602417,0.5278473586035246,0.3622531753703089,0.2246453625541277,0.39000372868586763,-8.416047087010363e-05,0.004110001796925661,-0.00010285208891029282,0.0020805940037576976,3.12661029907461e-06,0.3066110876334294,0.1901398348658137,0.3300991559597184,-7.123342254445571e-05,0.3764527832200142,0.02705309212820855,0.3049838423331965,-0.16106907606320167,-0.18084791025349556,-0.32455197870897823,-0.08741368924894014,-0.16620865132001872,0.008067216390483226,-0.005286675093448928,0.0053348034368221,9.168091495855926e-06
-106.24000000000001,0.92,0.025,0.009797958971132711,0.5248792922602417,0.5278473586035246,0.3629111931963515,0.22462861723580202,0.3903368127633983,-8.357997950978094e-05,0.004115221642059818,-0.00010646590346873815,0.002081375985855069,3.1220061732225988e-06,0.3071680339213919,0.19012566162838285,0.33038107832294034,-7.074209465707858e-05,0.37696178316909,0.026769183276851394,0.305244584187245,-0.16120612747077823,-0.1813563091462745,-0.3248178788710769,-0.08744700460970184,-0.16627087660844603,0.008067216390483226,-0.005286675093448927,0.005332254488628588,9.139993404326053e-06
-106.07999999999998,0.92,0.025,0.009797958971132711,0.5248792922602417,0.5278473586035246,0.3635700464919956,0.2246112929803635,0.3906700210351101,-8.300023742979711e-05,0.004120445166455624,-0.00011008880529448311,0.002082145970556776,3.1173704696625643e-06,0.30772568735082506,0.19011099837857967,0.33066310580411723,-7.025140096058028e-05,0.37747119989450445,0.026484476731111817,0.30550542286318044,-0.1613432307348124,-0.18186558970576705,-0.32508369177764457,-0.08747981699559251,-0.16633214291176301,0.008067216390483228,-0.0052866750934489285,0.005329677482680879,9.111871335091264e-06
-105.92000000000002,0.92,0.025,0.009797958971132711,0.5248792922602417,0.5278473586035246,0.3642297358456877,0.2245933883326616,0.3910033515565733,-8.242125172782541e-05,0.0041256723671672935,-0.00011372080923746758,0.0020829039142401017,3.1127032187428016e-06,0.30828404841979007,0.19009584388476478,0.33094523675748366,-6.976134746243142e-05,0.377981033258796,0.026198971107989927,0.3057663568373508,-0.16148038505814616,-0.1823757529965056,-0.3253494165692772,-0.08751212456620021,-0.1663924467492012,0.008067216390483226,-0.005286675093448929,0.005327072408090826,9.083725703431758e-06
-105.75999999999999,0.92,0.025,0.009797958971132711,0.5248792922602417,0.5278473586035246,0.36489026184540163,0.22457490183516843,0.39133680237640667,-8.184302949521013e-05,0.004130903241232664,-0.00011736193016430944,0.0020836497734381615,3.1080044523133126e-06,0.30884311762594796,0.19008019691328656,0.3312274695313906,-6.927194016474585e-05,0.3784912831231543,0.02591266502281648,0.3060273845806701,-0.1616175896407469,-0.18288680008366903,-0.32561505238456,-0.08754392548755913,-0.1664517846524944,0.00806721639048323,-0.0052866750934489285,0.005324439254501279,9.05555692627228e-06
-105.59999999999997,0.92,0.025,0.009797958971132711,0.5248792922602417,0.5278473586035246,0.3655516250786358,0.22455583202797622,0.391670371536306,-8.126557781697557e-05,0.004136137785673153,-0.00012101218295831625,0.002084383504842014,3.1032742037350663e-06,0.30940289546655736,0.19006405622847908,0.33150980246832945,-6.878318506428812e-05,0.37900194934741693,0.025625557089252113,0.3062885045586404,-0.1617548436797189,-0.1833987320330823,-0.3258805983600633,-0.08757521793223752,-0.16651015316604728,0.008067216390483228,-0.005286675093448927,0.005321778012087224,9.027365422184513e-06
-105.44,0.92,0.025,0.009797958971132711,0.5248792922602417,0.5278473586035246,0.366213826132411,0.22453617744879428,0.3920040570710739,-8.06889037716271e-05,0.00414137599749373,-0.00012467158251948897,0.0020851050653027487,3.098512507889102e-06,0.30996338243847266,0.1900474205926595,0.33179223390495693,-6.829508815230518e-05,0.3795130317900663,0.025337645919285726,0.3065497152313754,-0.1618921463693158,-0.18391154991121517,-0.32614605363034005,-0.08760600007942497,-0.16656754884710254,0.008067216390483228,-0.005286675093448927,0.005319088671556841,8.999151611386255e-06
-105.27999999999997,0.92,0.025,0.009797958971132711,0.5248792922602417,0.5278473586035246,0.3668768655932671,0.2245159366329469,0.3923378570086496,-8.011301443098371e-05,0.004146617873682874,-0.0001283401437645318,0.0020858144118336194,3.0937194011857248e-06,0.3105245790381413,0.19003028876612627,0.332074762172121,-6.780765541438461e-05,0.3800245303082266,0.02504893012323422,0.30681101505362385,-0.16202949690095256,-0.18442525478518138,-0.32641141732792234,-0.0876362701150217,-0.16662396826591158,0.008067216390483228,-0.005286675093448927,0.005316371224152654,8.970915915741309e-06
-105.12,0.92,0.025,0.009797958971132711,0.5248792922602417,0.5278473586035246,0.3675407440472612,0.22449510811337012,0.3926717693701401,-7.953791686008898e-05,0.004151863411212545,-0.00013201788162685914,0.0020865115016121343,3.0888949215735072e-06,0.3110864857616019,0.19001265950715648,0.3323573855948866,-6.732089283037932e-05,0.38053644475766035,0.024759408309740823,0.3070724024747937,-0.1621668944632184,-0.18493984772273808,-0.32667668858331855,-0.08766602623172567,-0.16667940800590175,0.00806721639048323,-0.005286675093448928,0.005313625661652542,8.94265875875998e-06
-104.95999999999998,0.92,0.025,0.009797958971132711,0.5248792922602417,0.5278473586035246,0.3682054620799645,0.22447369042060944,0.3930057921698502,-7.896361811709867e-05,0.004157112607038141,-0.00013570481105660323,0.002087196291982181,3.084039108547944e-06,0.31164910310448196,0.18999453157200383,0.3326401024925612,-6.683480637431231e-05,0.38104877499276574,0.0244690790857745,0.3073338759389761,-0.16230433824188895,-0.1854553297922844,-0.3269418665250097,-0.08769526662912165,-0.16673386466384618,0.00806721639048323,-0.005286675093448927,0.005310851976370844,8.914380565598435e-06
-104.80000000000001,0.92,0.025,0.009797958971132711,0.5248792922602417,0.5278473586035246,0.36887102027645957,0.22445168208281693,0.3933399234153136,-7.839012525310009e-05,0.004162365458098471,-0.00013940094702062148,0.0020878687404561323,3.07915200316087e-06,0.3122124315619954,0.18997590371489625,0.33292291117872147,-6.634940201422392e-05,0.38156152086657275,0.024177941056628793,0.3075954338849691,-0.16244182741993915,-0.18597170206286118,-0.32720695027944674,-0.08772398951376903,-0.1667873348500325,0.008067216390483228,-0.005286675093448927,0.0053080501611593705,8.886081763059125e-06
-104.63999999999999,0.92,0.025,0.009797958971132711,0.5248792922602417,0.5278473586035246,0.36953741922133804,0.22442908162574865,0.39367416110732506,-7.781744531197733e-05,0.004167621961315711,-0.00014310630450250478,0.002088528804716956,3.0742336480285486e-06,0.3127764716289405,0.18995677468803365,0.33320580996123994,-6.586468571205762e-05,0.38207468223074065,0.023885992825920813,0.30785707474630364,-0.16257936117755623,-0.18648896560414951,-0.3274719389710473,-0.08775219309929018,-0.16683981518843138,0.008067216390483226,-0.005286675093448926,0.005305220209408415,8.857762779588485e-06
-104.48000000000002,0.92,0.025,0.009797958971132711,0.5248792922602417,0.5278473586035246,0.3702046594986976,0.22440588757276195,0.3940085032399713,-7.724558533031835e-05,0.0041728821135953754,-0.0001468208985025838,0.0020891764426203387,3.0692840873410654e-06,0.31334122379969764,0.18993714324158573,0.3334887971423117,-6.538066342358145e-05,0.38258825893555404,0.023593232995590283,0.30811879695126704,-0.16271693869215237,-0.1870071214864703,-0.3277368317221924,-0.08777987560645913,-0.16689130231686666,0.008067216390483226,-0.005286675093448926,0.005302362115047796,8.82942404527861e-06
-104.32,0.92,0.025,0.009797958971132711,0.5248792922602417,0.5278473586035246,0.37087274169213963,0.22438209844481272,0.394342947800664,-7.667455233724806e-05,0.004178145911826276,-0.0001505447440379378,0.002089811612196796,3.064303366870566e-06,0.313906688568227,0.1899170081236895,0.333771871018482,-6.489734109824676e-05,0.3831022508299206,0.023299660165898423,0.3083805989229294,-0.16285455913837849,-0.18752617078078315,-0.32800162765322327,-0.08780703526328977,-0.16694179288718383,0.008067216390483226,-0.005286675093448926,0.005299475872547815,8.801065991864995e-06
-104.15999999999997,0.92,0.025,0.009797958971132711,0.5248792922602417,0.5278473586035246,0.37154166638476627,0.22435771276045283,0.3946774927701715,-7.610435335431128e-05,0.004183413352880491,-0.00015427785614240098,0.0020904342716537784,3.0592915339799165e-06,0.3144728664280662,0.18989636808044727,0.33405502988067315,-6.441472467908907e-05,0.38361665776136705,0.0230052729354272,0.3086424790791683,-0.16299222168813696,-0.18804611455868536,-0.3282663258824384,-0.08783367030512405,-0.1669912835654189,0.008067216390483226,-0.005286675093448926,0.005296561476920225,8.772689052726147e-06
-104.0,0.92,0.025,0.009797958971132711,0.5248792922602417,0.5278473586035246,0.37221143415917785,0.22433272903582743,0.3950121361226528,-7.553499539532831e-05,0.004188684433613323,-0.00015802024986657056,0.0020910443793778124,3.05424863763132e-06,0.31503975787232813,0.18987522185592434,0.33433827201421334,-6.393282010260589e-05,0.3841314795760363,0.02271006990107802,0.3089044358326953,-0.1631299255105955,-0.18856695389241127,-0.32853092552609,-0.08785977897472136,-0.1670397710319692,0.008067216390483226,-0.005286675093448926,0.0052936189237192295,8.744293662882709e-06
-103.83999999999997,0.92,0.025,0.009797958971132711,0.5248792922602417,0.5278473586035246,0.37288204559747035,0.22430714578467226,0.3953468758256899,-7.49664854662658e-05,0.00419395915086327,-0.00016177194027781433,0.0020916418939365884,3.04917472839445e-06,0.31560736339369894,0.1898535681921466,0.33462159569886396,-6.345163329864738e-05,0.3846467161186846,0.02241404965807103,0.3091664675910813,-0.1632676697722007,-0.18908868985483113,-0.32879542569838116,-0.08788535952234584,-0.1670872519817609,0.008067216390483226,-0.005286675093448924,0.0052906482090423574,8.715880258995685e-06
-103.68,0.92,0.025,0.009797958971132711,0.5248792922602417,0.5278473586035246,0.3735535012812324,0.2242809615183108,0.39568170984032125,-7.439883056507569e-05,0.0041992375014519865,-0.00016553294246027803,0.0020922267740810896,3.044069858455183e-06,0.3161756834844351,0.18983140582909827,0.3349049992088479,-6.297117019028006e-05,0.3851623672326775,0.02211721079994378,0.3094285727567829,-0.16340545363669148,-0.18961132351945043,-0.32905982551146246,-0.08791041020585556,-0.16713372312441876,0.008067216390483228,-0.005286675093448927,0.005287649329531424,8.687449279365803e-06
-103.51999999999998,0.92,0.025,0.009797958971132711,0.5248792922602417,0.5278473586035246,0.3742258017915429,0.22425417474565187,0.3960166361210772,-7.383203768158476e-05,0.004204519482184243,-0.00016930327151489202,0.0020927989787477195,3.0389340816233833e-06,0.31674471863636194,0.18980873350471975,0.3351884808128797,-6.249143669369334e-05,0.38567843275998737,0.02181955191855052,0.3096907497271704,-0.1635432762651137,-0.1901348559604086,-0.3293241240754288,-0.08793492929079129,-0.16717918118443686,0.008067216390483228,-0.005286675093448928,0.00528462228237344,8.659001163931188e-06
-103.36000000000001,0.92,0.025,0.009797958971132711,0.5248792922602417,0.5278473586035246,0.374898947708968,0.22422678397318666,0.3963516526160119,-7.326611379737788e-05,0.0042098050898479,-0.00017308294255937912,0.00209335846706039,3.0337674533413683e-06,0.3173144693408705,0.18978554995490518,0.3354720387741925,-6.201243871810064e-05,0.38619491254118965,0.021521071604061137,0.30995299689455225,-0.16368113681583324,-0.1906592882524784,-0.3295883204983164,-0.087958915050464,-0.16722362290134507,0.00806721639048323,-0.005286675093448927,0.0052815670653014535,8.630536354266827e-06
-103.19999999999999,0.92,0.025,0.009797958971132711,0.5248792922602417,0.5278473586035246,0.3755729396135586,0.22419878770498627,0.3966867572667405,-7.270106588560513e-05,0.004215094321213862,-0.00017687197072826293,0.0020939051983326702,3.028570030692032e-06,0.317884936088916,0.1897618539135004,0.3357556713505692,-6.153418216557619e-05,0.38671180641546005,0.02122176844496007,0.3102153126462044,-0.16381903444455118,-0.19118462147106505,-0.3298524138860993,-0.08798236576604465,-0.16726704502988135,0.008067216390483228,-0.005286675093448926,0.0052784836765954754,8.60205529358212e-06
-103.04000000000002,0.92,0.025,0.009797958971132711,0.5248792922602417,0.5278473586035246,0.3762477780848477,0.224170184442699,0.39702194800847207,-7.213690091089467e-05,0.004220387173036047,-0.00018067037117287384,0.0020944391320698785,3.023341872406341e-06,0.31845611937101514,0.18973764411230046,0.3360393767943708,-6.105667293098126e-05,0.3872291142205711,0.020921641028045425,0.3104776953643964,-0.16395696830431733,-0.19171085669220503,-0.33011640334268644,-0.08800527972665181,-0.1673094443401588,0.008067216390483224,-0.005286675093448926,0.005275372115083296,8.573558426718428e-06
-102.88,0.92,0.025,0.009797958971132711,0.5248792922602417,0.5278473586035246,0.3769234637018474,0.22414097268554736,0.3973572227700464,-7.157362582916634e-05,0.004225683642051352,-0.00018447815906135604,0.002094960227971198,3.018083038871787e-06,0.3190280196772437,0.1897129192810473,0.3363231533525673,-6.057991690180639e-05,0.3877468357928888,0.0206206879384278,0.31074014342642003,-0.16409493754554536,-0.19223799499256533,-0.33038028796991825,-0.08802765522944002,-0.16735081761783493,0.008067216390483228,-0.005286675093448926,0.0052722323801412995,8.545046200147719e-06
-102.71999999999997,0.92,0.025,0.009797958971132711,0.5248792922602417,0.5278473586035246,0.3775999970430465,0.22411115093032585,0.39769257947396863,-7.101124758752026e-05,0.004230983724979609,-0.00018829534957867652,0.0020954684459318085,3.0127935921398018e-06,0.31960063749723455,0.18968767814742782,0.33660699926676707,-6.010391995807715e-05,0.38826497096736956,0.02031890775952964,0.3110026552046162,-0.16423294131602686,-0.19276603744944237,-0.33064406686756365,-0.08804949057968912,-0.16739116166428236,0.008067216390483228,-0.005286675093448925,0.005269064471695343,8.516519061969733e-06
-102.56,0.92,0.025,0.009797958971132711,0.5248792922602417,0.5278473586035246,0.3782773786864073,0.22408071767139795,0.398028016036446,-7.044977312411085e-05,0.004236287418523556,-0.00019212195792663131,0.00209596374604498,3.0074735959335972e-06,0.32017397332017516,0.18966191943707122,0.3368909127732479,-5.962868797224743e-05,0.38878351957755697,0.020016299073084026,0.3112652290664043,-0.1643709787609467,-0.1932949851407613,-0.33090773913331667,-0.08807078409089175,-0.16743047329675587,0.008067216390483228,-0.005286675093448927,0.0052658683902214905,8.487977461910057e-06
-102.39999999999998,0.92,0.025,0.009797958971132711,0.5248792922602417,0.5278473586035246,0.3789556092093637,0.22404967140069346,0.398363530367424,-6.988920936801206e-05,0.004241594719368798,-0.00019595799932385202,0.002096446088604201,3.0021231156556612e-06,0.3207480276348055,0.18963564187354695,0.3371748921029877,-5.9154226809085405e-05,0.38930248145557866,0.019712860459133494,0.31152786337431,-0.16450904902289723,-0.1938248391450747,-0.33117130386279325,-0.08809153408484252,-0.16746874934856287,0.008067216390483226,-0.005286675093448926,0.005262644136746841,8.459421851317333e-06
-102.24000000000001,0.92,0.025,0.009797958971132711,0.5248792922602417,0.5278473586035246,0.3796346891888174,0.22401801060770588,0.3986991203706229,-6.932956323898293e-05,0.0042469056241837685,-0.0001998034890058146,0.0020969154341052704,2.9967422183953375e-06,0.32132280092941506,0.18960884417836227,0.3374589354816952,-5.868054232547516e-05,0.3898218564321423,0.019408590496029523,0.31179055648599413,-0.164647151241894,-0.19435560054156198,-0.33143476014952794,-0.08811173889172547,-0.16750598666923075,0.008067216390483226,-0.005286675093448925,0.0052593917128502445,8.430852683159432e-06
-102.07999999999998,0.92,0.025,0.009797958971132711,0.5248792922602417,0.5278473586035246,0.3803146192011359,0.2239857337794897,0.39903478394357506,-6.877084164738715e-05,0.0042522201296197005,-0.00020365844222484602,0.0020973717432484287,2.99133097293612e-06,0.3218982936918414,0.18958152507096007,0.33774304112984194,-5.820764037034849e-05,0.39034164433653323,0.019103487760431193,0.312053306754282,-0.16478528455539054,-0.1948872704100283,-0.3316981070849713,-0.08813139685020326,-0.16754218212467706,0.008067216390483228,-0.005286675093448926,0.005256111120663097,8.402270412021048e-06
-101.92000000000002,0.92,0.025,0.009797958971132711,0.5248792922602417,0.5278473586035246,0.3809953998221495,0.22395283940065763,0.3993705189776621,-6.821305149415545e-05,0.004257538232310579,-0.0002075228742501302,0.0020978149769404516,2.9858894497629393e-06,0.3224745064094674,0.18955368326871663,0.33802720726269325,-5.773552678465317e-05,0.390861844996611,0.018797550827304242,0.3123161125271923,-0.1649234480982938,-0.1954198498309034,-0.33196134375848557,-0.0881505063075049,-0.16757733259737712,0.008067216390483226,-0.005286675093448926,0.00525280236287003,8.373675494101917e-06
-101.75999999999999,0.92,0.025,0.009797958971132711,0.5248792922602417,0.5278473586035246,0.38167703162714867,0.22391932595337807,0.3997063233581531,-6.765619967042432e-05,0.004262859928873114,-0.00021139680036771712,0.002098245096296758,2.980417721069435e-06,0.32305143956921867,0.1895253174869392,0.3383114320903408,-5.726420740104715e-05,0.3913824582388055,0.01849077826992026,0.31257897214796715,-0.16506164100297954,-0.1959533398852411,-0.3322244692573425,-0.08816906561951392,-0.16761143498653258,0.008067216390483226,-0.005286675093448925,0.0052494654427096285,8.345068387210822e-06
-101.59999999999997,0.92,0.025,0.009797958971132711,0.5248792922602417,0.5278473586035246,0.38235951519088096,0.22388519191737227,0.40004219496424165,-6.710029305752832e-05,0.0042681852159067,-0.0002152802358805284,0.002098662062643521,2.9749158607648733e-06,0.32362909365756165,0.1894964264388639,0.3385957138177341,-5.679368804389197e-05,0.3919034838881147,0.01818316865985566,0.3128418839551012,-0.16519986239930806,-0.1964877416547179,-0.3324874826667197,-0.08818707315085672,-0.16764448620824002,0.008067216390483228,-0.005286675093448926,0.005246100363975131,8.316449550763495e-06
-101.44,0.92,0.025,0.009797958971132711,0.5248792922602417,0.5278473586035246,0.38304285108754865,0.22385043576991157,0.4003781316690852,-6.654533852685555e-05,0.004273514089993378,-0.00021917319610836546,0.002099065837519764,2.969383944481101e-06,0.3242074691605012,0.18946700883565315,0.3388800506447137,-5.632397452913054e-05,0.39242492176810023,0.017874720566990444,0.3131048462823724,-0.16533811141463972,-0.19702305622163216,-0.332750383069697,-0.08820452727499051,-0.16767648319565887,0.008067216390483226,-0.005286675093448925,0.005242707131015095,8.287819445778877e-06
-101.27999999999997,0.92,0.025,0.009797958971132711,0.5248792922602417,0.5278473586035246,0.3837270398908054,0.2238150559858149,0.4007141313398438,-6.59913429396144e-05,0.004278846547697801,-0.00022307569638791634,0.002099456382679461,2.963822049579648e-06,0.32478656656357774,0.18943706338639374,0.3391644407660438,-5.585507266408963e-05,0.3929467717008849,0.017565432559507724,0.31336785745887225,-0.16547638717385116,-0.19755928466890316,-0.33301316954725396,-0.08822142637429098,-0.16770742289917917,0.008067216390483228,-0.005286675093448925,0.005239285748734025,8.259178534874676e-06
-101.12,0.92,0.025,0.009797958971132711,0.5248792922602417,0.5278473586035246,0.38441208217375433,0.22377905103744586,0.4010501918377182,-6.543831314677576e-05,0.004284182585567197,-0.0002269877520727628,0.002099833660093644,2.9582302551579366e-06,0.32536638635186566,0.1894065887980942,0.33944888237144466,-5.5386988247431e-05,0.3934690335071492,0.017255303203892118,0.3136309158090361,-0.1656146887993509,-0.19809642808007022,-0.33327584117826614,-0.08823776884014078,-0.16773730228658998,0.00806721639048323,-0.005286675093448926,0.0052358362225930636,8.230527282263158e-06
-100.95999999999998,0.92,0.025,0.009797958971132711,0.5248792922602417,0.5278473586035246,0.3850979785089443,0.22374241939471032,0.4013863110179902,-6.488625598881416e-05,0.004289522200131331,-0.00023090937853338645,0.002100197631952485,2.952608642056292e-06,0.32594692900997047,0.1893755837756828,0.33973337364562695,-5.491972706893231e-05,0.39399170700612773,0.01694433106492951,0.31389401965267405,-0.1657530154110957,-0.19863448753929142,-0.33353839703950217,-0.08825355307301667,-0.16776611834324606,0.008067216390483224,-0.005286675093448926,0.005232358558610551,8.201866153746347e-06
-100.80000000000001,0.92,0.025,0.009797958971132711,0.5248792922602417,0.5278473586035246,0.3857847294683677,0.22370515952505327,0.40172248673006167,-6.433517829565388e-05,0.004294865387902471,-0.000234840591157177,0.0021005482606674037,2.9469572928644797e-06,0.32652819502202646,0.18934404702200508,0.3400179127683242,-5.445329490944144e-05,0.39451479201560646,0.01663251470570532,0.3141571673050022,-0.16589136612660663,-0.19917346413134288,-0.3338008362056201,-0.08826877748257769,-0.16779386807223626,0.008067216390483224,-0.005286675093448925,0.00522885276336267,8.173195616712884e-06
-100.63999999999999,0.92,0.025,0.009797958971132711,0.5248792922602417,0.5278473586035246,0.3864723356234575,0.2236672698934565,0.4020587168174955,-6.378508688654959e-05,0.004300212145375345,-0.00023878140534843925,0.0021008855088731375,2.9412762919275224e-06,0.32711018487169446,0.1893119772378216,0.3403024979143282,-5.398769754077558e-05,0.3950382883519187,0.01631985268760422,0.3144203570766742,-0.16602974006098606,-0.19971335894161774,-0.3340631577491645,-0.08828344048775205,-0.16782054849454897,0.008067216390483224,-0.005286675093448924,0.005225318843983954,8.144516140132274e-06
-100.48000000000002,0.92,0.025,0.009797958971132711,0.5248792922602417,0.5278473586035246,0.3871607975450843,0.22362874896243579,0.40239499911805454,-6.323598856966554e-05,0.004305562469027113,-0.0002427318365283992,0.002101209339429853,2.935565725352627e-06,0.32769289904215937,0.18927937312180565,0.34058712725352136,-5.3522940725364916e-05,0.39556219582994223,0.016006343570308605,0.31468358727381246,-0.1661681363269333,-0.200254173056125,-0.33432536074056324,-0.08829754051682545,-0.16784615664924107,0.008067216390483224,-0.005286675093448926,0.0052217568081679416,8.115828194548207e-06
-100.32,0.92,0.025,0.009797958971132711,0.5248792922602417,0.5278473586035246,0.3878501158035539,0.22358959519203805,0.40273133146374357,-6.268789014225045e-05,0.004310916355317321,-0.0002466919001352112,0.0021015197154252126,2.9298256810148927e-06,0.32827633801612804,0.18924623337054103,0.3408717989509126,-5.305903021640079e-05,0.39608651426309616,0.01569198591179805,0.31494685619804025,-0.16630655403476188,-0.2007959075614888,-0.3345874442481238,-0.08831107600752774,-0.16787068959360316,0.008067216390483222,-0.005286675093448925,0.005218166664167639,8.087132252076588e-06
-100.15999999999997,0.92,0.025,0.009797958971132711,0.5248792922602417,0.5278473586035246,0.3885402909686038,0.22354980703983887,0.4030677116808494,-6.214079839030132e-05,0.004316273800687871,-0.00025066161162396605,0.0021018166001764635,2.9240562485631255e-06,0.3288605022758263,0.18921255667851963,0.34115651116667095,-5.259597175755104e-05,0.39661124346333715,0.015376778268348145,0.3152101621465136,-0.16644499229241622,-0.20133856354494709,-0.33484940733803054,-0.08832404540712045,-0.16789414440332623,0.008067216390483222,-0.005286675093448925,0.005214548420796084,8.058428786397386e-06
-100.0,0.92,0.025,0.009797958971132711,0.5248792922602417,0.5278473586035246,0.38923132360940116,0.22350938296093956,0.40340413758998267,-6.159472008838659e-05,0.004321634801562977,-0.0002546409864666963,0.0021020999572325086,2.918257519426311e-06,0.32944539230299713,0.18917834173813924,0.3414412620561613,-5.213377108281041e-05,0.3971363832411561,0.015060719194529512,0.315473503411954,-0.1665834502054883,-0.20188214209435082,-0.33511124907434103,-0.08833644717248355,-0.1679165181726676,0.008067216390483224,-0.005286675093448924,0.005210902087426826,8.02971827275029e-06
-99.83999999999997,0.92,0.025,0.009797958971132711,0.5248792922602417,0.5278473586035246,0.38992321429453947,0.2234683214079646,0.4037406070061195,-6.104966199949811e-05,0.0043269993543491375,-0.0002586300401523845,0.002102369750375988,2.91242958681876e-06,0.3300310085788982,0.18914358723970126,0.34172604976997956,-5.1672433916375205e-05,0.3976619334055753,0.014743807243206886,0.31573687828268093,-0.1667219268772352,-0.202426644298163,-0.33537296851898324,-0.08834827977020274,-0.1679378080146172,0.008067216390483226,-0.005286675093448926,0.005207227673994418,8.001001187927549e-06
-99.68,0.92,0.025,0.009797958971132711,0.5248792922602417,0.5278473586035246,0.3906159635920358,0.2234266208310589,0.40407711773864274,-6.0505630875001603e-05,0.004332367455435086,-0.0002626287881869688,0.0021026259436253397,2.906572545745871e-06,0.3306173515842991,0.18910829187140826,0.34201087245398726,-5.121196597260136e-05,0.3981878937641449,0.014426040965538288,0.3160002850426445,-0.16686042140859572,-0.2029720712454575,-0.3356345647317515,-0.08835954167665576,-0.16795801106106217,0.008067216390483224,-0.005286675093448925,0.005203525190994875,7.972278010269793e-06
-99.51999999999998,0.92,0.025,0.009797958971132711,0.5248792922602417,0.5278473586035246,0.3913095720693281,0.22338427967788502,0.4044136675913853,-5.996263345427469e-05,0.0043377391011917635,-0.0002666372460933514,0.0021028685012368822,2.9006864930098087e-06,0.3312044217994793,0.1890724543193619,0.34229572824934856,-5.07523729556981e-05,0.39871426412293887,0.014107418910973838,0.3162637219714588,-0.1669989328982083,-0.20351842402591816,-0.3358960367703042,-0.08837023137809978,-0.16797712446295351,0.008067216390483224,-0.005286675093448925,0.005199794649486142,7.94354921965767e-06
-99.36000000000001,0.92,0.025,0.009797958971132711,0.5248792922602417,0.5278473586035246,0.3920040402932721,0.22334129639362046,0.40475025436267115,-5.942067646470299e-05,0.004343114287972278,-0.0002706554294114034,0.0021030973877068488,2.8947715272143586e-06,0.33179221970422557,0.18903607326756036,0.3425806152925649,-5.029366055972461e-05,0.3992410442865527,0.013787939627254941,0.3165271873444347,-0.16713746044242753,-0.20406570372983768,-0.3361573836901598,-0.08838034737075667,-0.16799514539046848,0.008067216390483224,-0.005286675093448924,0.00519603606108847,7.914815297506277e-06
-99.19999999999999,0.92,0.025,0.009797958971132711,0.5248792922602417,0.5278473586035246,0.3926993688301387,0.22329766942095508,0.4050868758453602,-5.887976662137067e-05,0.004348493012111866,-0.0002746833536979736,0.0021033125677734736,2.888827748770513e-06,0.3323807457778294,0.1889991473978964,0.3428655317155129,-4.9835834468328136e-05,0.3997682340580993,0.013467601660413326,0.3167906794326146,-0.16727600313534285,-0.2046139114481166,-0.33641860454469386,-0.08838988816090043,-0.16801207103317745,0.008067216390483224,-0.005286675093448925,0.005192249437984866,7.886076726757513e-06
-99.04000000000002,0.92,0.025,0.009797958971132711,0.5248792922602417,0.5278473586035246,0.39339555824561095,0.22325339720008827,0.4054235298268893,-5.833991062699222e-05,0.004353875269927857,-0.00027872103452689366,0.002103514006419027,2.8828552599013447e-06,0.33297000049908515,0.1889616753901547,0.3431504756454791,-4.937890035468622e-05,0.4002958332392062,0.013146403554770024,0.31705419650280464,-0.16741456006879527,-0.2051630482722625,-0.33667969838513556,-0.0883988522649426,-0.1680278986002067,0.008067216390483224,-0.005286675093448925,0.005188434792921462,7.857333991874001e-06
-98.88,0.92,0.025,0.009797958971132711,0.5248792922602417,0.5278473586035246,0.39409260910478133,0.22320847816872613,0.4057602140893173,-5.780111517168122e-05,0.004359261057719632,-0.0002827684874889857,0.0021037016688718675,2.87685416464689e-06,0.3335599843462869,0.1889236559220098,0.34343544520519814,-4.8922863881310986e-05,0.4008238416300116,0.012824343852934452,0.3173177368176102,-0.16755313033239563,-0.20571311529438854,-0.3369406642605647,-0.08840723820951828,-0.16804262532040212,0.008067216390483222,-0.0052866750934489224,0.005184592139207866,7.828587578831002e-06
-98.71999999999997,0.92,0.025,0.009797958971132711,0.5248792922602417,0.5278473586035246,0.39479052197214864,0.223162910762079,0.40609692640936784,-5.726338693274367e-05,0.004364650371768593,-0.00028682572819206935,0.002103875520608491,2.8708245688690663e-06,0.3341506977972266,0.18888508766902368,0.34372043851288897,-4.8467730699874246e-05,0.40135225902916133,0.012501421095803628,0.3175812986354693,-0.16769171301354235,-0.2062641136072129,-0.33720150121790815,-0.08841504453157215,-0.16805624844249326,0.008067216390483226,-0.005286675093448923,0.00518072149071754,7.799837975108932e-06
-98.56,0.92,0.025,0.009797958971132711,0.5248792922602417,0.5278473586035246,0.39548929741161537,0.22311669341285856,0.40643366455847363,-5.6726732574601836e-05,0.004370043208338117,-0.0002908927722609679,0.0021040355273555596,2.864766580255818e-06,0.3347421413291913,0.18884596930464348,0.3440054536822921,-4.8013506451142995e-05,0.4018810852338056,0.012177633822560839,0.31784488021068713,-0.16783030719743947,-0.20681604430405726,-0.33746220830193663,-0.08842226977844352,-0.16806876523525527,0.008067216390483222,-0.005286675093448923,0.00517682286188809,7.771085669685773e-06
-98.39999999999998,0.92,0.025,0.009797958971132711,0.5248792922602417,0.5278473586035246,0.39618893598648464,0.22306982455127516,0.4067704263028217,-5.61911587484635e-05,0.0043754395636735255,-0.0002949696353375143,0.0021041816550919404,2.8586803083260945e-06,0.33533431541896064,0.1888062995001993,0.3442904888227083,-4.756019676469951e-05,0.40241032003959504,0.011852980570675166,0.3181084797934719,-0.1679689119671153,-0.207368908478846,-0.3377227845552614,-0.08842891250795197,-0.16808017298767206,0.008067216390483224,-0.005286675093448924,0.005172896267721578,7.742331153028383e-06
-98.24000000000001,0.92,0.025,0.009797958971132711,0.5248792922602417,0.5278473586035246,0.39688943825945744,0.22302230260503506,0.4071072094033962,-5.5656672092275765e-05,0.004380839434002043,-0.00029905633308055995,0.002104313870050739,2.85256586443381e-06,0.33592722054280477,0.1887660769249017,0.34457554203903457,-4.710780725890221e-05,0.40293996324067827,0.011527459875900087,0.3183720956299683,-0.1681075264034398,-0.20792270722610545,-0.3379832290183313,-0.08843497128848253,-0.16809046900909844,0.008067216390483224,-0.005286675093448923,0.005168941723784846,7.713574917085192e-06
-98.07999999999998,0.92,0.025,0.009797958971132711,0.5248792922602417,0.5278473586035246,0.39759080479262965,0.2229741259993378,0.4074440116160251,-5.512327923038808e-05,0.00438624281553276,-0.0003031528811659784,0.0021044321387213073,2.8464233617722805e-06,0.3365208571764817,0.18872530024583953,0.3448606114318037,-4.6656343540600476e-05,0.40347001462969745,0.011201070272272863,0.3186357259622936,-0.1682461495851436,-0.20847744164096207,-0.33824354072942864,-0.08844044469907018,-0.16809965062942092,0.008067216390483224,-0.005286675093448923,0.005164959246209718,7.684817455276407e-06
-97.92000000000002,0.92,0.025,0.009797958971132711,0.5248792922602417,0.5278473586035246,0.3982930361474892,0.22292529315687346,0.40778083069142396,-5.459098677349483e-05,0.004391649704456595,-0.00030725929528667515,0.0021045364278512724,2.840252915377774e-06,0.33711522579523484,0.1886839681279777,0.34514569509722126,-4.6205811205086024e-05,0.4040004739977859,0.010873810292113484,0.31889936902857274,-0.1683847805888363,-0.20903311281914222,-0.33850371872466695,-0.08844533132948472,-0.16810771519921971,0.008067216390483224,-0.005286675093448922,0.005160948851693295,7.656059262485838e-06
-97.75999999999999,0.92,0.025,0.009797958971132711,0.5248792922602417,0.5278473586035246,0.3989961328849129,0.22287580249781974,0.40811766437524283,-5.40598013183815e-05,0.004397060096946258,-0.0003113755911525925,0.0021046267044485412,2.8340546421336738e-06,0.3377103268737903,0.18864207923415463,0.34543079112720554,-4.57562158358781e-05,0.4045313411345635,0.010545678466023674,0.31916302306297445,-0.16852341848902525,-0.20958972185697064,-0.33876376203798686,-0.0884496297803152,-0.16811466008992873,0.008067216390483224,-0.005286675093448923,0.005156910557498143,7.627300835051819e-06
-97.59999999999997,0.92,0.025,0.009797958971132711,0.5248792922602417,0.5278473586035246,0.399700095565164,0.2228256524398395,0.40845451040811076,-5.352972944768678e-05,0.004402473989156209,-0.0003155017844907151,0.0021047029357833063,2.8278286607743186e-06,0.33830616088635485,0.18859963222508017,0.34571589760942495,-4.530756300452209e-05,0.40506261582813463,0.010216673322886123,0.3194266862957467,-0.16866206235813427,-0.21014726985136917,-0.33902366970115283,-0.08845333866305395,-0.1681204826939961,0.008067216390483226,-0.005286675093448923,0.005152844381452519,7.598542670757775e-06
-97.44,0.92,0.025,0.009797958971132711,0.5248792922602417,0.5278473586035246,0.40040492474788886,0.2227748413980779,0.408791366525682,-5.300077772979671e-05,0.0044078913772226235,-0.00031963789104507903,0.002104765089390045,2.8215750918878788e-06,0.33890272830661317,0.18855662575933316,0.34600101262733723,-4.485985827049994e-05,0.40559429786508355,0.009886793389863233,0.3196903569532522,-0.16880071126652188,-0.21070575789985635,-0.3392834407437504,-0.08845645660018071,-0.16812518042504376,0.008067216390483226,-0.005286675093448923,0.005148750341950552,7.569785268822226e-06
-97.27999999999997,0.92,0.025,0.009797958971132711,0.5248792922602417,0.5278473586035246,0.4011106209921142,0.2227233677851597,0.4091282304586839,-5.247295271854493e-05,0.004413312257263356,-0.0003237839265767769,0.0021048131330695095,2.8152940579203927e-06,0.33950002960772546,0.18851305849335917,0.3462861342602301,-4.441310718097643e-05,0.4061263870304719,0.009556037192396645,0.3199540332580068,-0.1689393642825017,-0.2112651871005459,-0.3395430741931824,-0.08845898222524597,-0.1681287507180265,0.008067216390483224,-0.0052866750934489224,0.005144628457952379,7.5410291298893266e-06
-97.12,0.92,0.025,0.009797958971132711,0.5248792922602417,0.5278473586035246,0.40181718485624407,0.22267123001118644,0.409465099932961,-5.1946260953043944e-05,0.0044187366253778965,-0.00032793990686396393,0.0021048470348907114,2.8089856831784613e-06,0.340098065262325,0.1884689290814682,0.3465712605832582,-4.39673152706564e-05,0.4066588831078347,0.009224403254205834,0.3202177134287133,-0.16907802047235976,-0.21182555855214547,-0.33980256907466594,-0.08846091418295456,-0.1681311910293904,0.008067216390483228,-0.005286675093448924,0.005140478748984319,7.512274756018018e-06
-96.95999999999998,0.92,0.025,0.009797958971132711,0.5248792922602417,0.5278473586035246,0.402524616898057,0.2226184264837339,0.4098019726695243,-5.142070895748044e-05,0.0044241644776473335,-0.00033210584770186456,0.0021048667631929064,2.802650093832635e-06,0.34069683574251547,0.18842423617583237,0.3468563896674854,-4.352248806161145e-05,0.4071917858791772,0.008891890097287533,0.3204813956803005,-0.16921667890037512,-0.21238687335395595,-0.34006192441122846,-0.08846225112924895,-0.1681324988372315,0.008067216390483226,-0.005286675093448924,0.005136301235138976,7.483522650672515e-06
-96.80000000000001,0.92,0.025,0.009797958971132711,0.5248792922602417,0.5278473586035246,0.40323291767470315,0.2225649556078492,0.4101388463845965,-5.089630324093994e-05,0.00442959581013432,-0.0003362817649027805,0.002104872286587551,2.7962874179199204e-06,0.34129634151986876,0.18837897842648357,0.3471415195799225,-4.307863106313157e-05,0.4077250951249713,0.008558496241914617,0.32074507822395876,-0.16935533862883845,-0.21294913260587023,-0.34032113922370516,-0.08846299173139138,-0.16813267164145215,0.008067216390483226,-0.0052866750934489224,0.0051320959370753216,7.4547733187112495e-06
-96.63999999999999,0.92,0.025,0.009797958971132711,0.5248792922602417,0.5278473586035246,0.40394208774270096,0.22251081578604817,0.4104757187896608,-5.03730502970864e-05,0.004435030618883032,-0.0003404676742960955,0.0021048635739602845,2.789897785346615e-06,0.3418965830654221,0.1883331544813112,0.34742664838356896,-4.2635749771453935e-05,0.4082588106241521,0.0082242202066352,0.32100875926717765,-0.1694939987180715,-0.21351233740837217,-0.34058021253073534,-0.08846313466804735,-0.1681317069639191,0.008067216390483222,-0.0052866750934489224,0.005127862876018813,7.426027266374937e-06
-96.48000000000002,0.92,0.025,0.009797958971132711,0.5248792922602417,0.5278473586035246,0.4046521276579347,0.22245600541831245,0.41081258759150785,-4.9850956604054066e-05,0.004440468899919132,-0.00034466359172828203,0.002104840594472868,2.7834813278911056e-06,0.3424975608496759,0.18828676298605967,0.34771177413745225,-4.2193849669671366e-05,0.4087929321541146,0.007889060508271801,0.32127243701378344,-0.1696326582264469,-0.21407648886253525,-0.3408391433487591,-0.0884626786293669,-0.16812960234861862,0.008067216390483222,-0.005286675093448923,0.005123602073761395,7.397285001277418e-06
-96.32,0.92,0.025,0.009797958971132711,0.5248792922602417,0.5278473586035246,0.40536303797565104,0.222400522902087,0.4111494504922841,-4.9330028624153175e-05,0.004445910649249726,-0.000348869533062908,0.0021048033175651475,2.7770381792054385e-06,0.34309927534259105,0.18823980258432646,0.34799689489666924,-4.175293622748325e-05,0.40932745949071037,0.007553015661920278,0.3215361096639768,-0.1697713162104075,-0.21464158807002173,-0.3410979306920137,-0.08846162231706725,-0.16812635536181322,0.008067216390483226,-0.0052866750934489224,0.00511931355266158,7.368547032391339e-06
-96.15999999999997,0.92,0.025,0.009797958971132711,0.5248792922602417,0.5278473586035246,0.4060748192504566,0.22234436663227727,0.4114863051895393,-4.881027280366917e-05,0.004451355862863333,-0.00035308551418064364,0.0021047517129569866,2.7705684748182867e-06,0.3437017270135865,0.1881922719175595,0.3482820087124261,-4.1313014901025586e-05,0.4098623924082434,0.007216084180949014,0.32179977541436977,-0.1699099717244862,-0.21520763613308164,-0.3413565735725309,-0.0884599644445141,-0.16812196359219586,0.008067216390483226,-0.005286675093448923,0.005114997335644443,7.33981387003864e-06
-96.0,0.92,0.025,0.009797958971132711,0.5248792922602417,0.5278473586035246,0.40678747203631443,0.2222875350012463,0.41182314937627545,-4.8291695572629756e-05,0.004456804536729838,-0.00035731155097926614,0.002104685750650201,2.7640723521365493e-06,0.34430491633153654,0.18814416962505487,0.34856711363207954,-4.087409113267383e-05,0.4103977306794679,0.006878264576997958,0.32206343245802443,-0.17004862382132552,-0.21577463415455123,-0.341615071000133,-0.08845770373680288,-0.16811642465104473,0.008067216390483228,-0.005286675093448924,0.005110653446201604,7.311086025877449e-06
-95.83999999999997,0.92,0.025,0.009797958971132711,0.5248792922602417,0.5278473586035246,0.4075009968865414,0.2222300263988122,0.4121599807409966,-4.7774303344601595e-05,0.004462256666800457,-0.000361547659373668,0.0021046054009304887,2.75754995044705e-06,0.34490884376476866,0.18809549434395464,0.3488522076991795,-4.043617035087079e-05,0.4109334740755833,0.0065395553599777185,0.32232707898449187,-0.1701872715516983,-0.21634258323785224,-0.3418734219824293,-0.08845483893084001,-0.16810973617237718,0.008067216390483224,-0.005286675093448923,0.005106281908391212,7.282364012889792e-06
-95.68,0.92,0.025,0.009797958971132711,0.5248792922602417,0.5278473586035246,0.40821539435380494,0.22217183921224534,0.4124967969677553,-4.72581025163872e-05,0.004467712249007705,-0.00036579385529586104,0.002104510634369336,2.7510014109185147e-06,0.3455135097810605,0.18804624470924447,0.3491372889535081,-3.9999257969870123e-05,0.41146962236623186,0.006199955038068694,0.3225907131798487,-0.17032591396452673,-0.2169114844869907,-0.3421316255248141,-0.08845136877542302,-0.16810189581310206,0.008067216390483226,-0.005286675093448923,0.00510188274683788,7.2536483453689885e-06
-95.51999999999998,0.92,0.025,0.009797958971132711,0.5248792922602417,0.5278473586035246,0.40893066499012015,0.2221129718262655,0.4128335957362045,-4.674309946788117e-05,0.004473171279265342,-0.00037005015469498596,0.00210440142182594,2.7444268766024806e-06,0.34611891484763774,0.1879964193537511,0.3494223554311235,-3.9563359389614626e-05,0.4120061753194948,0.005859462117720035,0.32285433322673734,-0.17046455010690337,-0.2174813390065557,-0.34238968063046127,-0.08844729203132151,-0.16809290125317308,0.008067216390483224,-0.005286675093448923,0.005097455986732626,7.224939538906558e-06
-95.36000000000001,0.92,0.025,0.009797958971132711,0.5248792922602417,0.5278473586035246,0.4096468093468472,0.22205342262303934,0.4131703747216449,-4.622930056172311e-05,0.004478633753468351,-0.00037431657353731483,0.0021042777344490934,2.7378264924350148e-06,0.3467250594311715,0.1879460169081405,0.3497074051644003,-3.912847999544244e-05,0.4125431327018893,0.005518075103648742,0.3231179373044039,-0.1706031790241106,-0.21805214790171837,-0.3426475863003227,-0.08844260747135635,-0.16808275019573954,0.008067216390483222,-0.005286675093448921,0.00509300165383276,7.196238110378828e-06
-95.19999999999999,0.92,0.025,0.009797958971132711,0.5248792922602417,0.5278473586035246,0.41036382797468746,0.2219931899821775,0.4135071315950761,-4.571671214312412e-05,0.004484099667492889,-0.0003785931278062596,0.002104139543679084,2.731200405237618e-06,0.3473319439977755,0.18789503600091506,0.34999243618207243,-3.869462515794026e-05,0.413080494278364,0.005175792498839036,0.3233815235887375,-0.17074179975964157,-0.2186239122782308,-0.3429053415331243,-0.08843731388047976,-0.16807144036729768,0.008067216390483224,-0.005286675093448922,0.005088519774461774,7.167544577933886e-06
-95.04000000000002,0.92,0.025,0.009797958971132711,0.5248792922602417,0.5278473586035246,0.4110817214236814,0.22193227228073192,0.41384386402324597,-4.520534053961187e-05,0.004489569017196251,-0.0003828798335023784,0.0021039868212495696,2.7245487637180263e-06,0.34793956901300394,0.1878434752584115,0.3502774465092754,-3.8261800232727486e-05,0.4136182598122967,0.004832612804540909,0.3236450902523092,-0.17088041135522036,-0.21919663324242475,-0.34316294532536223,-0.08843141005585418,-0.16805896951784077,0.008067216390483222,-0.0052866750934489224,0.005084010375509189,7.1388594609775085e-06
-94.88,0.92,0.025,0.009797958971132711,0.5248792922602417,0.5278473586035246,0.4118004902432048,0.22187066789319304,0.4141805696687008,-4.469519206074244e-05,0.004495041798416831,-0.0003871767066433798,0.0021038195391894607,2.71787171847091e-06,0.34854793494184855,0.1877913333047986,0.35056243416758837,-3.78300105602124e-05,0.4141564290654897,0.004488534520269837,0.32390863546441195,-0.17101901285082252,-0.21977031190121052,-0.3434203966713001,-0.0884248948069315,-0.16804533542100905,0.008067216390483226,-0.005286675093448923,0.005079473484430424,7.110183280158639e-06
-94.71999999999997,0.92,0.025,0.009797958971132711,0.5248792922602417,0.5278473586035246,0.4125201349819664,0.22180837519148716,0.41451724618983593,-4.4186272997870044e-05,0.00450051800697408,-0.0003914837632641313,0.002103637669824769,2.7111694219785635e-06,0.34915704224873634,0.18773860876207474,0.3508473971750771,-3.7399261465397204e-05,0.4146950017981676,0.004143556143805331,0.3241721573910994,-0.1711576032846957,-0.2203449493620759,-0.343677694562965,-0.08841776695553095,-0.16803053587423764,0.008067216390483226,-0.0052866750934489224,0.005074909129246568,7.081516557355756e-06
-94.56,0.92,0.025,0.009797958971132711,0.5248792922602417,0.5278473586035246,0.4132406561880042,0.2217453925449736,0.4148538912409462,-4.367858962388635e-05,0.004505997638668476,-0.0003958010194166639,0.0021034411857804728,2.7044420286107377e-06,0.34976689139752676,0.18768530025006566,0.3511323335463369,-3.6969558257657405e-05,0.4152339777689723,0.0037976761711905156,0.3244356541952259,-0.17129618169338043,-0.220920546733085,-0.34393483799014496,-0.08841002533591766,-0.16801456869890494,0.008067216390483222,-0.005286675093448923,0.0050703173385442096,7.0528598156610434e-06
-94.39999999999998,0.92,0.025,0.009797958971132711,0.5248792922602417,0.5278473586035246,0.413962054408683,0.22168171832044184,0.41519050247227735,-4.317214819294906e-05,0.004511480689281475,-0.0004001284911701786,0.0021032300599823487,2.6976896946254188e-06,0.3503774828515093,0.18763140638642198,0.35141724129253554,-3.6540906230512086e-05,0.41577335673496085,0.0034508930967306725,0.32469912403648704,-0.17143474711173085,-0.2214971051228772,-0.34419182594038505,-0.08840166879487986,-0.16799743174047954,0.008067216390483222,-0.005286675093448923,0.005065698141475175,7.024213579366888e-06
-94.24000000000001,0.92,0.025,0.009797958971132711,0.5248792922602417,0.5278473586035246,0.4146843301906909,0.22161735088210918,0.41552707753007645,-4.2666954940228246e-05,0.004516967154575476,-0.00040446619461105196,0.0021030042656588178,2.6909125781678985e-06,0.3509888170734008,0.18757692578661722,0.3517021184214567,-3.6113310661409186e-05,0.41631313845160084,0.003103205412992964,0.32496256507145854,-0.17157329857293557,-0.22207462564066563,-0.34444865739898384,-0.08839269619180663,-0.16797912286866706,0.008067216390483222,-0.005286675093448923,0.0050610515677563086,6.995578373948751e-06
-94.07999999999998,0.92,0.025,0.009797958971132711,0.5248792922602417,0.5278473586035246,0.41540748408003675,0.22155228859161755,0.4158636140566438,-4.216301608158095e-05,0.004522457030293783,-0.00040881414584284384,0.002102763776342744,2.684110839271347e-06,0.3516008945253431,0.1875218570639451,0.35198696293754334,-3.5686776811450116e-05,0.416853322672768,0.0027546116108049744,0.3252259754536376,-0.1717118351085389,-0.22265310939623645,-0.34470533134899023,-0.08838310639876375,-0.16795963997755384,0.008067216390483222,-0.005286675093448922,0.0050563776476691405,6.966954726050961e-06
-93.92000000000002,0.92,0.025,0.009797958971132711,0.5248792922602417,0.5278473586035246,0.4161315166220465,0.22148652980803094,0.4162001096903843,-4.166033781338579e-05,0.004527950312160565,-0.000413172360986302,0.002102508565873282,2.677284639855808e-06,0.3522137156689002,0.1874661988295174,0.3522717728419413,-3.526130992524974e-05,0.4173939091507414,0.0024051101792541903,0.3254893533334828,-0.17185035574846158,-0.22323255749994753,-0.3449618467712003,-0.08837289830057145,-0.16793898098575444,0.008067216390483224,-0.005286675093448923,0.00505167641205967,6.938343163470923e-06
-93.75999999999999,0.92,0.025,0.009797958971132711,0.5248792922602417,0.5278473586035246,0.4168564283613606,0.22142007288783264,0.4165365620658595,-4.11589263121509e-05,0.0045334469958808144,-0.0004175408561793669,0.0021022386083976467,2.670434143727364e-06,0.3528272809650556,0.18740994969226155,0.3525565461325435,-3.483691523060452e-05,0.41793489763620106,0.002054699605686924,0.32575269685845515,-0.17198885952102239,-0.22381297106272705,-0.3452182026441535,-0.08836207079487923,-0.1679171438365528,0.008067216390483224,-0.005286675093448923,0.00504694789233797,6.90974421514118e-06
-93.59999999999997,0.92,0.025,0.009797958971132711,0.5248792922602417,0.5278473586035246,0.4175822198419307,0.22135291618492267,0.41687296881383884,-4.0658787734291977e-05,0.004538947077140309,-0.00042191964757718126,0.002101953878372917,2.6635595165778403e-06,0.3534415908742102,0.18735310825891857,0.3528412808040332,-3.441359793830473e-05,0.41847628787822355,0.0017033783757075844,0.3260160041730582,-0.17212734545295874,-0.22439435119607254,-0.3454743979441291,-0.08835062279224187,-0.16789412649804633,0.008067216390483219,-0.0052866750934489224,0.005042192120477877,6.8811584111151e-06
-93.44,0.92,0.025,0.009797958971132711,0.5248792922602417,0.5278473586035246,0.41830889160701673,0.22128505805061455,0.4172093275613529,-4.01599282158265e-05,0.004544450551605579,-0.00042630875135209206,0.002101654350567817,2.6566609259829054e-06,0.35405664585617896,0.18729567313404016,0.3531259748479291,-3.399136324187555e-05,0.4190180796242791,0.0013511449731773604,0.3262792734188796,-0.17226581256944865,-0.22497669901205,-0.3457304316451441,-0.0883385532161944,-0.1678699269632878,0.008067216390483224,-0.005286675093448925,0.005037409129016619,6.8525862825479035e-06
-93.27999999999997,0.92,0.025,0.009797958971132711,0.5248792922602417,0.5278473586035246,0.4190364441991836,0.22121649683363312,0.4175456359317456,-3.9662353872115856e-05,0.004549957414923853,-0.0004307081836936594,0.0021013400000644733,2.6497385414015366e-06,0.354672446370189,0.18723764291998707,0.3534106262526295,-3.357021631735886e-05,0.4195602726202276,0.0009979978802140453,0.3265425027346324,-0.17240425989413205,-0.225560015623292,-0.3459863027189477,-0.08832586100332647,-0.16784454325042583,0.008067216390483222,-0.005286675093448924,0.0050325989510544,6.8240283616818e-06
-93.12,0.92,0.025,0.009797958971132711,0.5248792922602417,0.5278473586035246,0.4197648781602984,0.2211472308801114,0.417881891544726,-3.916607079750626e-05,0.004555467662723036,-0.00043511796080865985,0.0021010108022601922,2.642792534174118e-06,0.3552889928748766,0.18717901621692629,0.3536952330034561,-3.31501623230093e-05,0.4201028666103154,0.0006439355771904069,0.3268056902561956,-0.17254268644913195,-0.22614430214299702,-0.3462420101350198,-0.08831254510335726,-0.1678179734028465,0.008067216390483222,-0.005286675093448924,0.00502776162025405,6.79548518182688e-06
-92.95999999999998,0.92,0.025,0.009797958971132711,0.5248792922602417,0.5278473586035246,0.42049419403152677,0.22107725853358787,0.41821809201642257,-3.867108506508499e-05,0.004560981290611653,-0.0004395380989210952,0.0021006667328691757,2.635823077520563e-06,0.35590628582828426,0.18711979162282877,0.35397979308270006,-3.273120639908794e-05,0.4206458613371709,0.00028895654273383963,0.3270688341166563,-0.17268109125507644,-0.2267295596849282,-0.34649755286056655,-0.08829860447920784,-0.16779021548931017,0.008067216390483222,-0.005286675093448924,0.005022897170840487,6.766957277343659e-06
-92.80000000000001,0.92,0.025,0.009797958971132711,0.5248792922602417,0.5278473586035246,0.42122439235333065,0.221006578135004,0.4185542349594349,-3.8177402726395855e-05,0.004566498294178824,-0.00044396861427219587,0.0021003077679242845,2.6288303465385972e-06,0.3565243256878591,0.1870599677334674,0.3542643044696657,-3.2313353667621455e-05,0.42118925654180267,-6.694074627471023e-05,0.32733193244635095,-0.17281947333112008,-0.227315789363412,-0.3467529298605171,-0.08828403810707576,-0.16776126760409246,0.008067216390483222,-0.005286675093448925,0.005018005637600357,6.738445183625812e-06
-92.63999999999999,0.92,0.025,0.009797958971132711,0.5248792922602417,0.5278473586035246,0.42195547366546415,0.22093518802270098,0.41889031798288795,-3.768502981106603e-05,0.004572018668994214,-0.0004484095231204276,0.0020999338837787342,2.62181451820173e-06,0.35714311291044887,0.18699954314241413,0.35454876514071637,-3.189660923208629e-05,0.4217330519635938,-0.00042375781470178637,0.3275949833729073,-0.17295783169496576,-0.22790299229333705,-0.34700814009752057,-0.0882688449765066,-0.1677311278671192,0.008067216390483224,-0.005286675093448927,0.0050130870558814725,6.7099494370813164e-06
-92.48000000000002,0.92,0.025,0.009797958971132711,0.5248792922602417,0.5278473586035246,0.42268743850697166,0.2208630865324176,0.4192263386924849,-3.719397232651722e-05,0.004577542410607998,-0.00045286084174149765,0.0020995450571078254,2.6147757713565613e-06,0.35776264795230084,0.18693851644103826,0.3548331730693192,-3.148097817716418e-05,0.42227724734030025,-0.0007814961891621508,0.3278579850212864,-0.17309616536288647,-0.228491169590153,-0.34726318253194216,-0.08825302409046704,-0.16769979442410463,0.008067216390483222,-0.005286675093448924,0.005008141461592357,6.681470575113279e-06
-92.32,0.92,0.025,0.009797958971132711,0.5248792922602417,0.5278473586035246,0.4234202874161833,0.22079027199728693,0.41956229469056155,-3.6704236257747835e-05,0.004583069514550822,-0.0004573225864283597,0.002099141264910615,2.607714286720404e-06,0.35838293126905757,0.18687688621850368,0.35511752622609133,-3.106646556855777e-05,0.4228218424080457,-0.001140157398019478,0.32812093551382465,-0.1732344733497475,-0.22908032236986933,-0.34751805612186,-0.08823657446541554,-0.16766726544668462,0.008067216390483222,-0.005286675093448926,0.005003168891201648,6.653009136102614e-06
-92.15999999999997,0.92,0.025,0.009797958971132711,0.5248792922602417,0.5278473586035246,0.424154020930713,0.22071674274783387,0.41989818357613895,-3.621582756679489e-05,0.004588599976333759,-0.0004617947734912206,0.0020987224845116286,2.600630246878524e-06,0.3590039633157555,0.1868146510617666,0.355401822578844,-3.065307645253519e-05,0.42336683690131893,-0.001499742971387535,0.32838383297027574,-0.17337275466902782,-0.22967045174905396,-0.3477727598230615,-0.08821949513137466,-0.16763353913255333,0.008067216390483222,-0.005286675093448925,0.004998169381737622,6.624565659386283e-06
-92.0,0.92,0.025,0.009797958971132711,0.5248792922602417,0.5278473586035246,0.42488863958745476,0.22064249711197226,0.42023400294497887,-3.572875219264394e-05,0.0045941337914482735,-0.0004662774192575447,0.0020982886935625097,2.5935238362809594e-06,0.3596257445468217,0.18675180955557333,0.35568606009263015,-3.024081585585383e-05,0.42391223055297006,-0.0018602544411310136,0.32864667550785365,-0.17351100833284286,-0.23026155884483218,-0.3480272925890403,-0.08820178513200082,-0.16759861370559453,0.008067216390483222,-0.005286675093448926,0.004993142970787545,6.596140685240068e-06
-91.83999999999997,0.92,0.025,0.009797958971132711,0.5248792922602417,0.5278473586035246,0.42562414392257963,0.22056753341500226,0.42056975038963706,-3.524301605081042e-05,0.00459967095536618,-0.0004707705400720606,0.002097839870043683,2.5863952412393867e-06,0.3602482754160714,0.18668836028245792,0.35597023672978884,-2.982968878540594e-05,0.4244580230942066,-0.002221693340866156,0.32890946124127474,-0.17364923335196605,-0.2308536447748855,-0.34828165337099265,-0.08818344352465465,-0.16756248741601454,0.00806721639048322,-0.005286675093448926,0.00498808969649709,6.567734754857863e-06
-91.68,0.92,0.025,0.009797958971132711,0.5248792922602417,0.5278473586035246,0.4263605344715326,0.2204918499796074,0.42090542349951743,-3.4758625032973507e-05,0.004605211463539601,-0.00047527415229676697,0.002097375992266008,2.579244649923818e-06,0.3608715563767052,0.18662430182273973,0.35625435044999154,-2.941970022790878e-05,0.4250042142545901,-0.002584061205961968,0.3291721882828002,-0.1737874287358511,-0.2314467106574502,-0.34853584111781344,-0.08816446938047086,-0.1675251585404737,0.008067216390483222,-0.005286675093448925,0.004983009597569733,6.539348410331444e-06
-91.51999999999998,0.92,0.025,0.009797958971132711,0.5248792922602417,0.5278473586035246,0.42709781176902933,0.22041544512585187,0.4212410198609285,-3.427558500671102e-05,0.0046107553114009305,-0.00047978827231093686,0.002096897038872394,2.572072252358478e-06,0.3614955878813064,0.18655963275452103,0.3565383992102899,-2.901085514968021e-05,0.4255508037620328,-0.0029473595735408455,0.3294348547422802,-0.1739255934926551,-0.23204075761131618,-0.34878985477609376,-0.08814486178442674,-0.16748662538221545,0.008067216390483222,-0.005286675093448925,0.00497790271326604,6.51098219462971e-06
-91.36000000000001,0.92,0.025,0.009797958971132711,0.5248792922602417,0.5278473586035246,0.4278359763490531,0.220338317171178,0.4215765370571353,-3.3793901815074385e-05,0.004616302494362791,-0.0004843129165111248,0.0020964029888394355,2.564878240418395e-06,0.3621203703818386,0.18649435165368505,0.35682238096515934,-2.860315849627896e-05,0.4260977913427933,-0.00331158998247944,0.32969745872719475,-0.1740637266292594,-0.23263578675582589,-0.3490436932901167,-0.0881246198354112,-0.16744688627119655,0.008067216390483222,-0.005286675093448927,0.004972769083403064,6.482636651578093e-06
-91.19999999999999,0.92,0.025,0.009797958971132711,0.5248792922602417,0.5278473586035246,0.428575028744852,0.22026046443040306,0.42191197266841707,-3.3313581276368196e-05,0.004621853007817993,-0.0004888481013111715,0.0020958938214789952,2.557662807825146e-06,0.3627459043296427,0.18642845709389316,0.3571062936665482,-2.8196615192318043e-05,0.42664517672147373,-0.0036767539734097357,0.3299599983426991,-0.17420182715129343,-0.23323179921087292,-0.3492973556018541,-0.08810374264629188,-0.16740593956421335,0.008067216390483222,-0.005286675093448925,0.004967608748353561,6.454312325838546e-06
-91.04000000000002,0.92,0.025,0.009797958971132711,0.5248792922602417,0.5278473586035246,0.4293149694889348,0.22018188521571683,0.42224732427212036,-3.283462918365885e-05,0.0046274068471395,-0.0004933938431422102,0.0020953695164398173,2.550426150142187e-06,0.36337219017543443,0.18636194764658273,0.3573901352639227,-2.7791230141048853e-05,0.4271929596210155,-0.004042853088719743,0.3302224716916651,-0.17433989406315625,-0.23382879609690077,-0.34955084065096326,-0.08808222934398348,-0.16736378364503016,0.008067216390483224,-0.005286675093448925,0.004962421749045338,6.426009762885712e-06
-90.88,0.92,0.025,0.009797958971132711,0.5248792922602417,0.5278473586035246,0.43005579911306874,0.2201025778366787,0.4225825894427157,-3.235705130454077e-05,0.0046329640076803805,-0.0004979501584526704,0.0020948300537090765,2.543168464770796e-06,0.3639992283693014,0.18629482188096486,0.35767390370431457,-2.7387008224163308e-05,0.4277411397626961,-0.004409888872554368,0.3304848768747257,-0.17447792636803958,-0.23442677853490163,-0.34980414737478327,-0.08806007906951337,-0.16732041692450308,0.008067216390483222,-0.0052866750934489224,0.004957208126960434,6.397729508987807e-06
-90.71999999999997,0.92,0.025,0.009797958971132711,0.5248792922602417,0.5278473586035246,0.4307975181482757,0.22002254060021495,0.4229177657518519,-3.188085338076224e-05,0.004638524484773774,-0.0005025170637082854,0.0020942754136139656,2.53588995094489e-06,0.3646270193607006,0.18622707836402194,0.3579575969323675,-2.698395430147716e-05,0.4282897168661253,-0.004777862870816171,0.3307472119903182,-0.1746159230679502,-0.23502574764641504,-0.3500572747083317,-0.08803729097808884,-0.1672758378407062,0.008067216390483222,-0.0052866750934489224,0.004951967924134405,6.369472111183499e-06
-90.56,0.92,0.025,0.009797958971132711,0.5248792922602417,0.5278473586035246,0.4315401271248295,0.21994177181061597,0.42325285076841246,-3.140604112781148e-05,0.004644088273732847,-0.0005070945753920966,0.002093705576823216,2.5285908097260362e-06,0.3652555635984557,0.18615871566050538,0.3582412128903843,-2.6582073210579638e-05,0.42883869064924135,-0.005146776631166517,0.33100947513472717,-0.17475388316373264,-0.23562570455352683,-0.3503102215843011,-0.08801386423916166,-0.16723004485905285,0.00806721639048322,-0.005286675093448924,0.0049467011831554695,6.3412381172590435e-06
-90.39999999999998,0.92,0.025,0.009797958971132711,0.5248792922602417,0.5278473586035246,0.43228362657225233,0.21986026976953335,0.42358784205857153,-3.093262023456092e-05,0.004649655369850756,-0.0005116827100044593,0.002093120524348657,2.5212712439985323e-06,0.3658848615307544,0.18608973233293305,0.358524749518375,-2.618136976653236e-05,0.4293880608283076,-0.005516631703026301,0.3312716644021301,-0.17489180565509221,-0.23622665037886773,-0.3505629869330554,-0.08798979803649408,-0.16718303647241997,0.00806721639048322,-0.005286675093448923,0.0049414079471637225,6.3130280757265584e-06
-90.24000000000001,0.92,0.025,0.009797958971132711,0.5248792922602417,0.5278473586035246,0.4330280170193117,0.21977803277597743,0.42392273718584866,-3.0460596362994452e-05,0.004655225768400601,-0.0005162814840630479,0.0020925202375467007,2.5139314584633547e-06,0.36651491360514543,0.18602012694158732,0.3588082047541023,-2.5781848761638507e-05,0.4299378271179087,-0.005887429637576577,0.3315337778846389,-0.17502968954061723,-0.236828586245612,-0.3508155696826267,-0.0879650915682219,-0.16713481120126622,0.008067216390483224,-0.005286675093448924,0.004936088259850246,6.284842535800902e-06
-90.07999999999998,0.92,0.025,0.009797958971132711,0.5248792922602417,0.5278473586035246,0.43377329899401734,0.21969505912631423,0.4242575337111664,-2.9989975147743655e-05,0.00466079946463539,-0.0005208909141028617,0.002091904698119872,2.506571659632862e-06,0.3671457202685363,0.18594989804451237,0.3590915765331313,-2.538351496505023e-05,0.43048798923094694,-0.006259171987759696,0.33179581367234573,-0.17516753381780267,-0.23743151327747627,-0.3510679687587117,-0.08793974404691939,-0.16708536759375392,0.008067216390483222,-0.005286675093448923,0.00493074216545627,6.256682047376364e-06
-89.92000000000002,0.92,0.025,0.009797958971132711,0.5248792922602417,0.5278473586035246,0.4345194730236176,0.21961134711426278,0.42459222919290507,-2.952076219567022e-05,0.004666376453788,-0.0005255110166762299,0.002091273888118271,2.499192055824856e-06,0.36777728196718995,0.18587904419751203,0.35937486278887487,-2.4986373122415276e-05,0.43103854687863874,-0.0066318603082801105,0.3320577698533661,-0.175305337483072,-0.23803543259871843,-0.35132018308466795,-0.08791375469966133,-0.1670347042258656,0.008067216390483222,-0.005286675093448925,0.004925369708772231,6.228547161002705e-06
-89.75999999999999,0.92,0.025,0.009797958971132711,0.5248792922602417,0.5278473586035246,0.4352665396345967,0.21952689503089234,0.42492682118696057,-2.905296308567159e-05,0.004671956731071129,-0.0005301418083528168,0.0020906277899410625,2.491792857156043e-06,0.36840959914672267,0.1858075639541473,0.35965806145264345,-2.4590427955712433e-05,0.4315894997705109,-0.007005496155605101,0.3323196445138839,-0.17544309953180157,-0.2386403453341359,-0.35157221158151075,-0.08788712276808634,-0.1669828197015227,0.00806721639048322,-0.005286675093448923,0.004919970935136885,6.200438427862653e-06
-89.59999999999997,0.92,0.025,0.009797958971132711,0.5248792922602417,0.5278473586035246,0.4360144993526713,0.21944170116461975,0.4252613072467999,-2.8586583368093517e-05,0.004677540291677264,-0.0005347833057196272,0.0020899663863379178,2.484374275535955e-06,0.36904267225210097,0.18573545586573417,0.35994117045369145,-2.4195684162754354e-05,0.43214084761439675,-0.007380081087965677,0.3325814357381952,-0.1755808189583423,-0.23924625260906487,-0.35182405316790966,-0.0878598475084581,-0.16692971265270007,0.008067216390483224,-0.005286675093448924,0.004914545890436319,6.172356399746232e-06
-89.44,0.92,0.025,0.009797958971132711,0.5248792922602417,0.5278473586035246,0.4367633527027869,0.21935576380120642,0.4255956849235177,-2.812162856447995e-05,0.004683127130778631,-0.0005394355253810124,0.002089289660410451,2.4769365246601613e-06,0.36967650172763883,0.1856627184813411,0.3602241877192654,-2.380214641697583e-05,0.4326925901164324,-0.007755616665357448,0.3328431416087528,-0.17571849475604356,-0.23985315554937858,-0.3520757067601845,-0.08783192819172639,-0.1668753817395407,0.008067216390483226,-0.005286675093448925,0.004909094621102989,6.144301629027646e-06
-89.27999999999997,0.92,0.025,0.009797958971132711,0.5248792922602417,0.5278473586035246,0.43751310020911527,0.21926908122375569,0.4259299517658943,-2.7658104167096042e-05,0.004688717243527162,-0.0005440984839586738,0.0020885975956136545,2.4694798200032745e-06,0.3703110880169952,0.1855893503477868,0.36050711117465295,-2.3409819367030092e-05,0.4332447269810537,-0.008132104449541381,0.3331047602062113,-0.17585612591727617,-0.24046105528148626,-0.35232717127230273,-0.08780336410358815,-0.1668198256504698,0.008067216390483222,-0.005286675093448923,0.004903617174114717,6.116274668639305e-06
-89.12,0.92,0.025,0.009797958971132711,0.5248792922602417,0.5278473586035246,0.4382637423950507,0.21918165171271006,0.42626410532045117,-2.719601563857119e-05,0.004694310625054452,-0.0005487721980916702,0.002087890175757293,2.462004378812162e-06,0.370946431563171,0.1855153500096378,0.3607899387432299,-2.3018707636486655e-05,0.4337972579109918,-0.00850954600404478,0.33336628960947084,-0.17599371143345535,-0.2410699529323318,-0.3525784456158751,-0.0877741545445467,-0.16676304310230586,0.008067216390483222,-0.005286675093448925,0.004898113596993665,6.088276072048113e-06
-88.95999999999998,0.92,0.025,0.009797958971132711,0.5248792922602417,0.5278473586035246,0.43901527978320715,0.2190934735458484,0.42659814313150923,-2.673536841152812e-05,0.004699907270471714,-0.0005534566844364212,0.0020871673850072956,2.454510420098003e-06,0.37158253280850656,0.18544071600920609,0.3610726683465094,-2.2628815823517402e-05,0.43435018260726993,-0.008887942894162114,0.3336277278957232,-0.17613125029506446,-0.24167984962939232,-0.3528295287001525,-0.08774429882997117,-0.1667050328403714,0.008067216390483224,-0.005286675093448923,0.004892583937805261,6.060306393229109e-06
-88.80000000000001,0.92,0.025,0.009797958971132711,0.5248792922602417,0.5278473586035246,0.43976771289541433,0.21900454499828326,0.4269320627412449,-2.6276167888156404e-05,0.004705507174869745,-0.0005581519596667129,0.0020864292078871262,2.4469981646293223e-06,0.3722193921946787,0.18536544688654696,0.3613552979041897,-2.2240148500535582e-05,0.4349035007691994,-0.009267296686955603,0.3338890731404954,-0.17626874149167765,-0.24229074650067708,-0.35308041943202284,-0.0877137962901546,-0.16664579363860205,0.00806721639048322,-0.0052866750934489224,0.00488702824515713,6.032366186641127e-06
-88.63999999999999,0.92,0.025,0.009797958971132711,0.5248792922602417,0.5278473586035246,0.44052104225271516,0.2189148643424577,0.4272658616897487,-2.5818419439766735e-05,0.004711110333318878,-0.0005628580404737037,0.0020856756292791418,2.4394678349236616e-06,0.3728570101626981,0.1852895411794562,0.36163782533420336,-2.1852710213818566e-05,0.4354572120943762,-0.00964760895125641,0.3341503234176958,-0.17640618401198396,-0.24290264467472591,-0.353331116716007,-0.08768264627037203,-0.16658532429965478,0.008067216390483224,-0.005286675093448923,0.004881446568197983,6.004456007199323e-06
-88.48000000000002,0.92,0.025,0.009797958971132711,0.5248792922602417,0.5278473586035246,0.441275268375362,0.21882442984814313,0.42759953751508145,-2.5362128406385763e-05,0.004716716740868944,-0.0005675749435659295,0.0020849066344259324,2.4319196552399392e-06,0.3734953871529064,0.18521299742346836,0.36192024855276494,-2.1466505483164912e-05,0.4360113162786768,-0.010028881257665113,0.3344114767996581,-0.17654357684380978,-0.2435155452806081,-0.3535816194542551,-0.08765084813093742,-0.1665236236550143,0.008067216390483224,-0.005286675093448924,0.0048758389566165026,5.976576410250138e-06
-88.32,0.92,0.025,0.009797958971132711,0.5248792922602417,0.5278473586035246,0.44203039178281384,0.21873323978243606,0.427933087753333,-2.4907300096475973e-05,0.0047223263925492325,-0.0005723026856693065,0.0020841222089316323,2.424353851569399e-06,0.3741345236049736,0.1851358141518539,0.3622025654744211,-2.1081538801657266e-05,0.43656581301625513,-0.010411115178552897,0.33467253135718805,-0.17668091897414342,-0.24412944944792095,-0.35383192654654433,-0.08761840124725967,-0.16646069056509746,0.008067216390483224,-0.005286675093448923,0.004870205460640144,5.9487279515446445e-06
-88.15999999999997,0.92,0.025,0.009797958971132711,0.5248792922602417,0.5278473586035246,0.4427864129937322,0.21864129240975544,0.42826650993867893,-2.4453939786322118e-05,0.004727939283368447,-0.0005770412835271388,0.002083322338763237,2.4167706516279676e-06,0.37477441995789496,0.185057989895617,0.3624847740120979,-2.0697814635143043e-05,0.4371207019995382,-0.010794312288062165,0.3349334851596071,-0.17681820938915774,-0.24474435830678848,-0.3540820368902735,-0.08758530500989876,-0.16639652391935802,0.008067216390483224,-0.005286675093448924,0.004864546131033993,5.920911187211758e-06
-88.0,0.92,0.025,0.009797958971132711,0.5248792922602417,0.5278473586035246,0.4435433325259788,0.21854858599183993,0.42859980160343897,-2.40020527196896e-05,0.004733555408314668,-0.000581790753900123,0.002082507010251869,2.409170284846904e-06,0.37541507664998847,0.18497952318349334,0.36276687207715075,-2.0315337421945278e-05,0.43767598291922255,-0.011178474162107212,0.3351943362747989,-0.17695544707423386,-0.2453602729878602,-0.3543319493804615,-0.08755155882461975,-0.16633112263638739,0.008067216390483226,-0.005286675093448925,0.0048588610190995075,5.893126673730847e-06
-87.83999999999997,0.92,0.025,0.009797958971132711,0.5248792922602417,0.5278473586035246,0.44430115089661154,0.2184551187877451,0.42893296027813466,-2.355164410748628e-05,0.0047391747623553035,-0.0005865511135663514,0.0020816762100940717,2.4015529823637e-06,0.376056494118892,0.18490041254194745,0.3630488575794132,-1.9934111572576386e-05,0.43823165546427095,-0.011563602378375502,0.3354550827692541,-0.17709263101398498,-0.24597719462230944,-0.35458166290974186,-0.08751716211244807,-0.1662644856640174,0.008067216390483226,-0.005286675093448924,0.0048531501766733405,5.865374967905313e-06
-87.68,0.92,0.025,0.009797958971132711,0.5248792922602417,0.5278473586035246,0.4450598686218816,0.21836088905384066,0.4292659834915476,-2.3102719127165927e-05,0.004744797340437057,-0.00059132237932132,0.0020808299253530283,2.3939189770129894e-06,0.3766986728015606,0.18482065649517074,0.3633307284272459,-1.9554141469233242e-05,0.43878771932190813,-0.011949698516328012,0.33571572270811667,-0.17722976019227984,-0.24659512434183248,-0.3548311763683609,-0.08748211430972165,-0.1661966119794172,0.008067216390483226,-0.005286675093448925,0.0048474136561260026,5.8376566268335575e-06
-87.51999999999998,0.92,0.025,0.009797958971132711,0.5248792922602417,0.5278473586035246,0.44581948621722994,0.21826589504380756,0.42959886877077746,-2.265528292243186e-05,0.004750423137485881,-0.0005961045679779301,0.002079968143459819,2.386268503317071e-06,0.37734161313426345,0.18474025356507873,0.36361248252758605,-1.9175431465546327e-05,0.43934417417761706,-0.012336764157200414,0.3359762541552288,-0.1773668335922664,-0.24721406327864684,-0.35508048864417324,-0.08744641486814451,-0.16612750058919348,0.008067216390483222,-0.005286675093448924,0.004841651510360634,5.8099722078828065e-06
-87.36000000000001,0.92,0.025,0.009797958971132711,0.5248792922602417,0.5278473586035246,0.44658000419728394,0.21817013500863536,0.4299316136413001,-2.220934060274506e-05,0.004756052148406938,-0.0006008976963664959,0.0020790908522146153,2.3786017974758487e-06,0.37798531555258114,0.18465920227130897,0.36389411778599645,-1.879798588616342e-05,0.43990101971513573,-0.012724800884003637,0.336236675173177,-0.17750385019639556,-0.24783401256549017,-0.35532959862263863,-0.08741006325483805,-0.16605715052948494,0.008067216390483224,-0.005286675093448925,0.00483586379281165,5.782322268659694e-06
-87.19999999999999,0.92,0.025,0.009797958971132711,0.5248792922602417,0.5278473586035246,0.4473414230758541,0.2180736071966194,0.43026421562702605,-2.176489724287748e-05,0.004761684368084554,-0.0006057017813347479,0.002078198039787883,2.3709190973570267e-06,0.37862978049140295,0.18457750113121865,0.3641756321067149,-1.84218090263715e-05,0.44045825561645247,-0.013113810281524724,0.3364969838233379,-0.17764080898644477,-0.24845497333561864,-0.3555785051868181,-0.08737305895239239,-0.16598556086605828,0.008067216390483226,-0.005286675093448926,0.004830050557443409,5.754707366982248e-06
-87.04000000000002,0.92,0.025,0.009797958971132711,0.5248792922602417,0.5278473586035246,0.44810374336593106,0.21797630985335792,0.43059667225035897,-2.1321957882485795e-05,0.00476731979138218,-0.0006105168397478376,0.00207728969472155,2.363220642486071e-06,0.37927500838492406,0.18449514865988215,0.36445702339270386,-1.8046905151735976e-05,0.4410158815618032,-0.01350379393632788,0.33675717816592415,-0.17777770894354208,-0.24907694672280567,-0.35582720721737077,-0.08733540145891641,-0.1659127306944008,0.008067216390483224,-0.005286675093448925,0.004824211858748835,5.727128060851953e-06
-86.88,0.92,0.025,0.009797958971132711,0.5248792922602417,0.5278473586035246,0.4488669655796814,0.21787824122174934,0.430928981032254,-2.0880527525676702e-05,0.004772958413142355,-0.0006153428884883436,0.002076365805930171,2.3555066740351214e-06,0.3799209996666424,0.18441214337008865,0.3647382895456998,-1.767327849773276e-05,0.441573897229667,-0.01389475343675492,0.33701725626002993,-0.17791454904818965,-0.24969993386134076,-0.35607570359255014,-0.08729709028808774,-0.1658386591398129,0.008067216390483226,-0.005286675093448926,0.004818347751748032,5.6995849084235626e-06
-86.71999999999997,0.92,0.025,0.009797958971132711,0.5248792922602417,0.5278473586035246,0.4496310902284454,0.21777939954198952,0.43126113949227657,-2.0440611140484418e-05,0.004778600228186655,-0.0006201799444562756,0.0020754263627020533,2.3477774348126666e-06,0.38056775476935617,0.18432848377233993,0.3650194284662629,-1.7300933269306014e-05,0.44213230229676265,-0.014286690372926415,0.3372772161636776,-0.17805132828028772,-0.2503239358860279,-0.3563239931882006,-0.08725812496920099,-0.16576334535749768,0.008067216390483228,-0.005286675093448926,0.004812458291986847,5.672078467976077e-06
-86.56,0.92,0.025,0.009797958971132711,0.5248792922602417,0.5278473586035246,0.4503961178227327,0.21767978305156896,0.4315931451486609,-2.000221365851782e-05,0.004784245231315659,-0.0006250280245690783,0.002074471354700384,2.340033169252336e-06,0.381215274125161,0.18424416837484797,0.36530043805382656,-1.6929873640569484e-05,0.44269109643804455,-0.01467960633674225,0.33753705593386363,-0.17818804561915857,-0.2509489539321843,-0.3565720748777539,-0.08721850504721619,-0.16568678853265026,0.008067216390483228,-0.005286675093448925,0.004806543535535435,5.644609297883892e-06
-86.39999999999998,0.92,0.025,0.009797958971132711,0.5248792922602417,0.5278473586035246,0.4511620488722195,0.21757938998526988,0.4319249955183693,-1.9565339974459703e-05,0.0047898934173089,-0.0006298871457616382,0.0020735007719643143,2.332274123402109e-06,0.3818635581654466,0.18415919568353242,0.36558131620674783,-1.6560103754382694e-05,0.44325027932669925,-0.015073502921882417,0.3377967736266049,-0.1783247000435706,-0.25157498913563875,-0.3568199475322254,-0.08717823008280522,-0.16560898788054387,0.008067216390483226,-0.005286675093448924,0.004800603538986745,5.617177956587593e-06
-86.24000000000001,0.92,0.025,0.009797958971132711,0.5248792922602417,0.5278473586035246,0.45192888388574504,0.21747821857516353,0.4322566881171499,-1.9129994945583806e-05,0.004795544780924831,-0.0006347573249862864,0.0020725146049100445,2.32450054491201e-06,0.3825126073208946,0.18407356420201842,0.3658620608223557,-1.6191627721942135e-05,0.4438098506341414,-0.015468381723808163,0.3380563672969835,-0.17846129053176124,-0.25220204263273077,-0.3570676100202108,-0.0871372996523986,-0.16552994264661616,0.008067216390483226,-0.005286675093448923,0.004794638359455052,5.5897850025618216e-06
-86.07999999999998,0.92,0.025,0.009797958971132711,0.5248792922602417,0.5278473586035246,0.45269662337130834,0.21737626705060759,0.43258822045959733,-1.8696183391283196e-05,0.00480119931690078,-0.0006396385792128038,0.0020715128443318906,2.3167126830232262e-06,0.3831624220214754,0.18398727243163426,0.3661426697970032,-1.5824449622382098e-05,0.4443698100300104,-0.0158642443397623,0.3383158349991961,-0.1785978160614628,-0.2528301155603087,-0.3573150612078827,-0.08709571334823132,-0.16544965210655355,0.008067216390483226,-0.005286675093448924,0.004788648054574419,5.562430994286859e-06
-85.92000000000002,0.92,0.025,0.009797958971132711,0.5248792922602417,0.5278473586035246,0.45346526783606445,0.21727353363824278,0.4329195900592097,-1.826391009267202e-05,0.0048068570199529,-0.0006445309254284266,0.0020704954814032973,2.3089107885557317e-06,0.38381300269644497,0.1839003188714087,0.3664231410261151,-1.5458573502437597e-05,0.44493015718216583,-0.016261092368770467,0.33857517478659677,-0.17873427560992444,-0.25345920905572866,-0.35756229995898625,-0.08705347077838646,-0.16536811556637193,0.008067216390483226,-0.005286675093448924,0.00478263268249711,5.535116490217967e-06
-85.75999999999999,0.92,0.025,0.009797958971132711,0.5248792922602417,0.5278473586035246,0.45423481778632135,0.21717001656199084,0.43325079442844966,-1.783317979204832e-05,0.004812517884776141,-0.0006494343806378497,0.0020694625076778756,2.3010951138957626e-06,0.3844643497743424,0.18381270201806904,0.3667034724042398,-1.5094003375989697e-05,0.44549089175668427,-0.016658927411641485,0.33883438471174604,-0.17887066815393765,-0.2540893242568527,-0.3578093251348366,-0.08701057156683988,-0.16528533236249862,0.008067216390483228,-0.005286675093448925,0.004776592301892028,5.507842048753139e-06
-85.59999999999997,0.92,0.025,0.009797958971132711,0.5248792922602417,0.5278473586035246,0.4550052737275368,0.2170657140430512,0.4335818310788021,-1.7403997192434688e-05,0.004818181906044197,-0.0006543489618632317,0.002068413915090394,2.293265912984211e-06,0.3851164636829872,0.18372442036603853,0.3669836618250981,-1.4730743223676721e-05,0.4460520134178555,-0.0170577510709686,0.33909346282645614,-0.17900699266985978,-0.254720462302048,-0.35805613559431465,-0.08696701535350294,-0.16520130186185117,0.008067216390483224,-0.005286675093448924,0.004770526971943103,5.480608228204238e-06
-85.44,0.92,0.025,0.009797958971132711,0.5248792922602417,0.5278473586035246,0.4557766361643144,0.21696062429989835,0.4339126975208339,-1.6976366957148683e-05,0.004823849078409469,-0.0006592746861442002,0.0020673496959577415,2.285423441302968e-06,0.3857693448494757,0.18363547240743397,0.3672637071816338,-1.4368796992530645e-05,0.44661352182817826,-0.01745756495112981,0.3393524071818375,-0.17914324813363777,-0.255352624330185,-0.35830273019386394,-0.08692280179426425,-0.16511602346191367,0.008067216390483226,-0.005286675093448924,0.00476443675234762,5.453415586764043e-06
-85.27999999999997,0.92,0.025,0.009797958971132711,0.5248792922602417,0.5278473586035246,0.4565489056004004,0.2168547455482791,0.43424339126425354,-1.6550293709255927e-05,0.00482951939650302,-0.0006642115705378546,0.0020662698429799006,2.2775679558626306e-06,0.3864229937001789,0.18354585663206344,0.3675436063660642,-1.4008168595514218e-05,0.44717541664835664,-0.017858370658288988,0.33961121582834564,-0.17927943352083303,-0.2559858114806362,-0.35854910778748644,-0.08687793056103145,-0.16502949659081392,0.008067216390483224,-0.005286675093448924,0.004758321703314589,5.426264682475511e-06
-85.12,0.92,0.025,0.009797958971132711,0.5248792922602417,0.5278473586035246,0.45732208253868034,0.21674807600120966,0.43457390981797,-1.6125782031105982e-05,0.004835192854934534,-0.000669159632118773,0.0020651743492408675,2.2696997151891445e-06,0.3870774106607391,0.18345557152742387,0.3678233572699298,-1.3648861911128104e-05,0.44773769753729636,-0.018260169800396603,0.3398698868158282,-0.17941554780664487,-0.25662002489327457,-0.3587952672267397,-0.08683240134177127,-0.16494172070739616,0.008067216390483224,-0.005286675093448925,0.004752181885563017,5.399156073199867e-06
-84.95999999999998,0.92,0.025,0.009797958971132711,0.5248792922602417,0.5278473586035246,0.4580961674811758,0.2166406138689729,0.43490425069015237,-1.570283646393782e-05,0.004840869448292275,-0.000674118887979014,0.0020640632082095634,2.261818979310022e-06,0.38773259615606726,0.18336461557869868,0.368102957784145,-1.3290880783076973e-05,0.44830036415210095,-0.01866296398719046,0.3401284181935705,-0.1795515899659351,-0.2572552657084724,-0.359041207360733,-0.08678621384054887,-0.16485269530129337,0.008067216390483224,-0.005286675093448926,0.004746017360320192,5.372090316584809e-06
-84.80000000000001,0.92,0.025,0.009797958971132711,0.5248792922602417,0.5278473586035246,0.45887116092904057,0.21653235735911566,0.4352344113882891,-1.5281461507164276e-05,0.00484654917114304,-0.0006790893552281233,0.002062936413740739,2.2539260097412774e-06,0.38838855061033994,0.18327298726875552,0.3683824057990479,-1.2934229019663844e-05,0.44886341614806763,-0.019066754830196368,0.3403868080103431,-0.1796875589732518,-0.25789153506709955,-0.35928692703612325,-0.08673936777756704,-0.1647624198929989,0.008067216390483226,-0.005286675093448925,0.004739828189319951,5.345067970031236e-06
-84.63999999999999,0.92,0.025,0.009797958971132711,0.5248792922602417,0.5278473586035246,0.4596470633825573,0.21642330467644577,0.4355643894192478,-1.4861661618235173e-05,0.004852232018032122,-0.000684071050993137,0.0020617939600758276,2.246021069472977e-06,0.3890452744469965,0.18318068507814372,0.36866169920445135,-1.257891039367425e-05,0.4494268531786835,-0.019471543942729146,0.3406450543144484,-0.17982345380285397,-0.2585288341105222,-0.3595324250971123,-0.08669186288920333,-0.16467089403393384,0.008067216390483226,-0.005286675093448926,0.004733614434800873,5.318089590663447e-06
-84.48000000000002,0.92,0.025,0.009797958971132711,0.5248792922602417,0.5278473586035246,0.46042387534113444,0.21631345402302932,0.43589418228933463,-1.4443441211776347e-05,0.004857917983483263,-0.0006890639924185862,0.002060635841843795,2.238104422955207e-06,0.3897027680887362,0.183087707485092,0.36894083588969284,-1.22249286416475e-05,0.4499906748956221,-0.019877332939893296,0.34090315515376723,-0.17995927342873536,-0.2591671639806015,-0.35977770038544277,-0.08664369892804696,-0.16457811730651456,0.008067216390483226,-0.005286675093448925,0.004727376159504475,5.291155735292765e-06
-84.32,0.92,0.025,0.009797958971132711,0.5248792922602417,0.5278473586035246,0.46120159730330235,0.216202803598188,0.43622378750435403,-1.4026804659328884e-05,0.004863607061998615,-0.0006940681966665019,0.0020594620540619747,2.2301763360840252e-06,0.39036103195751515,0.18299405296550633,0.3692198137436853,-1.1872287463655968e-05,0.4505548809487392,-0.02028412343858366,0.34116110857580595,-0.18009501682464876,-0.25980652581969194,-0.36002275174039455,-0.08659487566293506,-0.16448408932421837,0.008067216390483226,-0.005286675093448926,0.004721113426673401,5.264266960388049e-06
-84.15999999999997,0.92,0.025,0.009797958971132711,0.5248792922602417,0.5278473586035246,0.46198022976671005,0.21609135159849596,0.4365532025696681,-1.3611756288817558e-05,0.004869299248058693,-0.0006990836809164177,0.002058272592136852,2.222237076186167e-06,0.3910200664745434,0.182899719992967,0.36949863065496713,-1.1520990522855181e-05,0.45111947098606897,-0.02069191705748651,0.3414189126277427,-0.18023068296413036,-0.26044692077063974,-0.36026757799878123,-0.08654539287898706,-0.16438880973164588,0.008067216390483226,-0.005286675093448926,0.004714826300049517,5.237423822040722e-06
-84.0,0.92,0.025,0.009797958971132711,0.5248792922602417,0.5278473586035246,0.4627597732281217,0.2159790962177775,0.4368824249902566,-1.3198300383957384e-05,0.004874994536122336,-0.0007041104623653755,0.002057067451864872,2.2142869120046986e-06,0.3916798720602822,0.1828047070387269,0.3697772845117532,-1.1171041444981531e-05,0.45168444465382007,-0.02110071541707985,0.34167656535647506,-0.18036627082052387,-0.26108834997678204,-0.3605121779949466,-0.08649525037763978,-0.16429227820458459,0.008067216390483222,-0.005286675093448925,0.004708514843872079,5.210626875931696e-06
-83.83999999999997,0.92,0.025,0.009797958971132711,0.5248792922602417,0.5278473586035246,0.46354022818341306,0.21586603564710372,0.43721145227077635,-1.2786441183866271e-05,0.004880692920626665,-0.0007091485582279302,0.002055846629433165,2.206326113683487e-06,0.3923404491344408,0.1827090125717086,0.3700557732019851,-1.0822443818024413e-05,0.452249801596372,-0.0215105201396347,0.34193406480866667,-0.18050177936700496,-0.2617308145819448,-0.360756550560761,-0.08644444797667927,-0.1641944944500662,0.008067216390483224,-0.005286675093448925,0.004702179122875748,5.183876677298175e-06
-83.68,0.92,0.025,0.009797958971132711,0.5248792922602417,0.5278473586035246,0.4643215951275682,0.21575216807479017,0.43754028191562144,-1.237618288249023e-05,0.004886394395987034,-0.0007141979857361518,0.0020546101214203084,2.198354952752311e-06,0.39300179811597374,0.18261263505850242,0.370334094613382,-1.0475201191739732e-05,0.4528155414562709,-0.021921332849215384,0.34219140903079376,-0.18063720757660526,-0.26237431573044145,-0.3610006945256175,-0.0863929855102741,-0.16409545820642701,0.008067216390483224,-0.005286675093448925,0.004695819202288691,5.157173780900247e-06
-83.51999999999998,0.92,0.025,0.009797958971132711,0.5248792922602417,0.5278473586035246,0.4651038745546759,0.21563749168639376,0.43786891142898243,-1.1967529628118267e-05,0.004892098956596992,-0.0007192587621396322,0.0020533579247970207,2.190373702110704e-06,0.3936639194230777,0.18251557296336368,0.37061224663349074,-1.0129317077239303e-05,0.453381663874226,-0.022333155171680694,0.3424485960691928,-0.1807725544222369,-0.26301885456707175,-0.36124460871642855,-0.08634086282900585,-0.16399516924336233,0.008067216390483222,-0.005286675093448924,0.004689435147830581,5.130518740985937e-06
-83.36000000000001,0.92,0.025,0.009797958971132711,0.5248792922602417,0.5278473586035246,0.46588706695792603,0.21552200466471017,0.4381973383149066,-1.156048552290296e-05,0.004897806596828242,-0.0007243309047054871,0.002052090036926869,2.182382636012473e-06,0.3943268134731886,0.1824178247482107,0.37089022714973696,-9.784794946585067e-06,0.45394816848910546,-0.022745988734684426,0.34270562397010695,-0.18090781887671661,-0.26366443223712005,-0.36148829195762233,-0.08628807979990027,-0.16389362736198246,0.008067216390483224,-0.005286675093448924,0.004683027025710619,5.103912111258212e-06
-83.19999999999999,0.92,0.025,0.009797958971132711,0.5248792922602417,0.5278473586035246,0.4666711728296063,0.21540570518977084,0.43852556007735755,-1.1155054622267427e-05,0.004903517311030594,-0.0007294144307183613,0.0020508064555669163,2.174382030049339e-06,0.39499048068297876,0.18231938887262206,0.37116803404947546,-9.441638232287151e-06,0.4545150549379327,-0.023159835167676095,0.3429624907797332,-0.1810429999127901,-0.26431104988635373,-0.361731743071139,-0.0862346363064557,-0.16379083239486378,0.008067216390483228,-0.005286675093448926,0.004676594902625472,5.077354444839137e-06
-83.04000000000002,0.92,0.025,0.009797958971132711,0.5248792922602417,0.5278473586035246,0.4674561926610988,0.21528859143884038,0.4388535742202753,-1.0751240934551965e-05,0.004909231093531919,-0.0007345093574804332,0.002049507178868376,2.166372161135062e-06,0.395654921468354,0.18222026379383452,0.3714456652200411,-9.099850327004783e-06,0.4550823228558823,-0.023574696101901882,0.3432191945442697,-0.18117809650315655,-0.264958708661022,-0.361974960876427,-0.08618053224867202,-0.16368678420609997,0.008067216390483226,-0.005286675093448925,0.004670138845757228,5.050846294238068e-06
-82.88,0.92,0.025,0.009797958971132711,0.5248792922602417,0.5278473586035246,0.46824212694287587,0.2151706615864135,0.4391813782476358,-1.0349048420317315e-05,0.004914947938638115,-0.000739615702311417,0.0020481922053772286,2.1583533074883324e-06,0.39632013624445017,0.18212044796674037,0.37172311854879897,-8.759434582956576e-06,0.4556499718762761,-0.023990573170405285,0.3434757333099623,-0.18131310762049255,-0.26560740970785424,-0.36221794419044007,-0.08612576754307799,-0.1635814826913509,0.008067216390483228,-0.005286675093448924,0.004663658922771317,5.024388211313729e-06
-82.71999999999997,0.92,0.025,0.009797958971132711,0.5248792922602417,0.5278473586035246,0.4690289761644974,0.21505191380421246,0.4395089696635113,-9.948480991926498e-06,0.0049206678406330554,-0.0007447334825485688,0.0020468615340348264,2.1503257486162514e-06,0.3969861254256306,0.18201993984388543,0.37200039192319595,-8.420394311566589e-06,0.45621800163057935,-0.024407468008027795,0.343732105123152,-0.18144803223747677,-0.2662571541740585,-0.3624606918276326,-0.08607034212275798,-0.16347492777789008,0.008067216390483226,-0.005286675093448925,0.0046571552018144025,4.997980747240989e-06
-82.56,0.92,0.025,0.009797958971132711,0.5248792922602417,0.5278473586035246,0.4698167408146068,0.2149323462611841,0.4398363459721294,-9.549542513081787e-06,0.004926390793778548,-0.0007498627155466897,0.002045515164178443,2.1422897652973287e-06,0.3976528894254832,0.18191873787546622,0.37227748323081034,-8.082732783072424e-06,0.4567864117483969,-0.024825382251409806,0.34398830803032165,-0.18158286932681397,-0.2669079432073198,-0.3627032025999567,-0.08601425593737659,-0.1633671194246476,0.008067216390483228,-0.005286675093448926,0.004650627751512195,4.9716244524764104e-06
-82.39999999999998,0.92,0.025,0.009797958971132711,0.5248792922602417,0.5278473586035246,0.47060542138092765,0.21481195712349707,0.4401635046779343,-9.15223679820127e-06,0.004932116792314296,-0.0007550034186781296,0.0020441530955418426,2.1342456395641725e-06,0.39832042865681716,0.18181684050932792,0.37255439035940363,-7.746453225997554e-06,0.45735520185746914,-0.025244317538991267,0.3442443400781437,-0.18171761786125978,-0.2675597779557994,-0.36294547531685856,-0.08595750895320393,-0.16325805762225523,0.008067216390483228,-0.005286675093448923,0.00464407664096732,4.9453198767217614e-06
-82.24000000000001,0.92,0.025,0.009797958971132711,0.5248792922602417,0.5278473586035246,0.47139501835026015,0.2146907445545392,0.4404904432856452,-8.75656761200284e-06,0.004937845830457848,-0.0007601556093327922,0.0020427753282558,2.126193654685925e-06,0.3989887435316602,0.181714246190962,0.3728311111969701,-7.411558826799203e-06,0.45792437158366817,-0.025664275511012427,0.344500199313526,-0.18185227681364444,-0.26821265956813223,-0.36318750878527434,-0.08590010115313898,-0.1631477423930868,0.008067216390483228,-0.005286675093448924,0.004637501939757117,4.9190675688895575e-06
-82.07999999999998,0.92,0.025,0.009797958971132711,0.5248792922602417,0.5278473586035246,0.4721855322084774,0.21456870671491435,0.44081715930031723,-8.362538668827695e-06,0.004943577902404558,-0.0007653193049181366,0.002041381862848589,2.1181340951506556e-06,0.3996578344612553,0.18161095336350352,0.3731076436317885,-7.078052729295762e-06,0.45849392055099353,-0.026085257809514567,0.34475588378366023,-0.18198684515689756,-0.2688665891934262,-0.3634293018096271,-0.08584203253673149,-0.16303617379129662,0.008067216390483226,-0.005286675093448924,0.004630903717931385,4.892868077066079e-06
-81.92000000000002,0.92,0.025,0.009797958971132711,0.5248792922602417,0.5278473586035246,0.472976963440522,0.21444584176243983,0.4411436502274011,-7.970153632371358e-06,0.004949313002327545,-0.0007704945228591833,0.002039972700246476,2.1100672466472326e-06,0.4003277018560578,0.18150696046772907,0.3733839855524723,-6.745938034439118e-06,0.45906384838156866,-0.026507266078340776,0.34501139153606825,-0.18212132186407237,-0.2695215679812602,-0.363670853191823,-0.08578330312020437,-0.16292335190285823,0.008067216390483226,-0.005286675093448924,0.004624282046010154,4.8667219484778984e-06
-81.75999999999999,0.92,0.025,0.009797958971132711,0.5248792922602417,0.5278473586035246,0.47376931253040266,0.2143221478521435,0.4414699135728032,-7.579416114924849e-06,0.0049550511243776395,-0.0007756812805985175,0.002038547841774153,2.1019933960473023e-06,0.4009983461257328,0.18140226594205427,0.37366013484802063,-6.415217799672392e-06,0.4596341546956369,-0.026930301963136765,0.34526672061864927,-0.18225570590837004,-0.27017759708168276,-0.36391216173124713,-0.08572391293647323,-0.16280927684559798,0.008067216390483226,-0.005286675093448923,0.004617636994981374,4.840629729453859e-06
-81.59999999999997,0.92,0.025,0.009797958971132711,0.5248792922602417,0.5278473586035246,0.47456257996119017,0.21419762313626123,0.4417959468429446,-7.190329676987055e-06,0.004960792262683352,-0.000780879595596292,0.0020371072891551705,2.0939128313868874e-06,0.40166976767915136,0.18129686822253152,0.3739360894078683,-6.085895038601844e-06,0.46020483911155735,-0.027354367111351297,0.345521869079727,-0.18238999626316368,-0.2708346776452107,-0.3641532262247606,-0.08566386203516616,-0.162693948769229,0.008067216390483228,-0.005286675093448924,0.004610968636298613,4.814591965390482e-06
-81.44,0.92,0.025,0.009797958971132711,0.5248792922602417,0.5278473586035246,0.47535676621501427,0.2140722657642335,0.4421217475448222,-6.802897826696676e-06,0.004966536411350819,-0.0007860894853302333,0.0020356510445123537,2.0858258418475365e-06,0.4023419669243881,0.18119076574284723,0.3742118471219375,-5.7579727205160674e-06,0.4607759012458008,-0.02777946317223743,0.34577683496809636,-0.18252419190202324,-0.2714928108228272,-0.3643940454666962,-0.08560315048264278,-0.16257736785538338,0.008067216390483228,-0.005286675093448925,0.004604277041878745,4.788609200714803e-06
-81.27999999999997,0.92,0.025,0.009797958971132711,0.5248792922602417,0.5278473586035246,0.4761518717730599,0.21394607388270326,0.4424473131860679,-6.417124019334214e-06,0.0049722835644637675,-0.0007913109672956425,0.0020341791103681457,2.0777327177378703e-06,0.4030149442687179,0.18108395693432006,0.3744874058806879,-5.431453769964479e-06,0.46134734071294664,-0.02820559179685273,0.3460316163330715,-0.1826582917987394,-0.2721519977659806,-0.3646346182488554,-0.08554177836201016,-0.16245953431763913,0.00806721639048323,-0.005286675093448924,0.0045975622840994995,4.762681978849238e-06
-81.12,0.92,0.025,0.009797958971132711,0.5248792922602417,0.5278473586035246,0.4769478971155634,0.21381904563551257,0.4427726412750085,-6.033011656814113e-06,0.004978033716083463,-0.0007965440590054012,0.002032691489644997,2.0696337504736548e-06,0.4036887001186129,0.18097644022589784,0.3747627635751672,-5.106341066327465e-06,0.46191915712567727,-0.028632754638060278,0.34628621122453146,-0.18279229492734797,-0.27281223962658263,-0.3648749433605042,-0.08547974577314074,-0.16234044840155018,0.008067216390483224,-0.0052866750934489224,0.004590824435797166,4.736810842173384e-06
-80.95999999999998,0.92,0.025,0.009797958971132711,0.5248792922602417,0.5278473586035246,0.4777448427218094,0.21369117916370023,0.4430977293207258,-5.650564087096859e-06,0.0049837868602486774,-0.000801788777989973,0.0020311881856656558,2.061529232559716e-06,0.40436323487973946,0.18086821404415587,0.37503791809706233,-4.782637443318781e-06,0.4624913500947757,-0.02906095335052931,0.3465406176929683,-0.18292620026215423,-0.2734735375570071,-0.3651150195883701,-0.08541705283268618,-0.16222011038466883,0.008067216390483228,-0.005286675093448924,0.0045840635702640705,4.710996331989507e-06
-80.80000000000001,0.92,0.025,0.009797958971132711,0.5248792922602417,0.5278473586035246,0.47854270907012664,0.2135624726054986,0.44342257483311626,-5.26978460374535e-06,0.00498954299097563,-0.0008070451417974096,0.0020296692021534975,2.0534194575693877e-06,0.4050385489569552,0.180759276813294,0.37531286733874963,-4.4603456886100645e-06,0.4630639192291209,-0.029490189590736047,0.3467948337895337,-0.1830600067777574,-0.274135892710088,-0.36535484571663734,-0.08535369967409273,-0.16209852057657123,0.008067216390483228,-0.005286675093448925,0.00457727976124619,4.6852389884843555e-06
-80.63999999999999,0.92,0.025,0.009797958971132711,0.5248792922602417,0.5278473586035246,0.4793414966378849,0.21343292409633105,0.44374717532295055,-4.890676445363051e-06,0.004995302102257953,-0.0008123131679933532,0.0020281345432327813,2.045304720125072e-06,0.4057146427543058,0.18064962695513462,0.3755876091933454,-4.139468543355286e-06,0.46363686413568345,-0.029920465016964264,0.3470488575660856,-0.18319371344907448,-0.2747993062391183,-0.36559442052694385,-0.0852896864476136,-0.16197567931887702,0.008067216390483224,-0.0052866750934489224,0.0045704730829406294,4.659539350692598e-06
-80.48000000000002,0.92,0.025,0.009797958971132711,0.5248792922602417,0.5278473586035246,0.48014120590149095,0.21330253176880892,0.4440715283019341,-4.513242795096395e-06,0.0050010641880666494,-0.0008175928741610389,0.0020265842134289088,2.0371853158785997e-06,0.40639151667502194,0.1805392628891199,0.375862141554757,-3.820008701769589e-06,0.4642101844195224,-0.030351781289306195,0.34730268707523604,-0.18332731925136492,-0.2754637792978482,-0.3658337427983784,-0.08522501332032158,-0.16185158698526922,0.008067216390483226,-0.005286675093448923,0.004563643609993124,4.633897956460872e-06
-80.32,0.92,0.025,0.009797958971132711,0.5248792922602417,0.5278473586035246,0.48094183733638524,0.213171293752729,0.4443956312827659,-4.137486780074817e-06,0.005006829242350041,-0.0008228842779013015,0.00202501821766864,2.029061541490491e-06,0.40706917112151647,0.18042818303230984,0.37613646231773307,-3.5019688106553255e-06,0.4647838796837805,-0.030784140069662954,0.34755632037039713,-0.18346082316025455,-0.27612931304048366,-0.36607281130747504,-0.0851596804761196,-0.16172624398151045,0.008067216390483224,-0.005286675093448923,0.004556791417495486,4.608315342409076e-06
-80.15999999999997,0.92,0.025,0.009797958971132711,0.5248792922602417,0.5278473586035246,0.481743391417038,0.2130392081750704,0.444719481779199,-3.763411470932689e-06,0.005012597259033731,-0.0008281873968325749,0.0020234365612803035,2.0209336946100548e-06,0.40774760649538094,0.1803163857993796,0.37641056937791406,-3.185351468997428e-06,0.4653579495296805,-0.03121754302174557,0.34780975550582893,-0.1835942241517604,-0.2767959086216846,-0.36631162482821134,-0.08509368811575127,-0.16159965074545896,0.008067216390483226,-0.005286675093448924,0.00454991658098306,4.582792043894759e-06
-80.0,0.92,0.025,0.009797958971132711,0.5248792922602417,0.5278473586035246,0.48254586861694587,0.21290627315999183,0.4450430773060995,-3.3910198812484778e-06,0.0050183682320205526,-0.0008335022485908993,0.0020218392499939566,2.0128020738545506e-06,0.408426823197383,0.18020386960261708,0.3766844606318826,-2.870159227488712e-06,0.4659323935565216,-0.031651991811075586,0.348062990536685,-0.18372752120231403,-0.2774635671965636,-0.36655018213200313,-0.08502703645680931,-0.16147180774708056,0.008067216390483226,-0.005286675093448923,0.004543019176432102,4.557328594974929e-06
-79.83999999999997,0.92,0.025,0.009797958971132711,0.5248792922602417,0.5278473586035246,0.48334926940862805,0.21277248682882904,0.44536641537950694,-3.0203149671149927e-06,0.005024142155190536,-0.000838828850829922,0.0020202262899415247,2.0046669787882085e-06,0.4091068216274628,0.18009063285192092,0.37695813397721467,-2.55639458816613e-06,0.4665072113616744,-0.03208748810498554,0.34831602351906094,-0.1838607132887866,-0.2781322899206842,-0.3667884819877022,-0.08495972573374307,-0.16134271548845885,0.008067216390483226,-0.005286675093448924,0.004536099280257136,4.531925528369245e-06
-79.68,0.92,0.025,0.009797958971132711,0.5248792922602417,0.5278473586035246,0.4841535942636227,0.21263784730009158,0.44568949351669307,-2.65129962650093e-06,0.005029919022400852,-0.000844167221220902,0.002018597687656945,1.996528709901531e-06,0.40978760218473026,0.17997667395479752,0.37723158731252904,-2.244060003870387e-06,0.46708240254057765,-0.03252403357262006,0.34856885251003994,-0.18399379938851265,-0.2788020779500591,-0.36702652316159157,-0.08489175619786617,-0.16121237450380566,0.008067216390483226,-0.005286675093448925,0.004529156969308356,4.506583375422095e-06
-79.51999999999998,0.92,0.025,0.009797958971132711,0.5248792922602417,0.5278473586035246,0.4849588436524834,0.21250235268946022,0.44601230923622237,-2.2839766988187578e-06,0.005035698827485773,-0.000849517377452714,0.002016953450076234,1.9883875685899454e-06,0.41046916526746197,0.17986199131635913,0.37750481853753864,-1.9331578778801968e-06,0.467657966686734,-0.03296162988493636,0.3488214755677401,-0.1841267784793143,-0.2794729324411491,-0.36726430441738206,-0.08482312811736122,-0.1610807853594658,0.008067216390483224,-0.005286675093448924,0.004522192320868884,4.4813026660656644e-06
-79.36000000000001,0.92,0.025,0.009797958971132711,0.5248792922602417,0.5278473586035246,0.4857650180447751,0.21236600110978424,0.44633486005801054,-1.918348964373766e-06,0.005041481564256632,-0.0008548793372318496,0.002015293584537568,1.9802438571322865e-06,0.4111515112730977,0.1797465833393214,0.37777782555310013,-1.6236905634459556e-06,0.4682339033917061,-0.033400278714704794,0.34907389075136086,-0.18425964953952553,-0.28014485455086097,-0.3675018245162089,-0.0847538417772847,-0.16094794865392245,0.008067216390483226,-0.005286675093448923,0.004515205412652094,4.456083928781818e-06
-79.19999999999999,0.92,0.025,0.009797958971132711,0.5248792922602417,0.5278473586035246,0.4865721179090712,0.21222879067107828,0.4466571435033848,-1.5544191438877756e-06,0.00504726722650177,-0.0008602531182824232,0.0020136180987813126,1.9720978786691034e-06,0.4118346405982379,0.17963044842400067,0.3780506062612649,-1.3156603633866134e-06,0.4688102122451124,-0.03383998173650994,0.3493260961212304,-0.18439241154801628,-0.28081784543654603,-0.36773908221662766,-0.08468389747957016,-0.16081386501779846,0.008067216390483226,-0.005286675093448923,0.0045081963227988405,4.4309276905646725e-06
-79.04000000000002,0.92,0.025,0.009797958971132711,0.5248792922602417,0.5278473586035246,0.4873801437129489,0.21209071948051983,0.44697915709514285,-1.1921898978936658e-06,0.005053055807986496,-0.0008656387383461737,0.0020119270009500505,1.963949937181054e-06,0.41251855363864,0.179513584968312,0.37832315856532894,-1.0090695295771989e-06,0.46938689283462304,-0.034280740626751,0.34957808973885146,-0.18452506348421654,-0.28149190625599846,-0.36797607627461065,-0.08461329554303094,-0.16067853511385802,0.008067216390483222,-0.005286675093448921,0.0045011651298747365,4.40583447688246e-06
-78.88,0.92,0.025,0.009797958971132711,0.5248792922602417,0.5278473586035246,0.48818909592298626,0.21195178564244635,0.4473008983576122,-8.316638264086162e-07,0.005058847302453047,-0.000871036215182468,0.002010220299588549,1.9558003374666934e-06,0.4132032507892156,0.1793959913677666,0.378595480369883,-7.039202626722527e-07,0.4699639447459559,-0.034722557063642294,0.3498298696669485,-0.18465760432814046,-0.2821670381674542,-0.3682128054435435,-0.08454203630336068,-0.1605419596370027,0.008067216390483222,-0.005286675093448922,0.004494111912867304,4.380804811641196e-06
-78.71999999999997,0.92,0.025,0.009797958971132711,0.5248792922602417,0.5278473586035246,0.48899897500475825,0.21181198725835218,0.4476223648167097,-4.7284346818568876e-07,0.005064641703620533,-0.0008764455665683046,0.00200849800364373,1.947649385120377e-06,0.4138887324440274,0.1792776660154693,0.3788675695808631,-4.00214711472367e-07,0.47054136756287274,-0.03516543272721466,0.350081433969514,-0.1847900330604104,-0.2828432423295885,-0.3684492684742211,-0.08447012011313382,-0.1604041393142685,0.008067216390483224,-0.0052866750934489224,0.004487036751183177,4.355839217144716e-06
-78.56,0.92,0.025,0.009797958971132711,0.5248792922602417,0.5278473586035246,0.489809781422833,0.21167132242688616,0.44794355400000047,-1.15731300409892e-07,0.005070439005184899,-0.0008818668102983163,0.002006760122464601,1.939497386509373e-06,0.41457499899628586,0.17915860730211647,0.3791394241056004,-9.795497266693259e-08,0.47111916086717476,-0.03560936929931548,0.3503327807118554,-0.1849223486622811,-0.28352051990151467,-0.36868546411484365,-0.0843975473418044,-0.16026507490481914,0.008067216390483224,-0.0052866750934489224,0.004479939724645248,4.330938214057796e-06
-78.39999999999998,0.92,0.025,0.009797958971132711,0.5248792922602417,0.5278473586035246,0.4906215156407681,0.2115297892438484,0.4482644634367575,2.3967026189943805e-07,0.005076239200818879,-0.0008872999641847735,0.0020050066658021553,1.9313446487519817e-06,0.41526205083834616,0.1790388136159933,0.3794110418528716,2.0285690967168438e-07,0.4716973242386988,-0.036054368463609515,0.3505839079606409,-0.18505455011566363,-0.2841988720427828,-0.36892139111101363,-0.08432431837570373,-0.16012476719993712,0.008067216390483222,-0.005286675093448921,0.004472820913489771,4.306102321368923e-06
-78.24000000000001,0.92,0.025,0.009797958971132711,0.5248792922602417,0.5278473586035246,0.4914341781211071,0.2113873858021878,0.4485850906580204,5.933588664000966e-07,0.005082042284171951,-0.0008927450460575874,0.002003237643809257,1.9231914796943262e-06,0.4159498883617051,0.17891828334297177,0.37968242073294844,5.022189445210418e-07,0.47227585725531324,-0.03650043190557989,0.3508348137839467,-0.1851866364031493,-0.2848782999133776,-0.36915704820573175,-0.08425043361803737,-0.15998321702301396,0.008067216390483222,-0.00528667509344892,0.004465680398363474,4.281332056351326e-06
-78.07999999999998,0.92,0.025,0.009797958971132711,0.5248792922602417,0.5278473586035246,0.4922477693253753,0.2112441101919989,0.4489054331966543,9.453322238915299e-07,0.005087848248870292,-0.000898202073764314,0.002001453067040478,1.915038187887077e-06,0.41663851195699764,0.17879701486650787,0.37995355865764824,8.00129194301791e-07,0.47285475949291356,-0.036947561312528375,0.3510854962513027,-0.18531860650803392,-0.28555880467371697,-0.36939243413939293,-0.08417589348888012,-0.15984042522953568,0.008067216390483224,-0.005286675093448922,0.004458518260320584,4.256627934524693e-06
-77.92000000000002,0.92,0.025,0.009797958971132711,0.5248792922602417,0.5278473586035246,0.49306228971407656,0.21109996050051935,0.4492254885874094,1.2955881088034645e-06,0.005093657088516732,-0.000903671065170154,0.001999652946451936,1.9068850825628422e-06,0.41732792201399443,0.1786750065676396,0.3802244535403833,1.0965857752912525e-06,0.473434030525419,-0.03739575837357614,0.35133595343373913,-0.18545045941434135,-0.28624038748465025,-0.36962754764978295,-0.0841006984251709,-0.15969639270706937,0.008067216390483222,-0.005286675093448921,0.004451334580819904,4.231990469618489e-06
-77.75999999999999,0.92,0.025,0.009797958971132711,0.5248792922602417,0.5278473586035246,0.49387773974668914,0.2109549348121268,0.44954525436697934,1.644124359704656e-06,0.00509946879669071,-0.0009091520381579607,0.001997837293401076,1.8987324736124646e-06,0.4180181189215977,0.17855225682498413,0.38049510329621133,1.391586858054021e-06,0.47401366992476734,-0.03784502477966487,0.3515861834038331,-0.18558219410684798,-0.2869230495074569,-0.36986238747207467,-0.0840248488807056,-0.15955112037524438,0.008067216390483222,-0.005286675093448922,0.004444129441721776,4.207420173532992e-06
-77.59999999999997,0.92,0.025,0.009797958971132711,0.5248792922602417,0.5278473586035246,0.49469411988166234,0.21080903120833638,0.4498647280740598,1.9909388798742972e-06,0.005105283366948227,-0.0009146450106282384,0.001996006119646439,1.8905806715613667e-06,0.41870910306783904,0.17842876401473592,0.38076550584188423,1.6851306679256051e-06,0.47459367726091234,-0.0382953622235568,0.3518361842357537,-0.18571380957110575,-0.2876067919038443,-0.37009695233882384,-0.0839483453261291,-0.1594046091857331,0.008067216390483222,-0.005286675093448921,0.004436902925285078,4.182917556300174e-06
-77.44,0.92,0.025,0.009797958971132711,0.5248792922602417,0.5278473586035246,0.4955114305764124,0.2106622477677977,0.4501839072494079,2.3360296376189575e-06,0.005111100792821807,-0.0009201500004991476,0.001994159437347417,1.8824299875462708e-06,0.4194008748398755,0.178304526510664,0.38103565909589887,1.9772154852806856e-06,0.47517405210181807,-0.03874677239983571,0.3520859540053094,-0.18584530479346703,-0.2882916158359467,-0.37033124097996634,-0.08387118824892693,-0.15925686012223048,0.008067216390483226,-0.0052866750934489224,0.00442965511416419,4.158483126048294e-06
-77.27999999999997,0.92,0.025,0.009797958971132711,0.5248792922602417,0.5278473586035246,0.496329672287319,0.21051458256629205,0.4505027894359003,2.679394666904666e-06,0.005116921067820439,-0.000925667025706509,0.00199229725906394,1.8742807332907636e-06,0.42009343462398685,0.1781795426841096,0.381305560978546,2.2678396460681092e-06,0.4757547940134558,-0.039199257004907645,0.3523354907899935,-0.1859766787611076,-0.28897752246632297,-0.37056525212281316,-0.0837933781534138,-0.15910787420042766,0.008067216390483224,-0.005286675093448921,0.004422386091405869,4.134117388961147e-06
-77.12,0.92,0.025,0.009797958971132711,0.5248792922602417,0.5278473586035246,0.49714884546972116,0.2103660336767295,0.45082137217859214,3.0210320678258426e-06,0.00512274418542955,-0.000931196104203803,0.0019904195977561816,1.8661332210817342e-06,0.420786782805572,0.17805381090398387,0.3815752094119604,2.5570015422077934e-06,0.4763359025597996,-0.03965281773700145,0.35258479266903003,-0.18610793046205104,-0.2896645129579554,-0.3707989844920479,-0.08371491556072333,-0.1589576524679879,0.008067216390483226,-0.005286675093448922,0.004415095940446189,4.109820849241231e-06
-76.95999999999998,0.92,0.025,0.009797958971132711,0.5248792922602417,0.5278473586035246,0.497968950577914,0.21021659916914626,0.4511396530247749,3.3609400069590327e-06,0.00512857013911094,-0.0009367372539621753,0.0019885264667841903,1.8579877637447315e-06,0.4214809197691464,0.1779273295367654,0.3818446023201695,2.8446996218901256e-06,0.4769173773028221,-0.040107456296169575,0.35283385772342,-0.1862390588851921,-0.2903525884742477,-0.37103243680972214,-0.08363580100879436,-0.1588061960045158,0.008067216390483226,-0.00528667509344892,0.004407784745107352,4.085594009071989e-06
-76.80000000000001,0.92,0.025,0.009797958971132711,0.5248792922602417,0.5278473586035246,0.49878998806514424,0.21006627711070164,0.45145762952403534,3.699116717994861e-06,0.00513439892230275,-0.0009422904929704391,0.0019866178799075496,1.849844674619823e-06,0.4221758458983381,0.17780009694649787,0.3821137376291435,3.1309323901108503e-06,0.4774992178024903,-0.0405631743842884,0.35308268403598675,-0.1863700630203205,-0.2910417501790234,-0.3712656077952518,-0.08355603505235858,-0.15865350592152933,0.008067216390483226,-0.005286675093448922,0.004400452589594599,4.061437368578776e-06
-76.63999999999999,0.92,0.025,0.009797958971132711,0.5248792922602417,0.5278473586035246,0.49961195838360717,0.20991506556567538,0.4517752992283138,4.03556050210376e-06,0.005140230528419413,-0.0009478558392350773,0.001984693851284944,1.8417042675368863e-06,0.4228715615758851,0.17767211149478765,0.3823826132668448,3.4156984089806227e-06,0.4780814236167619,-0.0410199737050594,0.35333126969142253,-0.1865009418581449,-0.29173199923652426,-0.3714984961654141,-0.0834756182629242,-0.15849958336242403,0.00806721639048323,-0.005286675093448922,0.004393099558492938,4.037351425791519e-06
-76.48000000000002,0.92,0.025,0.009797958971132711,0.5248792922602417,0.5278473586035246,0.5004348619844423,0.2097629625954648,0.45209265969196155,4.370269728499898e-06,0.005146064950851606,-0.0009534333107802458,0.001982754395473756,1.833566856790965e-06,0.423568067183632,0.17754337154080144,0.38265122716327626,3.6989962982023142e-06,0.47866399430158096,-0.041477855964009325,0.35357961277633304,-0.18663169439031593,-0.29242333681140853,-0.3717311006343426,-0.08339455122876094,-0.15834442950244,0.008067216390483226,-0.005286675093448921,0.004385725736763989,4.013336676605951e-06
-76.32,0.92,0.025,0.009797958971132711,0.5248792922602417,0.5278473586035246,0.5012586993177298,0.2096099662585819,0.45240970847179995,4.703242834766949e-06,0.005151902182966207,-0.0009590229256477762,0.0019807995274295836,1.8254327571172019e-06,0.42426536310252655,0.17741387544126372,0.3829195772505315,3.980824735346745e-06,0.47924692941087316,-0.04193682286849117,0.3538277113792842,-0.18676231960945067,-0.2931157640687491,-0.3719634199135246,-0.08331283455488173,-0.15818804554862206,0.008067216390483228,-0.0052866750934489224,0.0043783312097426825,3.989393614746541e-06
-76.15999999999997,0.92,0.025,0.009797958971132711,0.5248792922602417,0.5278473586035246,0.5020834708324865,0.20945607461065055,0.4527264431271777,5.034478327436456e-06,0.005157742218106248,-0.0009646247018971773,0.001978829262505778,1.817302283666233e-06,0.42496344971261657,0.17728362155045463,0.3831876614628432,4.261182456342216e-06,0.4798302284965423,-0.042396876127684606,0.3540755635908468,-0.1868928165091554,-0.2938092821740321,-0.37219545271179666,-0.08323046886302515,-0.15803043273978198,0.008067216390483228,-0.005286675093448923,0.004370916063134032,3.965522731728341e-06
-76.0,0.92,0.025,0.009797958971132711,0.5248792922602417,0.5278473586035246,0.5029091769766626,0.2093012857044037,0.4530428612200285,5.363974782415311e-06,0.005163585049590869,-0.0009702386576056395,0.00197684361645292,1.8091757519784228e-06,0.42566232739304727,0.1771526082202073,0.38345547773663213,4.540068255836319e-06,0.4804138911084665,-0.04285801745259694,0.35432316750364234,-0.18702318408404942,-0.29450389229315477,-0.372427197735341,-0.08314745479163549,-0.15787159234645554,0.008067216390483224,-0.00528667509344892,0.004363480383009811,3.941724516818073e-06
-75.83999999999997,0.92,0.025,0.009797958971132711,0.5248792922602417,0.5278473586035246,0.5037358181971369,0.20914559758968054,0.4533589603149298,5.691730845388843e-06,0.005169430670715275,-0.000975864810868037,0.001974842605418268,1.8010534779589325e-06,0.42636199652205664,0.17702083379990563,0.3837230240105566,4.817480987537117e-06,0.4809979167944926,-0.04332024855606332,0.35457052121238825,-0.18715342132978877,-0.29519959559242426,-0.37265865368768186,-0.0830637929958414,-0.15771152567085747,0.008067216390483224,-0.00528667509344892,0.00435602425580521,3.917999456997627e-06
-75.68,0.92,0.025,0.009797958971132711,0.5248792922602417,0.5278473586035246,0.5045633949397137,0.20898900831342374,0.45367473797915914,6.017745232296182e-06,0.005175279074750686,-0.000981503179796929,0.001972826245945205,1.7929357778519837e-06,0.4270624574769737,0.17688829663648187,0.3839902982255603,5.0934195646154885e-06,0.4815823051004337,-0.04378357115274762,0.3548176228139433,-0.18728352724308936,-0.2958963932385554,-0.3728898192696816,-0.0829794841474347,-0.15755023404683624,0.008067216390483226,-0.005286675093448922,0.004348547768315517,3.894348036925416e-06
-75.51999999999998,0.92,0.025,0.009797958971132711,0.5248792922602417,0.5278473586035246,0.5053919076491191,0.2088315159196764,0.4539901917827529,6.342016729816501e-06,0.005181130254944294,-0.0009871537825225636,0.001970794554972625,1.784822968215471e-06,0.4277637106342144,0.1767549950744141,0.38425729832492206,5.367882960116687e-06,0.48216705557006373,-0.044247986959143205,0.3550644704073525,-0.18741350082175048,-0.29659428639866925,-0.37312069317953683,-0.08289452893484653,-0.1573877188398238,0.008067216390483226,-0.0052866750934489224,0.0043410510076926905,3.870770738898718e-06
-75.36000000000001,0.92,0.025,0.009797958971132711,0.5248792922602417,0.5278473586035246,0.5062213567689966,0.20867311844957948,0.45430531929856266,6.6645441957453405e-06,0.0051869842045192145,-0.00099281663719288,0.0019687475498343055,1.7767153658950654e-06,0.42846575636927875,0.17662092745572408,0.38452402225430343,5.6408702072788565e-06,0.482752167745114,-0.04471349769357337,0.3553110620938923,-0.1875433410646782,-0.29729327624029145,-0.3733512741127749,-0.08280892806312304,-0.15722398144678482,0.008067216390483224,-0.005286675093448922,0.004333534061441975,3.847268042816305e-06
-75.19999999999999,0.92,0.025,0.009797958971132711,0.5248792922602417,0.5278473586035246,0.5070517427419033,0.20851381394136884,0.4546201181023132,6.985326559396523e-06,0.005192840916674444,-0.0009984917619735097,0.001966685248258253,1.7686132879981783e-06,0.42916859505674704,0.1764860921199746,0.3847904679617979,5.912380399873217e-06,0.48333764116526845,-0.045180105076191884,0.355557395977116,-0.18767304697190873,-0.29799336393135006,-0.37358156076224974,-0.08272268225389977,-0.15705902329616286,0.008067216390483226,-0.005286675093448921,0.004325997017418443,3.82384042614081e-06
-75.04000000000002,0.92,0.025,0.009797958971132711,0.5248792922602417,0.5278473586035246,0.5078830660093063,0.2083536004303723,0.4549345857726591,7.304362822119066e-06,0.005198700384584808,-0.001004179175047782,0.001964607668366027,1.7605170518680604e-06,0.4298722270702769,0.17635048740426712,0.3850566333979787,6.182412692641578e-06,0.48392347536815994,-0.04564781082898395,0.35580347016289754,-0.18780261754463135,-0.29869455064017436,-0.37381155181813824,-0.08263579224537534,-0.15689284584782567,0.008067216390483226,-0.005286675093448922,0.004318439963823571,3.8004883638606466e-06
-74.88,0.92,0.025,0.009797958971132711,0.5248792922602417,0.5278473586035246,0.5087153270115791,0.20819247594900717,0.455248719891242,7.621652057633833e-06,0.005204562601400925,-0.0010098788946167226,0.0019625148286719976,1.752426975057798e-06,0.43057665278260054,0.17621411164323966,0.38532251651594723,6.4509663015812766e-06,0.4845096698893659,-0.046116616675766504,0.3560492827594772,-0.18793205178521186,-0.2993968375354929,-0.37404124596793686,-0.08254825879228221,-0.15672545059300472,0.008067216390483226,-0.0052866750934489224,0.004310862989201675,3.7772123284537156e-06
-74.71999999999997,0.92,0.025,0.009797958971132711,0.5248792922602417,0.5278473586035246,0.5095485261879967,0.20803043852677702,0.4555625180427477,7.937193412518371e-06,0.005210427560249148,-0.0010155909388990594,0.0019604067480826328,1.7443433753035498e-06,0.4312818725655205,0.17607696316906407,0.3855881152713817,6.718040504355549e-06,0.48509622426240406,-0.04658652434218909,0.356294831877506,-0.18806134869721589,-0.3001002257864314,-0.37427064189645715,-0.08246008266585879,-0.15655683905423712,0.008067216390483228,-0.0052866750934489224,0.004303266182436465,3.754012789848366e-06
-74.56,0.92,0.025,0.009797958971132711,0.5248792922602417,0.5278473586035246,0.510382663976733,0.20786748619026885,0.45587597781496236,8.250986106550959e-06,0.005216295254231526,-0.001021315326131222,0.0019582834458957018,1.736266570498526e-06,0.43198788678990685,0.17593904031144356,0.3858534276225842,6.983634640584732e-06,0.4856831380187281,-0.04705753555573437,0.35654011563008997,-0.18819050728543169,-0.3008047165625115,-0.37449973828582206,-0.08237126465381793,-0.15638701278530112,0.008067216390483226,-0.005286675093448922,0.004295649632747444,3.7308902153876403e-06
-74.39999999999998,0.92,0.025,0.009797958971132711,0.5248792922602417,0.5278473586035246,0.5112177408148558,0.20770361696315082,0.45618909679882996,8.563029433138177e-06,0.005222165676425755,-0.0010270520745673446,0.001956144941799489,1.7281968786664e-06,0.432694695825694,0.17580034139761086,0.3861184515305297,7.247748112208153e-06,0.4862704106877236,-0.04752965204571855,0.3567851321328353,-0.18831952655589346,-0.30151031103364867,-0.3747285338154626,-0.08228180556031597,-0.156215973371152,0.008067216390483226,-0.005286675093448922,0.004288013429686364,3.7078450697917736e-06
-74.24000000000001,0.92,0.025,0.009797958971132711,0.5248792922602417,0.5278473586035246,0.5120537571383237,0.2075388288661686,0.4565018725885076,8.873322759717981e-06,0.005228038819885135,-0.0010328012024792706,0.0019539912558719555,1.7201346179345555e-06,0.4334023000418772,0.1756608647523251,0.3863831849589129,7.5103803838252996e-06,0.48685804179670394,-0.04800287554329249,0.35702987950389176,-0.1884484055159042,-0.3022170103701506,-0.3749570271621138,-0.0821917062059195,-0.15604372242785414,0.008067216390483226,-0.005286675093448923,0.004280357663133619,3.6848778151208985e-06
-74.07999999999998,0.92,0.025,0.009797958971132711,0.5248792922602417,0.5278473586035246,0.5128907133819818,0.2073731199171433,0.45681430278142315,9.181865528139834e-06,0.005233914677638517,-0.0010385627281565505,0.001951822408579879,1.7120801065071077e-06,0.4341106998065094,0.1755206086978701,0.3866476258741966,7.771530983017555e-06,0.48744603087090604,-0.04847720778144171,0.3572743558639976,-0.1885771431740587,-0.3029248157427153,-0.3751852169998109,-0.0821009674275713,-0.1558702616025113,0.008067216390483228,-0.0052866750934489224,0.00427268242329461,3.6619889107377535e-06
-73.92000000000002,0.92,0.025,0.009797958971132711,0.5248792922602417,0.5278473586035246,0.5137286099795577,0.20720648813096806,0.45712638497833025,9.488657255020741e-06,0.005239793242690261,-0.0010443366699064494,0.0019496384207779742,1.7040336626385458e-06,0.4348198954866977,0.17537957155405137,0.38691177224565876,8.031199500649556e-06,0.48803437743348577,-0.048952650494987565,0.3575185593365234,-0.18870573854026634,-0.30363372832242946,-0.3754131019998849,-0.08200959007855534,-0.15569559257319518,0.008067216390483226,-0.005286675093448922,0.004264987800696116,3.639178813272298e-06
-73.75999999999999,0.92,0.025,0.009797958971132711,0.5248792922602417,0.5278473586035246,0.5145674473636579,0.20703893151960542,0.4574381167833653,9.793697532225352e-06,0.005245674508020191,-0.0010501230460539443,0.001947439313707957,1.6959956046061968e-06,0.43552988744860005,0.17523775163819405,0.3871756220454404,8.289385591275538e-06,0.48862308100551394,-0.04942920542058743,0.35776248804751604,-0.18883419062577414,-0.30434374928076646,-0.3756406808309601,-0.08191757502845966,-0.15551971704886958,0.008067216390483226,-0.0052866750934489224,0.004257273886182571,3.6164479765828766e-06
-73.59999999999997,0.92,0.025,0.009797958971132711,0.5248792922602417,0.5278473586035246,0.5154072259657636,0.20687044809208466,0.4577494958041028,1.0096986027085224e-05,0.0052515584665835426,-0.0010559218749417285,0.001945225108997622,1.687966250683621e-06,0.43624067605742234,0.17509514726514047,0.3874391732485926,8.546088973324934e-06,0.4892121411059722,-0.049906874296735515,0.3580061401257426,-0.18896249844318946,-0.3050548797895849,-0.37586795215894897,-0.08182492316313948,-0.1553426367693157,0.008067216390483228,-0.005286675093448923,0.00424954077091242,3.593796851722157e-06
-73.44,0.92,0.025,0.009797958971132711,0.5248792922602417,0.5278473586035246,0.5162479462162272,0.2067010358544987,0.45806051965161076,1.0398522482851754e-05,0.005257445111310921,-0.0010617331749302136,0.0019429958286598435,1.6799459191130243e-06,0.4369522616774147,0.1749517567472477,0.38770242383312337,8.801309429485724e-06,0.489801557251749,-0.05038565886376356,0.358249513702734,-0.18909066100650246,-0.3057671210211264,-0.376094914647049,-0.08173163538467741,-0.1551643535050512,0.008067216390483226,-0.005286675093448921,0.004241788546354333,3.571225886899034e-06
-73.27999999999997,0.92,0.025,0.009797958971132711,0.5248792922602417,0.5278473586035246,0.5170896085442672,0.20653069281000141,0.45837118594050763,1.0698306719053813e-05,0.005263334435108253,-0.0010675569643975305,0.0019407514950915803,1.6719349280781059e-06,0.4376646446718678,0.1748075783943852,0.3879653717800457,9.055046807007147e-06,0.4903913289576342,-0.05086556086384095,0.35849260691282897,-0.1892186773311094,-0.3064804741480141,-0.37632156695573876,-0.08163771261134366,-0.1549848690572496,0.008067216390483228,-0.005286675093448922,0.004234017304283461,3.5487355274426495e-06
-73.12,0.92,0.025,0.009797958971132711,0.5248792922602417,0.5278473586035246,0.5179322133779661,0.2063594169588049,0.4586814922890162,1.0996338631837463e-05,0.005269226430856738,-0.0010733932617395334,0.0019384921310728529,1.6639335956768605e-06,0.43837782540311054,0.17466261051393248,0.38822801507342336,9.30730101798723e-06,0.49098145573631635,-0.05134658204097596,0.3587354178932171,-0.18934654643383442,-0.3071949403432507,-0.3765479077427741,-0.08154315577755508,-0.15480418525765755,0.008067216390483226,-0.005286675093448923,0.004226227136777697,3.5263262157667934e-06
-72.95999999999998,0.92,0.025,0.009797958971132711,0.5248792922602417,0.5278473586035246,0.5187757611442648,0.2061872062981761,0.45899143631901973,1.129261819422762e-05,0.005275121091412807,-0.0010792420853697993,0.0019362177597656556,1.6559422398937776e-06,0.43909180423250577,0.17451685141077627,0.38849035170041835,9.558072039594258e-06,0.4915719370983771,-0.05182872414101605,0.35897794478398254,-0.18947426733295283,-0.3079105207802167,-0.376773935663184,-0.08144796583383168,-0.15462230396850674,0.008067216390483226,-0.0052866750934489224,0.004218418136213794,3.5039983913339622e-06
-72.80000000000001,0.92,0.025,0.009797958971132711,0.5248792922602417,0.5278473586035246,0.5196202522689594,0.20601405882243484,0.4593010156561165,1.1587145456617667e-05,0.005281018409608065,-0.001085103453719632,0.0019339284047128868,1.647961178572709e-06,0.4398065815204472,0.17437029938730886,0.388752379651337,9.807359914481193e-06,0.49216277255228785,-0.052311988911648274,0.3592201857281466,-0.1896018390482131,-0.3086272166326685,-0.3769996493692671,-0.08135214374675347,-0.15443922708242744,0.008067216390483224,-0.0052866750934489224,0.004210590395263598,3.481752490619071e-06
-72.63999999999999,0.92,0.025,0.009797958971132711,0.5248792922602417,0.5278473586035246,0.5204656871766968,0.20583997252295017,0.4596102279296755,1.1879920546947357e-05,0.005286918378249256,-0.0010909773852380612,0.0019316240898372158,1.63999072938886e-06,0.4405221576263562,0.17422295274342503,0.38901409691967737,1.0055164750936244e-05,0.492753961604405,-0.05279637810240015,0.359462138871712,-0.18972926060085957,-0.3093450290747369,-0.3772250475105879,-0.08125569049891518,-0.15425495652235682,0.008067216390483228,-0.005286675093448923,0.004202744006890146,3.459588947074389e-06
-72.48000000000002,0.92,0.025,0.009797958971132711,0.5248792922602417,0.5278473586035246,0.5213120662909716,0.20566494538813807,0.45991907077289035,1.217094367111319e-05,0.005292820990118207,-0.0010968638983918485,0.0019293048394399364,1.6320312098211652e-06,0.44123853290867837,0.17407480977652007,0.38927550150217444,1.0301486723230205e-05,0.49334550375896574,-0.0532818934646402,0.35970380236370464,-0.18985653101365463,-0.3100639592809246,-0.3774501287339722,-0.0811586070888801,-0.15406949424144634,0.008067216390483226,-0.005286675093448924,0.004194879064343806,3.4375081910934628e-06
-72.32,0.92,0.025,0.009797958971132711,0.5248792922602417,0.5278473586035246,0.5221593900341209,0.2054889754034584,0.4602275418228347,1.2460215113235173e-05,0.0052987262379717865,-0.0011027630116654846,0.0019269706781997868,1.6240829371249506e-06,0.44195570772487996,0.1739258687814872,0.38953659139884733,1.0546326071842252e-05,0.49393739851808377,-0.053768536751578326,0.3599451743562172,-0.18998364931090114,-0.31078400842610515,-0.3776748916835046,-0.08106089453113247,-0.15388284222296628,0.008067216390483226,-0.0052866750934489224,0.004186995661158354,3.4155106499772343e-06
-72.15999999999997,0.92,0.025,0.009797958971132711,0.5248792922602417,0.5278473586035246,0.5230076588273213,0.20531206055141202,0.46053563872051567,1.2747735235939647e-05,0.0053046341145418525,-0.0011086747435611953,0.0019246216311717358,1.616146228303306e-06,0.4426736824314447,0.17377612805071513,0.3897973646130445,1.0789683103699318e-05,0.4945296453817451,-0.05425630971826659,0.36018625300445134,-0.19011061451846453,-0.31150517768552044,-0.3778993350005231,-0.08096255385602874,-0.15369500248020782,0.008067216390483228,-0.005286675093448923,0.004179093891147043,3.39359674789748e-06
-72.0,0.92,0.025,0.009797958971132711,0.5248792922602417,0.5278473586035246,0.5238568730905839,0.20513419881153794,0.46084335911092883,1.3033504480748878e-05,0.005310544612535208,-0.0011145991125989397,0.0019222577237857585,1.6082214000798265e-06,0.4433924573838703,0.17362558587408572,0.3900578191514902,1.103155819250585e-05,0.4951222438478033,-0.05474521412159983,0.3604270364667604,-0.19023742566379492,-0.3122274682347793,-0.37812345732361613,-0.08086358610974803,-0.153505977056384,0.008067216390483228,-0.005286675093448923,0.004171173848398657,3.3717669058625055e-06
-71.83999999999997,0.92,0.025,0.009797958971132711,0.5248792922602417,0.5278473586035246,0.5247070332427518,0.20495538816041076,0.46115070064311203,1.3317523368263856e-05,0.005316457724633555,-0.0011205361373164142,0.0019198789818455526,1.6003087688703727e-06,0.4441120329366651,0.17347424053897167,0.39031795302433003,1.1271951778898527e-05,0.4957151934119761,-0.05523525172031605,0.3606675229046918,-0.1903640817759495,-0.31295088124985554,-0.37834725728861895,-0.08076399235424044,-0.15331576802452615,0.008067216390483228,-0.0052866750934489224,0.004163235627273505,3.35002154168286e-06
-71.68,0.92,0.025,0.009797958971132711,0.5248792922602417,0.5278473586035246,0.5255581397014943,0.20477562657163748,0.4614576609701992,1.3599792498435077e-05,0.0053223734434934425,-0.0011264858362690533,0.001917485431527259,1.5924086507551943e-06,0.44483240944334485,0.17332209033023396,0.3905777642451766,1.151086437067545e-05,0.49630849356784,-0.055726424274997056,0.36090771048302933,-0.1904905818856142,-0.3136754179070858,-0.3785707335286088,-0.08066377366717518,-0.15312437748738061,0.008067216390483228,-0.005286675093448924,0.0041552793223994374,3.3283610699372736e-06
-71.51999999999998,0.92,0.025,0.009797958971132711,0.5248792922602417,0.5278473586035246,0.5264101928833043,0.20459491201585486,0.4617642377494742,1.3880312550913769e-05,0.005328291761746223,-0.0011324482280300303,0.0019150770993781204,1.5845213614505268e-06,0.44555358725642874,0.17316913353021957,0.390837250831155,1.1748296543093414e-05,0.4969021438068267,-0.05621873354806912,0.3611475973698355,-0.19061692502512595,-0.314401079383168,-0.37879388467390196,-0.08056293114188656,-0.15293180757730035,0.008067216390483226,-0.0052866750934489224,0.004147305028667787,3.3067859019369894e-06
-71.36000000000001,0.92,0.025,0.009797958971132711,0.5248792922602417,0.5278473586035246,0.5272631932034935,0.20441324246072662,0.462070428642424,1.415908428532128e-05,0.005334212671998006,-0.0011384233311902603,0.0019126540123151476,1.5766472162809693e-06,0.4462755667274369,0.17301536841875903,0.39109641080294766,1.1984248939095933e-05,0.49749614361821864,-0.05671218130380351,0.3613871817364925,-0.19074311022849413,-0.3151278668551595,-0.37901670935204956,-0.08046146588731982,-0.15273806045613753,0.008067216390483228,-0.005286675093448923,0.004139312841229353,3.2852964456927703e-06
-71.19999999999999,0.92,0.025,0.009797958971132711,0.5248792922602417,0.5278473586035246,0.5281171410761883,0.20423061587094032,0.46237623131479205,1.4436108541344765e-05,0.005340136166829604,-0.0011444111643584029,0.001910216197623714,1.568786530150715e-06,0.44699834820688583,0.1728607932731639,0.39135524218484,1.221872226939421e-05,0.4980904924891441,-0.05720676930831683,0.36162646175774504,-0.1908691365314229,-0.31585578150047505,-0.37923920618783324,-0.08035937902797421,-0.15254313831512986,0.008067216390483226,-0.005286675093448923,0.004131302855490269,3.2638931058812197e-06
-71.04000000000002,0.92,0.025,0.009797958971132711,0.5248792922602417,0.5278473586035246,0.5289720369143266,0.2040470302082048,0.4626816434366317,1.4711386239130314e-05,0.00534606223879649,-0.0011504117461608586,0.0019077636829561667,1.5609396175160197e-06,0.44772193204428606,0.17270540636822457,0.3916137430047651,1.2451717312799899e-05,0.4986851899045737,-0.05770249932957206,0.36186543561174156,-0.19099500297133246,-0.31658482449688485,-0.37946137380326217,-0.0802566717038468,-0.1523470433747888,0.008067216390483228,-0.0052866750934489224,0.004123275167107951,3.242576283811347e-06
-70.88,0.92,0.025,0.009797958971132711,0.5248792922602417,0.5278473586035246,0.5298278811296524,0.20386248343124733,0.4629866626823587,1.4984918379465131e-05,0.005351990880428749,-0.0011564250952417765,0.0019052964963303684,1.55310679235632e-06,0.4484463185881378,0.17254920597620774,0.39187191129434845,1.2683234916379288e-05,0.4992802353473155,-0.0581993731373785,0.36210410148007566,-0.1911207085873811,-0.3173149970225128,-0.3796832108175684,-0.08015334507037325,-0.15214977788478184,0.008067216390483226,-0.005286675093448923,0.004115229871986935,3.221346377390339e-06
-70.71999999999997,0.92,0.025,0.009797958971132711,0.5248792922602417,0.5278473586035246,0.5306846741327133,0.20367697349581063,0.4632912867308039,1.525670604401241e-05,0.005357922084231033,-0.0011624512302630516,0.0019028146661282368,1.545288368146286e-06,0.4491715081859285,0.17239219036685413,0.39212974508895243,1.2913275995652105e-05,0.49987562829801085,-0.05869739250339293,0.3623424575478273,-0.19124625242048637,-0.31804630025583475,-0.37990471584720353,-0.08004940029836848,-0.15195134412381478,0.008067216390483228,-0.0052866750934489224,0.004107167066274739,3.2002037810911076e-06
-70.56,0.92,0.025,0.009797958971132711,0.5248792922602417,0.5278473586035246,0.5315424163328547,0.20349049835465013,0.4635955132652659,1.5526750395479973e-05,0.005363855842682502,-0.0011684901699043273,0.001900318221094249,1.5374846578276419e-06,0.44989750118412825,0.1722343578073759,0.39238724242772105,1.314184153473425e-05,0.5004713682351297,-0.05919655920111951,0.36258050200360403,-0.19137163351334685,-0.3187787353756761,-0.3801258875058341,-0.07994483857396598,-0.15175174439951103,0.008067216390483226,-0.0052866750934489224,0.0040990868463577045,3.179148885920151e-06
-70.39999999999998,0.92,0.025,0.009797958971132711,0.5248792922602417,0.5278473586035246,0.5324011081382175,0.203303055957531,0.46389933997356353,1.5795052677907724e-05,0.005369792148236792,-0.0011745419328629977,0.0018978071903339108,1.5296959737804698e-06,0.4506242979281873,0.17207570656245424,0.3926444013536242,1.3368932586581098e-05,0.5010674546349668,-0.059696875005911094,0.3628182330395824,-0.19149685091046367,-0.3195123035612105,-0.38034672440433864,-0.07983966109855554,-0.15155098104828846,0.008067216390483224,-0.005286675093448921,0.004090989308856776,3.1581820793834522e-06
-70.24000000000001,0.92,0.025,0.009797958971132711,0.5248792922602417,0.5278473586035246,0.5332607499557326,0.2031146442512256,0.46420276454808723,1.6061614216747736e-05,0.005375730993321955,-0.0011806065378542078,0.001895281603312198,1.5219226277951304e-06,0.45135189876253207,0.17191623489423735,0.3929012199135011,1.3594550273055284e-05,0.501663886971637,-0.060198341694969064,0.3630556488515477,-0.19162190365816145,-0.32024700599195766,-0.38056722515080305,-0.0797338690887199,-0.15134905643523355,0.008067216390483224,-0.005286675093448921,0.004082874550623289,3.1373037454557803e-06
-70.07999999999998,0.92,0.025,0.009797958971132711,0.5248792922602417,0.5278473586035246,0.5341213421911173,0.2029252611795102,0.46450578468585163,1.6326436419147015e-05,0.005381672370340415,-0.0011866840036108548,0.0018927414898519798,1.5141649310437253e-06,0.4520803040305617,0.17175594106233744,0.39315769615810486,1.3818695785166035e-05,0.5022606647170708,-0.06070096104734437,0.3632927476389357,-0.19174679080460988,-0.32098284384778125,-0.380787388350517,-0.07962746377617053,-0.15114597295397456,0.008067216390483226,-0.005286675093448923,0.0040747426687347404,3.1165142645474054e-06
-69.92000000000002,0.92,0.025,0.009797958971132711,0.5248792922602417,0.5278473586035246,0.5349828852488717,0.2027349046831626,0.46480839808854674,1.658952077406676e-05,0.005387616271668921,-0.0011927743488835886,0.0018901868801324065,1.5064231940519601e-06,0.45280951407464504,0.17159482332382883,0.393413828142146,1.4041370383170106e-05,0.5028577873410099,-0.06120473484393779,0.36352952760487256,-0.19187151139984499,-0.3217198183088871,-0.3810072126059701,-0.07952044640768188,-0.15094173302655145,0.008067216390483226,-0.005286675093448921,0.004066593760490519,3.0958140134733283e-06
-69.75999999999999,0.92,0.025,0.009797958971132711,0.5248792922602417,0.5278473586035246,0.5358453795322737,0.20254357269995898,0.46511060246258956,1.685086885251045e-05,0.005393562689658497,-0.0011988775924408166,0.0018876178046872603,1.498697726670594e-06,0.4535395292361165,0.1714328799332453,0.3936696139243358,1.4262575396764845e-05,0.5034552543110035,-0.0617096648675005,0.363765986956215,-0.1919960644957898,-0.32245793055582167,-0.38122669651684743,-0.07941281824502436,-0.15073633910328316,0.008067216390483226,-0.0052866750934489224,0.004058427923407608,3.075203365420875e-06
-69.59999999999997,0.92,0.025,0.009797958971132711,0.5248792922602417,0.5278473586035246,0.5367088254433755,0.20235126316467114,0.46541239551917524,1.7110482307593383e-05,0.005399511616634393,-0.0012049937530686989,0.0018850342944032965,1.4909888380470956e-06,0.45427034985527304,0.17127010914257768,0.39392505156742996,1.448231222514704e-05,0.5040530650924027,-0.062215752902634654,0.3640021239035908,-0.1921204491462757,-0.32319718176946927,-0.3814458386800264,-0.07930458056489657,-0.15052979366263397,0.008067216390483222,-0.0052866750934489224,0.004050245255216299,3.054682689919308e-06
-69.44,0.92,0.025,0.009797958971132711,0.5248792922602417,0.5278473586035246,0.5375732233829991,0.20215797400906374,0.4657137749743275,1.7368362874725033e-05,0.00540546304489604,-0.0012111228495711543,0.0018824363805185398,1.4832968365971532e-06,0.45500197627137046,0.17110650920127154,0.39418013913827077,1.4700582337167269e-05,0.504651219148357,-0.062723000735794,0.36423793666143817,-0.19224466440706328,-0.3239375731310511,-0.38166463768957276,-0.0791957346588558,-0.15032209921107634,0.00806721639048322,-0.005286675093448921,0.004042045853855847,3.03425235280834e-06
-69.27999999999997,0.92,0.025,0.009797958971132711,0.5248792922602417,0.5278473586035246,0.5384385737507325,0.20196370316189133,0.46601473854895076,1.762451237176329e-05,0.005411416966717,-0.00121726490076986,0.0018798240946205603,1.4756220299764849e-06,0.45573440882261995,0.17094207835622482,0.39443487470783195,1.4917387271460448e-05,0.5052497159398099,-0.06323141015528422,0.3644734234480461,-0.1923687093358633,-0.32467910582212245,-0.381883092136736,-0.0790862818332477,-0.15011325828295202,0.00806721639048322,-0.0052866750934489224,0.004033829817470125,3.013912716207712e-06
-69.12,0.92,0.025,0.009797958971132711,0.5248792922602417,0.5278473586035246,0.5393048769449252,0.2017684485488955,0.4663152839688789,1.7878932699125548e-05,0.005417373374344915,-0.0012234199255042515,0.0018771974686447202,1.4679647250524978e-06,0.45646764784618477,0.17077681485178517,0.3946892563512591,1.5132728636539864e-05,0.505848554925494,-0.06374098295126368,0.3647085824855935,-0.1924925829923571,-0.3254217810245714,-0.3821012006099459,-0.07897622340913463,-0.149903273440331,0.008067216390483222,-0.005286675093448923,0.004025597244403254,2.9936641384870265e-06
-68.95999999999998,0.92,0.025,0.009797958971132711,0.5248792922602417,0.5278473586035246,0.5401721333626848,0.20157220809280227,0.4666154089649268,1.8131625839846526e-05,0.005423332260001461,-0.001229587942631525,0.0018745565348723913,1.4603252278757765e-06,0.4572016936781764,0.17061071692974786,0.3949432821479141,1.53466081108461e-05,0.5064477355619267,-0.0642517209157438,0.36494341200018854,-0.1926162844382175,-0.3261655999206163,-0.38231896169480867,-0.07886556072222277,-0.149692147272868,0.008067216390483222,-0.00528667509344892,0.004017348233195207,2.973506974235827e-06
-68.80000000000001,0.92,0.025,0.009797958971132711,0.5248792922602417,0.5278473586035246,0.5410403433998713,0.20137497971331908,0.4669151112729399,1.8382593859781955e-05,0.0054292936158823,-0.001235768971026637,0.0018719013259291479,1.4527038436516683e-06,0.4579365466536511,0.17044378282935327,0.3951969501814163,1.555902744291945e-05,0.507047257303406,-0.06476362584258928,0.36517791022190815,-0.19273981273712948,-0.32691056369280425,-0.38253637397410295,-0.07875429512278846,-0.14947988239765697,0.008067216390483224,-0.0052866750934489224,0.004009082882577399,2.9534415742328203e-06
-68.63999999999999,0.92,0.025,0.009797958971132711,0.5248792922602417,0.5278473586035246,0.5419095074510951,0.2011767613271319,0.4672143886338439,1.8631838907620263e-05,0.005435257434157031,-0.0012419630295823073,0.0018692318747829235,1.445100876712401e-06,0.45867220710660694,0.17027601078728444,0.3954502585396855,1.576998845140979e-05,0.5076471196020064,-0.06527669952751942,0.36541207538483667,-0.19286316695481043,-0.327656673524009,-0.38275343602777584,-0.07864242797560246,-0.1492664814590829,0.008067216390483224,-0.005286675093448922,0.004000801291468251,2.933468285418052e-06
-68.48000000000002,0.92,0.025,0.009797958971132711,0.5248792922602417,0.5278473586035246,0.5427796259097106,0.20097755084790234,0.46751323879369455,1.8879363214981976e-05,0.005441223706969141,-0.0012481701372090172,0.0018665482147421527,1.4375166304885002e-06,0.4594086753699791,0.17010739903766456,0.3957032053149831,1.5979493025160747e-05,0.5082473219075729,-0.06579094376810771,0.3656459057271048,-0.19298634615903068,-0.3284039305974288,-0.382970146432939,-0.0785299606598542,-0.14905194712867212,0.008067216390483224,-0.005286675093448923,0.003992503558968742,2.9135874508629906e-06
-68.32,0.92,0.025,0.009797958971132711,0.5248792922602417,0.5278473586035246,0.5436506991678138,0.20077734618626505,0.4678116595037268,1.9125169096499217e-05,0.005447192426435952,-0.0012543903128350122,0.001863850379453868,1.4299514074805765e-06,0.46014595177563766,0.16993794581205476,0.39595578860395436,1.618754312327694e-05,0.5088478636677188,-0.06630636036378312,0.3658793994909281,-0.19310934941963365,-0.3291523360965846,-0.3831865037638644,-0.0784168945690737,-0.1488362821049394,0.008067216390483224,-0.005286675093448922,0.0039841897843579145,2.893799409741736e-06
-68.15999999999997,0.92,0.025,0.009797958971132711,0.5248792922602417,0.5278473586035246,0.544522727616237,0.2005761452498247,0.46810964852040365,1.9369258949904444e-05,0.005453163584648581,-0.0012606235754063016,0.0018611384029017938,1.4224055092310612e-06,0.460884036654383,0.16976764933945163,0.3962080065076697,1.639414077519912e-05,0.5094487443278195,-0.06682295111582999,0.3661125549226454,-0.19323217580855626,-0.32990189120531804,-0.3834025065919811,-0.07830323111105361,-0.14861948911323447,0.008067216390483224,-0.005286675093448922,0.0039758600670884185,2.874104497302193e-06
-68.0,0.92,0.025,0.009797958971132711,0.5248792922602417,0.5278473586035246,0.5453957116445449,0.2003739459431532,0.46840720360546545,1.96116352559791e-05,0.005459137173671884,-0.0012668699438866606,0.0018584123194043854,1.4148792362962945e-06,0.46162293033594287,0.16959650784628488,0.396459857131666,1.659928808066071e-05,0.5100499633310085,-0.06734071782738878,0.3663453702727569,-0.19335482439984888,-0.3306525971077894,-0.3836181534858707,-0.07818897170776866,-0.14840157090558434,0.008067216390483224,-0.005286675093448921,0.0039675145067819655,2.8545030448393376e-06
-67.83999999999997,0.92,0.025,0.009797958971132711,0.5248792922602417,0.5278473586035246,0.546269651641031,0.2001707461677868,0.46870432252597816,1.985230057869625e-05,0.005465113185544411,-0.0012731294372576303,0.0018556721636128547,1.4073728882181622e-06,0.4623626331489687,0.16942451955641474,0.39671133858598795,1.6802987209808505e-05,0.5106515201181738,-0.06785966230345675,0.36657784379596253,-0.1934772942696956,-0.33140445498847565,-0.38383344301126354,-0.078074117795295,-0.1481825302605346,0.008067216390483224,-0.005286675093448921,0.003959153203224798,2.83499537966601e-06
-67.68,0.92,0.025,0.009797958971132711,0.5248792922602417,0.5278473586035246,0.5471445479927122,0.19996654382222329,0.46900100305438147,2.009125756519245e-05,0.005471091612278353,-0.0012794020745185177,0.0018529179705091797,1.3998867634963087e-06,0.4631031454210316,0.1692516826911298,0.3969624489852285,1.7005240403178888e-05,0.5112534141279516,-0.0683797863508881,0.3668099737511992,-0.1935995844964335,-0.3321574660321685,-0.38404837373103473,-0.07795867082372822,-0.14796236998298923,0.008067216390483224,-0.005286675093448921,0.003950776256363167,2.815581825086532e-06
-67.51999999999998,0.92,0.025,0.009797958971132711,0.5248792922602417,0.5278473586035246,0.5480204010853257,0.1997613368019192,0.4692972429685369,2.0328508945818628e-05,0.005477072445859497,-0.0012856878746863969,0.0018501497754040564,1.3924211595597024e-06,0.4638444674786197,0.16907799546914443,0.3972131864485697,1.7206049971740888e-05,0.5118556447967239,-0.06890109177839485,0.3670417584016785,-0.19372169416057325,-0.3329116314239721,-0.38426294420520046,-0.07784263225709963,-0.14774109290404602,0.008067216390483224,-0.005286675093448921,0.003942383766298724,2.7962627003684056e-06
-67.36000000000001,0.92,0.025,0.009797958971132711,0.5248792922602417,0.5278473586035246,0.5488972113033239,0.19955512299928677,0.46959304005177616,2.0564057534019827e-05,0.005483055678247173,-0.0012919868567961104,0.0018473676139348595,1.38497637273926e-06,0.4645865996471334,0.16890345610659632,0.39746354909982334,1.7405418296794382e-05,0.5124582115586125,-0.06942358039654692,0.3672731960149246,-0.19384362234481847,-0.3336669523493013,-0.38447715299091345,-0.07772600357329236,-0.14751870188083258,0.008067216390483224,-0.005286675093448922,0.003933975833283962,2.7770383207178294e-06
-67.19999999999999,0.92,0.025,0.009797958971132711,0.5248792922602417,0.5278473586035246,0.5497749790298713,0.1993479003036914,0.4698883920929475,2.0797906226528387e-05,0.005489041301374212,-0.001298299039900268,0.0018445715220635455,1.377552698239435e-06,0.4653295422508831,0.16872806281704442,0.3977135350674708,1.7603347830133627e-05,0.5130611138454754,-0.06994725401777294,0.3675042848628104,-0.19396536813408521,-0.3344234299938798,-0.38469099864246004,-0.07760878626395529,-0.1472951997963378,0.008067216390483224,-0.005286675093448921,0.003925552557717595,2.7579089972505106e-06
-67.04000000000002,0.92,0.025,0.009797958971132711,0.5248792922602417,0.5278473586035246,0.5506537046468385,0.19913966660144858,0.47018329688646393,2.1030058003212822e-05,0.0054950293071468845,-0.0013046244430692494,0.0018417615360745545,1.3701504301107947e-06,0.46607329561308414,0.16855181381146608,0.3979631424847031,1.7799841093919332e-05,0.5136643510869013,-0.07047211445636048,0.3677350232215953,-0.19408693061552162,-0.33518106554373756,-0.3849044797112548,-0.07749098183441687,-0.1470705895592432,0.008067216390483226,-0.005286675093448922,0.003917114040139944,2.73887503696758e-06
-66.88,0.92,0.025,0.009797958971132711,0.5248792922602417,0.5278473586035246,0.5515333885347999,0.1989304197758211,0.4704777522323497,2.1260515926983484e-05,0.0055010196874448625,-0.0013109630853912015,0.0018389376925726554,1.362769861221934e-06,0.4668178600558547,0.168374707298255,0.3982123694894608,1.7994900680598823e-05,0.5142679227102067,-0.07099816352845684,0.36796540937196154,-0.19420830887852755,-0.33593986018520927,-0.3851175947458378,-0.07737259180359653,-0.14684487410374975,0.008067216390483224,-0.005286675093448921,0.0039086603812282655,2.7199367427297274e-06
-66.71999999999997,0.92,0.025,0.009797958971132711,0.5248792922602417,0.5278473586035246,0.5524140310730281,0.1987201577070163,0.4707717559362871,2.1489283143941003e-05,0.0055070124341211665,-0.0013173149859720434,0.0018361000284808056,1.355411283232237e-06,0.46756323590021104,0.1681967414832186,0.39846121422447345,1.8188529253031665e-05,0.5148718281404295,-0.07152540305206913,0.3681954415990508,-0.1943295020147733,-0.336699815104932,-0.38533034229187,-0.07725361770391675,-0.14661805638940587,0.008067216390483224,-0.005286675093448922,0.003900191681792144,2.701094413231232e-06
-66.56,0.92,0.025,0.009797958971132711,0.5248792922602417,0.5278473586035246,0.5532956326394901,0.19850887827218305,0.47106530580966266,2.1716362883149277e-05,0.0055130075390021115,-0.0013236801639354625,0.0018332485810379465,1.3480749865640235e-06,0.46830942346606447,0.16801791456957574,0.3987096748372985,1.838072954429755e-05,0.5154760668003263,-0.07205383484706523,0.36842511819250007,-0.19445050911821934,-0.33746093148984335,-0.3855427208921294,-0.07713406108121232,-0.14639013940093026,0.00806721639048322,-0.005286675093448922,0.003891708042768774,2.6823483429759043e-06
-66.39999999999998,0.92,0.025,0.009797958971132711,0.5248792922602417,0.5278473586035246,0.5541781936108428,0.198296579345409,0.4713583996696138,2.1941758456641458e-05,0.005519004993887268,-0.001330058638422916,0.0018303833877967844,1.3407612603750734e-06,0.46905642307221734,0.16783822475795418,0.3989577494803611,1.857150435770133e-05,0.5160806381103658,-0.07258346073517367,0.3686544374464785,-0.19457132928513532,-0.33822321052717946,-0.38575472908650743,-0.07701392349463906,-0.1461611261480337,0.008067216390483224,-0.005286675093448922,0.00388320956521827,2.663698822251993e-06
-66.24000000000001,0.92,0.025,0.009797958971132711,0.5248792922602417,0.5278473586035246,0.5550617143624291,0.19808325879771793,0.4716510353390737,2.2165473259337086e-05,0.005525004790549398,-0.0013364504285936333,0.0018275044866215679,1.3334703925311928e-06,0.46980423503636004,0.16765767024638847,0.39920543631099203,1.8760856566702912e-05,0.5166855414887267,-0.07311428253998466,0.3688833976597224,-0.19469196161411867,-0.3389866534044725,-0.3859663654120041,-0.07689320651658238,-0.14593101966524039,0.008067216390483222,-0.0052866750934489224,0.003874696350318994,2.6451461371080135e-06
-66.07999999999998,0.92,0.025,0.009797958971132711,0.5248792922602417,0.5278473586035246,0.5559461952682735,0.19786891449706656,0.4719432106468181,2.238751076891778e-05,0.005531006920734418,-0.0013428555536246136,0.0018246119156857942,1.326202669579375e-06,0.4705528596750667,0.16747624923031715,0.39945273349146687,1.894878911481201e-05,0.5172907763512913,-0.07364630208695012,0.36911199713557125,-0.19481240520611412,-0.33975126130954914,-0.3861776284027249,-0.07677191173256276,-0.14569982301170376,0.008067216390483222,-0.005286675093448922,0.0038661684993627726,2.626690569330257e-06
-65.92000000000002,0.92,0.025,0.009797958971132711,0.5248792922602417,0.5278473586035246,0.5568316367010775,0.19765354430834184,0.47223492342750917,2.2607874545778222e-05,0.005537011376161345,-0.0013492740327106273,0.0018217057134699392,1.3189583767198175e-06,0.47130229730379203,0.16729395990258053,0.3996996391890438,1.9135305015546687e-05,0.5178963421116415,-0.07417952120338453,0.36934023418200285,-0.19493265916443162,-0.34051703543052814,-0.38638851658987655,-0.07665004074114236,-0.14546753927102413,0.008067216390483222,-0.005286675093448921,0.0038576261137502114,2.6083323964173415e-06
-65.75999999999999,0.92,0.025,0.009797958971132711,0.5248792922602417,0.5278473586035246,0.5577180390322154,0.19743714609335822,0.47252617152174187,2.28265682328502e-05,0.0055430181485222425,-0.0013557058850642164,0.0018187859187591229,1.311737797779423e-06,0.47205254823686715,0.1671108004534184,0.39994615157600233,1.932040735228441e-05,0.5185022381810547,-0.07471394171846495,0.3695681071116687,-0.19505272259476591,-0.3412839769558184,-0.3865990285017627,-0.07652759515382876,-0.14523417155106122,0.008067216390483224,-0.005286675093448922,0.0038490692949858965,2.590071891559018e-06
-65.59999999999997,0.92,0.025,0.009797958971132711,0.5248792922602417,0.5278473586035246,0.5586054026317303,0.19721971771085478,0.4728169527760874,2.3043595555534348e-05,0.005549027229482177,-0.001362151129915693,0.001815852570640776,1.3045412151847106e-06,0.47280361278749655,0.1669267690704675,0.4001922688296804,1.9504099278204274e-05,0.5191084639684985,-0.07524956546323189,0.36979561424192847,-0.19517259460521433,-0.34205208707411694,-0.38680916266378024,-0.0764045765949788,-0.14499972298374675,0.00806721639048322,-0.005286675093448921,0.003840498144673653,2.571909323612924e-06
-65.44,0.92,0.025,0.009797958971132711,0.5248792922602417,0.5278473586035246,0.5594937278683294,0.19700125701649213,0.4731072650431381,2.32589603214669e-05,0.005555038610679165,-0.0013686097865131424,0.001812905708502268,1.2973689099348095e-06,0.47355549126775404,0.16674186393875895,0.4004379891325121,1.9686384016089585e-05,0.5197150188806269,-0.07578639427058945,0.37002275389488504,-0.19529227430629564,-0.34282136697440685,-0.3870189175984154,-0.07628098670170083,-0.144764196724894,0.008067216390483222,-0.005286675093448921,0.003831912764511754,2.5538449570829147e-06
-65.27999999999997,0.92,0.025,0.009797958971132711,0.5248792922602417,0.5278473586035246,0.5603830151093799,0.19678176186284996,0.4733971061815515,2.3472666420547803e-05,0.005561052283724122,-0.0013750818741224198,0.0018099453720285042,1.2902211615748234e-06,0.4743081839885792,0.16655608324071622,0.4006833106720652,1.9867264858351662e-05,0.520321902321775,-0.0763244299753059,0.3702495243974183,-0.19541176081096795,-0.3435918178459546,-0.3872282918252391,-0.07615682712375554,-0.14452759595400475,0.00806721639048322,-0.005286675093448922,0.0038233132562880915,2.5358790520961103e-06
-65.12,0.92,0.025,0.009797958971132711,0.5248792922602417,0.5278473586035246,0.5612732647209046,0.19656123009942386,0.4736864740560943,2.368471782456163e-05,0.005567068240200816,-0.0013815674120271528,0.0018069716011995206,1.2830982481691104e-06,0.47506169125977366,0.16636942515615236,0.40092823164107827,2.0046745166708964e-05,0.5209291136939552,-0.07686367441401426,0.3704759240812205,-0.1955310532346476,-0.34436344087830895,-0.3874372838609042,-0.07603209952345683,-0.14428992387407644,0.008067216390483222,-0.005286675093448921,0.0038146997218753984,2.5180118643831313e-06
-64.95999999999998,0.92,0.025,0.009797958971132711,0.5248792922602417,0.5278473586035246,0.5621644770675773,0.19633965957262273,0.4739753665376854,2.3895118587119573e-05,0.005573086471665814,-0.0013880664195287395,0.0018039844362880255,1.2760004462749641e-06,0.47581601338999746,0.1661818878622679,0.40117275023749693,2.0224828372138006e-05,0.5215366523968518,-0.07740412942521245,0.3707019512828286,-0.19565015069522645,-0.3451362372612979,-0.3876458922191399,-0.07590680557557021,-0.14405118371140452,0.008067216390483222,-0.00528667509344892,0.0038060722632263858,2.500243645256616e-06
-64.80000000000001,0.92,0.025,0.009797958971132711,0.5248792922602417,0.5278473586035246,0.563056652512719,0.1961170481257658,0.47426378150343873,2.4103872843515245e-05,0.005579106969648432,-0.00139457891594635,0.0018009839178569494,1.2689280309160408e-06,0.47657115068676537,0.16599346953364819,0.40141686466451054,2.0401517974751303e-05,0.5221445178278169,-0.07794579684926382,0.37092760434365896,-0.19576905231309014,-0.34591020818502727,-0.3878541154107491,-0.07578094696721184,-0.14381137871538596,0.008067216390483222,-0.005286675093448921,0.0037974309823689423,2.482574641589952e-06
-64.63999999999999,0.92,0.025,0.009797958971132711,0.5248792922602417,0.5278473586035246,0.5639497914182929,0.19589339359907973,0.47455171683670716,2.4310984810374894e-05,0.005585129725650688,-0.0014011049206169254,0.001797970086756934,1.2618812755562818e-06,0.47732710345644314,0.16580416834226108,0.40166057313058895,2.0576817543501312e-05,0.5227527093818659,-0.07848867852839783,0.37115288161004045,-0.19588775721113616,-0.34668535483987817,-0.3880619519436036,-0.07565452539774466,-0.1435705121583177,0.008067216390483222,-0.005286675093448919,0.0037887759814012336,2.4650050957987386e-06
-64.48000000000002,0.92,0.025,0.009797958971132711,0.5248792922602417,0.5278473586035246,0.5648438941449005,0.19566869382969598,0.4748391704271239,2.451645878562434e-05,0.005591154731147249,-0.0014076444528951773,0.0017949429841238311,1.2548604520737458e-06,0.47808387200424385,0.16561398245745468,0.4019038738495177,2.075073071615244e-05,0.5233612264516727,-0.07903277630671002,0.3713777814332476,-0.19600626451479122,-0.3474616784165049,-0.38826940032264035,-0.07552754257867524,-0.1433285873351958,0.008067216390483222,-0.00528667509344892,0.0037801073624868686,2.4475352458195485e-06
-64.32,0.92,0.025,0.009797958971132711,0.5248792922602417,0.5278473586035246,0.5657389610517773,0.1954429466516477,0.47512614017064553,2.4720299148081354e-05,0.005597181977585379,-0.001414197532153589,0.0017919026513761494,1.247865830734713e-06,0.4788414566342244,0.1654229100459546,0.4021467650404344,2.092326119893606e-05,0.5239700684275651,-0.07957809203016303,0.37160230216953377,-0.19612457335202912,-0.34823918010583305,-0.38847645904985734,-0.07540000023354816,-0.14308560756351063,0.00806721639048322,-0.005286675093448919,0.0037714252278499894,2.430165325092287e-06
-64.15999999999997,0.92,0.025,0.009797958971132711,0.5248792922602417,0.5278473586035246,0.5666349924967876,0.19521614989586714,0.47541262396959294,2.4922510357396544e-05,0.005603211456384894,-0.0014207641777824141,0.0017888491302125017,1.2408976801678859e-06,0.47959985764928104,0.16523094927186197,0.4023892449278635,2.1094412766500435e-05,0.52457923469752,-0.08012462754658634,0.37182644218016303,-0.1962426828533878,-0.3490178610990573,-0.38868312662430987,-0.07527190009784059,-0.14284157618304202,0.00806721639048322,-0.00528667509344892,0.00376272967977041,2.412895562539992e-06
-64.0,0.92,0.025,0.009797958971132711,0.5248792922602417,0.5278473586035246,0.5675319888364211,0.19498830139018253,0.47569861973269345,2.5123096953719555e-05,0.005609243158938106,-0.0014273444091896746,0.001785782462609016,1.2339562673387702e-06,0.48035907535114686,0.1650380982966505,0.40263131174175176,2.1264189261628232e-05,0.5251887246471593,-0.08067238470567734,0.3720501998314431,-0.19636059215198703,-0.34979772258763886,-0.388889401542106,-0.07514324391885518,-0.1425964965556515,0.00806721639048322,-0.005286675093448919,0.0037540208205786925,2.3957261825512195e-06
-63.839999999999975,0.92,0.025,0.009797958971132711,0.5248792922602417,0.5278473586035246,0.5684299504257879,0.19475939895931554,0.47598412537512247,2.532206355736777e-05,0.005615277076609776,-0.0014339382458011657,0.001782702690816712,1.2270418575241791e-06,0.48111911004038693,0.1648443552791647,0.4028729637175037,2.143259459495608e-05,0.5257985376597448,-0.08122136535900135,0.37227357349475804,-0.19647830038354572,-0.35057876576330405,-0.3890952822964029,-0.07501403345561164,-0.14235037206507178,0.00806721639048322,-0.005286675093448919,0.0037452987526512154,2.3786574049626697e-06
-63.68000000000001,0.92,0.025,0.009797958971132711,0.5248792922602417,0.5278473586035246,0.5693288776186143,0.19452944042487832,0.47626913881854294,2.5519414868701734e-05,0.005621313200737061,-0.0014405457070604487,0.0017796098573588876,1.220154714286817e-06,0.48187996201639516,0.164649718375617,0.40311419909601476,2.159963274486915e-05,0.5264086731161739,-0.08177157135999194,0.3724965615465984,-0.19659580668639845,-0.3513609918180414,-0.38930076737740277,-0.07488427047873858,-0.14210320611669722,0.00806721639048322,-0.005286675093448921,0.0037365635784052885,2.3616894450403534e-06
-63.51999999999998,0.92,0.025,0.009797958971132711,0.5248792922602417,0.5278473586035246,0.5702287707672383,0.1942984236053704,0.4765536579911476,2.571515566774497e-05,0.005627351522629463,-0.0014471668124288557,0.0017765040050284474,1.2132950994503763e-06,0.48264163157739054,0.1644541857395855,0.40335501612370733,2.1765307757179346e-05,0.5270191303949747,-0.08232300456395189,0.37271916236859476,-0.1967131102015132,-0.3521444019441,-0.38950585527234854,-0.07475395677036299,-0.14185500213736923,0.00806721639048322,-0.005286675093448918,0.003727815400294176,2.3448225134638503e-06
-63.360000000000014,0.92,0.025,0.009797958971132711,0.5248792922602417,0.5278473586035246,0.5711296302226052,0.19406634631617634,0.47683768082769756,2.5909290813933704e-05,0.005633392033568784,-0.0014538015813854875,0.0017733851768852345,1.2064632730743041e-06,0.4834041190204131,0.16425775552201166,0.40359541305256325,2.1929623744913487e-05,0.5276299088723012,-0.08287566682805293,0.3729413743475477,-0.1968302100725074,-0.35292899733398725,-0.38971054446552045,-0.07462309412399978,-0.14160576357516264,0.00806721639048322,-0.00528667509344892,0.003719054320802172,2.3280568163088475e-06
-63.19999999999999,0.92,0.025,0.009797958971132711,0.5248792922602417,0.5278473586035246,0.5720314563342634,0.19383320636956253,0.4771212052695633,2.610182524572859e-05,0.005639434724809067,-0.001460450033427212,0.001770253416253315,1.1996594934293539e-06,0.4841674246413206,0.16406042587119773,0.4038353881401584,2.209258488798468e-05,0.5282410079219297,-0.08342956001133668,0.37316319587545926,-0.19694710544566507,-0.3537147791804665,-0.3899148334382311,-0.07449168434443937,-0.1413554938991675,0.00806721639048322,-0.005286675093448919,0.003710280442439619,2.311392555032392e-06
-63.04000000000002,0.92,0.025,0.009797958971132711,0.5248792922602417,0.5278473586035246,0.5729342494503594,0.19359900157467436,0.4774042292647637,2.6292763980412422e-05,0.00564547958757655,-0.0014671121880686653,0.0017671087667182766,1.1928840169724388e-06,0.4849315487347842,0.16386219493280438,0.40407493964969604,2.2254195433021075e-05,0.5288524269152526,-0.0839846859747146,0.3733846253495636,-0.19706379546995342,-0.3545017486765548,-0.3901187206688222,-0.07435972924763583,-0.14110419659927265,0.008067216390483219,-0.005286675093448918,0.003701493867737977,2.2948299264552022e-06
-62.879999999999995,0.92,0.025,0.009797958971132711,0.5248792922602417,0.5278473586035246,0.5738380099176338,0.1933637297375335,0.47768675076800526,2.6482112113680774e-05,0.005651526613069614,-0.0014737880648422496,0.0017639512721244603,1.1861370983226423e-06,0.48569649159428524,0.16366306084984836,0.40431406585003965,2.2414459693019408e-05,0.5294641652212748,-0.08454104658096885,0.37360566117235805,-0.1971802792970389,-0.35528990701552127,-0.3903222046326602,-0.07422723066059221,-0.14085187518594372,0.008067216390483219,-0.005286675093448917,0.0036926946992448034,2.278369122748008e-06
-62.71999999999997,0.92,0.025,0.009797958971132711,0.5248792922602417,0.5278473586035246,0.5747427380814165,0.19312738866103507,0.4779687677407209,2.666987481929722e-05,0.005657575792458731,-0.0014804776832981342,0.0017607809765722094,1.1794189902368691e-06,0.486462253512111,0.16346302176270008,0.40455276501574616,2.2573382047053165e-05,0.5300762222066085,-0.08509864369475219,0.37382630175163245,-0.197296556081304,-0.35607925539088403,-0.39052528380213203,-0.07409419042124654,-0.1405985331900024,0.00806721639048322,-0.005286675093448918,0.003683883039518799,2.262010331416597e-06
-62.56,0.92,0.025,0.009797958971132711,0.5248792922602417,0.5278473586035246,0.5756484342856231,0.19288997614494474,0.4782502781511081,2.685605734879836e-05,0.0056636271168864155,-0.0014871810630042535,0.00175759792441508,1.1727299435856882e-06,0.48722883477935136,0.16326207580908123,0.40479103542709793,2.273096694002293e-05,0.5306885972354695,-0.08565747918258891,0.37404654550049937,-0.1974126249798629,-0.3568697949964089,-0.39072795664664156,-0.0739606103783562,-0.14034417416240286,0.008067216390483219,-0.005286675093448916,0.0036750589911248095,2.245753735286844e-06
-62.39999999999998,0.92,0.025,0.009797958971132711,0.5248792922602417,0.5278473586035246,0.5765550988727488,0.19265148998589582,0.47853127997416806,2.7040665031022952e-05,0.005669680577467171,-0.0014938982235463067,0.0017544021602570144,1.166070207329584e-06,0.4879962356858946,0.16306022112406224,0.4050288753701359,2.2887218882257828e-05,0.5313012896696707,-0.08621755491287458,0.3742663908374244,-0.19752848515257782,-0.3576615270261066,-0.3909302216326051,-0.0738264923913808,-0.14008880167400506,0.008067216390483219,-0.005286675093448918,0.0036662226566287863,2.2295995124919166e-06
-62.24000000000001,0.92,0.025,0.009797958971132711,0.5248792922602417,0.5278473586035246,0.5774627321838657,0.1924119279773865,0.47881177119174195,2.7223703271833496e-05,0.00567573616528744,-0.0015006291845277566,0.001751193728949542,1.1594400284951638e-06,0.48876445652042394,0.16285745584005992,0.4052662831366904,2.304214244927987e-05,0.5319142988686194,-0.0867788727558771,0.3744858361862544,-0.19764413576207476,-0.35845445267423065,-0.3911320772234474,-0.07369183833036604,-0.13983241931535034,0.00806721639048322,-0.005286675093448919,0.003657374138592845,2.2135478364578564e-06
-62.079999999999984,0.92,0.025,0.009797958971132711,0.5248792922602417,0.5278473586035246,0.578371334558617,0.19217128790977703,0.47909174979254937,2.7405177553701138e-05,0.005681793871405549,-0.0015073739655698294,0.0017479726755888969,1.1528396521519743e-06,0.4895334975704135,0.1626537780868353,0.4055032570244138,2.3195742281452643e-05,0.5325276241893112,-0.08734143458373658,0.37470487997624746,-0.19775957597375926,-0.3592485731352752,-0.39133352187959763,-0.07355665007582417,-0.13957503069643043,0.00806721639048322,-0.005286675093448919,0.0036485135395701784,2.1975988758914435e-06
-61.920000000000016,0.92,0.025,0.009797958971132711,0.5248792922602417,0.5278473586035246,0.5792809063352133,0.1919295675702868,0.4793712137722252,2.7585093435263474e-05,0.0056878536868516655,-0.0015141325863115137,0.0017447390455131754,1.1462693213889433e-06,0.4903033591221246,0.16244918599149077,0.4057397953368114,2.3348023083607007e-05,0.5331412649863262,-0.08790524227046596,0.3749235206421016,-0.1978748049558321,-0.36004388960397293,-0.3915345540584855,-0.07342092951861616,-0.13931663944645942,0.00806721639048322,-0.005286675093448919,0.0036396409621000914,2.181752794767415e-06
-61.75999999999999,0.92,0.025,0.009797958971132711,0.5248792922602417,0.5278473586035246,0.5801914478504275,0.19168676474299162,0.47965016113335557,2.776345655091946e-05,0.005693915602627736,-0.001520905066409559,0.0017414928842994178,1.1397292772915228e-06,0.4910740414606019,0.16224367767846812,0.4059758963832722,2.3498989624698233e-05,0.5337552206118233,-0.08847029769195132,0.3751417566239824,-0.19798982187930445,-0.36084040327529254,-0.3917351722145368,-0.07328467855983045,-0.13905724921364,0.00806721639048322,-0.005286675093448918,0.003630756508702921,2.1660097523168177e-06
-61.599999999999966,0.92,0.025,0.009797958971132711,0.5248792922602417,0.5278473586035246,0.5811029594395908,0.19144287720882078,0.4799285898855151,2.7940272610472387e-05,0.005699979609707446,-0.0015276914255384763,0.0017382342377607175,1.133219758918985e-06,0.49184554486966964,0.1620372512695459,0.4062115584791,2.364864673750383e-05,0.5343694904155368,-0.08903660272595217,0.37535958636755234,-0.19810462591801362,-0.3616381153444371,-0.39193537479916984,-0.07314789911066305,-0.13879686366493166,0.00806721639048322,-0.005286675093448919,0.0036218602818750326,2.150369903015236e-06
-61.44,0.92,0.025,0.009797958971132711,0.5248792922602417,0.5278473586035246,0.5820154414365876,0.1911979027455541,0.4802064980453022,2.811554739858416e-05,0.005706045699036157,-0.0015344916833905347,0.001734963151943279,1.1267410032815403e-06,0.4926178696319277,0.161829904883837,0.4064467799455438,2.3796999318161635e-05,0.5349840737447704,-0.08960415925210191,0.37557700832399793,-0.1982192162486377,-0.3624370270068407,-0.3921351602607908,-0.07301059309229539,-0.13853548648581493,0.008067216390483222,-0.00528667509344892,0.0036129523840837618,2.134833396572016e-06
-61.27999999999997,0.92,0.025,0.009797958971132711,0.5248792922602417,0.5278473586035246,0.5829288941738516,0.19095183912781935,0.4804838836363744,2.8289286774429327e-05,0.005712113861530864,-0.0015413058596757622,0.001731679673123479,1.1202932453181634e-06,0.493391016028748,0.1616216366377863,0.4066815591098273,2.3944052325876982e-05,0.5355989699443934,-0.09017296915190831,0.3757940209500576,-0.19833359205071105,-0.36323713945816727,-0.39233452704479016,-0.0728727624357722,-0.13827312138005587,0.008067216390483222,-0.005286675093448918,0.0036040329177623835,2.119400377919373e-06
-61.120000000000005,0.92,0.025,0.009797958971132711,0.5248792922602417,0.5278473586035246,0.5838433179823608,0.19070468412708924,0.4807607446894842,2.8461496671141864e-05,0.005718184088080135,-0.0015481339741219443,0.0017283838478048823,1.1138767178745892e-06,0.4941649843402702,0.16141244464516835,0.40691589430517944,2.4089810782454476e-05,0.5362141783568355,-0.09074303430875354,0.3760106227080489,-0.19844775250663893,-0.36403845389430795,-0.3925334735935378,-0.07273440908187764,-0.1380097720694669,0.008067216390483222,-0.005286675093448919,0.003595101985305035,2.104070987203337e-06
-60.95999999999998,0.92,0.025,0.009797958971132711,0.5248792922602417,0.5278473586035246,0.5847587131916331,0.19045643551167868,0.4810370792425135,2.8632183095421623e-05,0.005724256369544071,-0.001554976046474622,0.0017250757227152643,1.10749165168113e-06,0.49493977484539825,0.16120232701708484,0.4071497838708634,2.4234279771964864e-05,0.536829698322082,-0.09131435660789475,0.37622681206589575,-0.19856169680171235,-0.3648409715113787,-0.3927319983463802,-0.07259553498101154,-0.13774544229366822,0.00806721639048322,-0.005286675093448919,0.003586159689061672,2.0888453597730303e-06
-60.80000000000001,0.92,0.025,0.009797958971132711,0.5248792922602417,0.5278473586035246,0.5856750801297218,0.19020709104674166,0.48131288534050726,2.880135212702522e-05,0.005730330696754245,-0.0015618320964970913,0.0017217553448036057,1.1011382753310874e-06,0.4957153878217966,0.16099128186196215,0.40738322615220535,2.4377464440314146e-05,0.5374455291776696,-0.0918869379364646,0.3764425874971544,-0.19867542412412215,-0.3656446935057181,-0.3929300997396352,-0.07245614209306453,-0.13748013580984703,0.00806721639048322,-0.005286675093448919,0.0035772061313330216,2.073723626171972e-06
-60.639999999999986,0.92,0.025,0.009797958971132711,0.5248792922602417,0.5278473586035246,0.5865924191232109,0.18995664849426888,0.48158816103570906,2.8969009918269155e-05,0.005736407060513652,-0.0015687021439704022,0.001718422761237066,1.0948168152594674e-06,0.4964918235458857,0.16077930728554918,0.40761621950062416,2.4519369994823015e-05,0.5380616702586809,-0.09246078018347106,0.37665794748104114,-0.19878893366497438,-0.36644962107388523,-0.3931277762065885,-0.0723162323872922,-0.137213856392515,0.008067216390483219,-0.005286675093448917,0.0035682414143654987,2.0587059121298046e-06
-60.48000000000002,0.92,0.025,0.009797958971132711,0.5248792922602417,0.5278473586035246,0.5875107304972105,0.18970510561308446,0.48186290438759305,2.9135162693508938e-05,0.005742485451596658,-0.0015755862086933572,0.001715078019397935,1.0885274957216e-06,0.49726908229283895,0.1605664013909147,0.4078487622736588,2.4660001703785968e-05,0.5386781208977403,-0.09303588523979828,0.3768728905024566,-0.19890222461830356,-0.36725575541265715,-0.3933250261774892,-0.0721758078421884,-0.1369466078332641,0.008067216390483222,-0.005286675093448919,0.0035592656403461397,2.043792338553912e-06
-60.31999999999999,0.92,0.025,0.009797958971132711,0.5248792922602417,0.5278473586035246,0.5884300145753525,0.18945246015884346,0.4821371134628983,2.9299816748665365e-05,0.005748565860748947,-0.0015824843104825092,0.0017117211668805808,1.0822705387724907e-06,0.49804716433657836,0.1603525622784451,0.4080808528349971,2.4799364896070368e-05,0.5392948804250086,-0.09361225499820668,0.3770874150520132,-0.19901529618108746,-0.3680630977190268,-0.3935218480795459,-0.07203487044535824,-0.13667839394052206,0.008067216390483222,-0.00528667509344892,0.0035502789113975417,2.0289830215220934e-06
-60.15999999999997,0.92,0.025,0.009797958971132711,0.5248792922602417,0.5278473586035246,0.5893502716797858,0.1891987098840287,0.48241078633566087,2.9462978450660314e-05,0.00575464827868747,-0.0015893964691721613,0.001708352251488376,1.0760461642456765e-06,0.49882606994977075,0.16013778804584192,0.4083124895545034,2.493746496063889e-05,0.5399119481681791,-0.09418989135333344,0.37730151962605935,-0.1991281475532607,-0.3688716491902004,-0.3937182403369225,-0.07189342219339033,-0.13640921853930615,0.008067216390483222,-0.005286675093448919,0.0035412813295727964,2.014278072274763e-06
-60.0,0.92,0.025,0.009797958971132711,0.5248792922602417,0.5278473586035246,0.5902715021311716,0.18894385253794824,0.4826839210872466,2.9624654236927975e-05,0.005760732696100396,-0.001596322704614365,0.0017049713212305912,1.0698545897333324e-06,0.4996057994038237,0.1599220767881194,0.40854367080824555,2.507430734613584e-05,0.5405293234524722,-0.0947687962016926,0.37751520272670525,-0.19924077793772854,-0.3696814110235957,-0.3939142013707345,-0.07175146509172742,-0.1361390854709744,0.00806721639048322,-0.005286675093448919,0.003532272996850396,1.999677597209079e-06
-59.839999999999975,0.92,0.025,0.009797958971132711,0.5248792922602417,0.5278473586035246,0.5911937062486787,0.1886878858667322,0.48295651580638344,2.9784850614784163e-05,0.005766819103647051,-0.0016032630366789175,0.0017015784243192898,1.0636960305656368e-06,0.5003863529688817,0.15970542659760215,0.40877439497852297,2.5209897560353317e-05,0.5411470056006302,-0.09534897144167555,0.37772846286184764,-0.19935318654038103,-0.370492384416839,-0.39410972959904417,-0.07160900115453726,-0.13586799859297674,0.008067216390483222,-0.00528667509344892,0.0035232540151291596,1.985181697872444e-06
-59.68000000000001,0.92,0.025,0.009797958971132711,0.5248792922602417,0.5278473586035246,0.5921168843499799,0.18843080761333045,0.48322856858919194,2.994357416099221e-05,0.005772907491957874,-0.0016102174852533624,0.0016981736091662108,1.0575706997911855e-06,0.501167730913823,0.1594878355639229,0.40900466045389205,2.5344241169863807e-05,0.5417649939329138,-0.09593041897355145,0.3779412985451938,-0.19946537257010566,-0.3713045705677634,-0.39430482343685674,-0.07146603240458282,-0.13559596177860556,0.008067216390483219,-0.005286675093448917,0.003514224486223192,1.9707904709566193e-06
-59.51999999999998,0.92,0.025,0.009797958971132711,0.5248792922602417,0.5278473586035246,0.5930410367512453,0.18817261551750905,0.48350007753921787,3.0100831521069397e-05,0.005778997851634364,-0.0016171860702429875,0.0016947569243796036,1.0514788081570643e-06,0.501949933506254,0.15926930177401966,0.409234465629194,2.547734379943314e-05,0.5423832877670959,-0.0965131406994672,0.3781537082962864,-0.19957733523880145,-0.37211797067440633,-0.39449948129611684,-0.07132256087309045,-0.13532297891674203,0.008067216390483222,-0.00528667509344892,0.003505184511856744,1.956504008292889e-06
-59.360000000000014,0.92,0.025,0.009797958971132711,0.5248792922602417,0.5278473586035246,0.59396616376714,0.18791330731584793,0.48377104076746164,3.0256629408818372e-05,0.005785090173249018,-0.001624168811570821,0.0016913284187610954,1.0454205640898681e-06,0.5027329610125073,0.1590498233121337,0.40946380890557954,2.560921113162387e-05,0.5430018864184578,-0.09709713852344831,0.3783656906405267,-0.19968907376139156,-0.3729325859350069,-0.39469370158570316,-0.07117858859961954,-0.13504905391160538,0.00806721639048322,-0.005286675093448918,0.0034961341936592056,1.9423223968474124e-06
-59.19999999999999,0.92,0.025,0.009797958971132711,0.5248792922602417,0.5278473586035246,0.5948922657108177,0.18765288074173814,0.48404145639240975,3.0410974605638132e-05,0.005791184447345296,-0.0016311657291776332,0.0016878881413024893,1.0393961736761493e-06,0.5035168136976361,0.15882939825980716,0.40969268869053566,2.5739848906212115e-05,0.543620789199784,-0.09768241435139847,0.3785772441091987,-0.1998005873558366,-0.37374841754800386,-0.39488748271142565,-0.07103411763192899,-0.13477419068249638,0.00806721639048322,-0.00528667509344892,0.003487073633159965,1.9282457187168466e-06
-59.04000000000002,0.92,0.025,0.009797958971132711,0.5248792922602417,0.5278473586035246,0.5958193428939172,0.1873913335253784,0.4843113225400641,3.056387396005855e-05,0.005797280664437551,-0.0016381768430219325,0.001684436141182604,1.033405840643803e-06,0.5043014918254116,0.15860802469588028,0.40992110339791027,2.5869262919793558e-05,0.5442399954213575,-0.09826897009110082,0.37878836723949144,-0.19991187524314735,-0.37456546671203345,-0.3950808230760205,-0.07088915002584574,-0.13449839316354445,0.008067216390483224,-0.005286675093448919,0.0034780029317833918,1.914274051124146e-06
-58.879999999999995,0.92,0.025,0.009797958971132711,0.5248792922602417,0.5278473586035246,0.5967473956265571,0.18712866339377304,0.48458063734397194,3.071533438694244e-05,0.005803378815010985,-0.0016452021730799645,0.0016809724677640365,1.027449766343596e-06,0.5050869956583179,0.15838570069648952,0.4101490514479379,2.599745902510808e-05,0.5448595043909545,-0.0988568076522172,0.37899905857452304,-0.20002293664739756,-0.3753837346259263,-0.39527372107914593,-0.0707436878451297,-0.13422166530344828,0.008067216390483222,-0.005286675093448921,0.0034689221908436995,1.900407466416905e-06
-58.71999999999997,0.92,0.025,0.009797958971132711,0.5248792922602417,0.5278473586035246,0.5976764242173311,0.1868648680707284,0.48484939894525425,3.086536286710553e-05,0.005809478889521597,-0.0016522417393457095,0.0016774971705899742,1.021528149730639e-06,0.5058733254575492,0.15816242433506453,0.4103765312672632,2.612444313071812e-05,0.5454793154138406,-0.09944592894628934,0.3792093166633618,-0.20013377079573597,-0.37620322248870613,-0.3954661751173791,-0.07059773316134099,-0.13394401106522077,0.008067216390483224,-0.005286675093448919,0.003459831511539936,1.8866460320624187e-06
-58.56,0.92,0.025,0.009797958971132711,0.5248792922602417,0.5278473586035246,0.5986064289733039,0.18659994527685073,0.4851176054926353,3.101396644647102e-05,0.0058155808783961266,-0.0016592955618308827,0.0016740102993809405,1.0156411873468095e-06,0.5066604814830044,0.15793819368232645,0.41060354128896653,2.6250221200293072e-05,0.5460994277927648,-0.10003633588673856,0.37941914006104965,-0.20024437691839936,-0.3770239314995866,-0.3956581835842107,-0.07045128805370415,-0.13366543442592838,0.008067216390483224,-0.005286675093448921,0.0034507309949508673,1.8729898106478838e-06
-58.39999999999998,0.92,0.025,0.009797958971132711,0.5248792922602417,0.5278473586035246,0.5995374102000057,0.18633389272954262,0.4853852551424705,3.1161152235603e-05,0.005821684772032005,-0.001666363660564929,0.0016705119040315616,1.0097890733024792e-06,0.5074484639932849,0.1577130068062849,0.410830079952587,2.6374799252214378e-05,0.5467198408279554,-0.10062803038886656,0.37962852732862323,-0.20035475424872412,-0.37784586285796895,-0.3958497448700416,-0.07030435460897344,-0.1333859393764323,0.008067216390483222,-0.005286675093448917,0.003441620742029936,1.859438859876286e-06
-58.24000000000001,0.92,0.025,0.009797958971132711,0.5248792922602417,0.5278473586035246,0.600469368201428,0.1860667081430008,0.48565234605877433,3.130692740894631e-05,0.005827790560797298,-0.0016734460555950246,0.0016670020346072926,1.0039719992596095e-06,0.5082372732456887,0.1574868617722359,0.4110561457041466,2.649818335893216e-05,0.5473405538171148,-0.10122101436985509,0.3798374770331357,-0.20046490202315867,-0.37866901776344036,-0.3960408573621783,-0.07015693492129625,-0.1331055299211266,0.008067216390483224,-0.005286675093448921,0.0034325008536001717,1.8459932325670382e-06
-58.079999999999984,0.92,0.025,0.009797958971132711,0.5248792922602417,0.5278473586035246,0.6014023032800195,0.18579838922821296,0.48591887641324755,3.1451299204232565e-05,0.005833898235030656,-0.0016805427669860716,0.0016634807413411518,9.981901544145041e-07,0.5090269094962085,0.15725975664275946,0.41128173699617276,2.6620379646462443e-05,0.5479615660554152,-0.10181528974876707,0.38004598774767784,-0.20057481948127498,-0.3794933974157706,-0.3962315194448291,-0.07000903109207678,-0.13282421007767647,0.008067216390483222,-0.005286675093448919,0.0034233714303491453,1.8326529766545478e-06
-57.920000000000016,0.92,0.025,0.009797958971132711,0.5248792922602417,0.5278473586035246,0.6023362157366797,0.18552893369295492,0.48618484438530407,3.159427492181426e-05,0.005840007785041263,-0.0016876538148206993,0.0016599480746304406,9.924437254807102e-07,0.5098173729995258,0.15703168947771706,0.4115068522877214,2.674139429382359e-05,0.5485828768354929,-0.10241085844654592,0.38025405805139845,-0.20068450586578018,-0.38031900301491045,-0.3964217294991,-0.06986064522983931,-0.13254198387675598,0.008067216390483224,-0.005286675093448921,0.0034142325728239273,1.819418135187424e-06
-57.75999999999999,0.92,0.025,0.009797958971132711,0.5248792922602417,0.5278473586035246,0.6032711058707562,0.185258339241788,0.4864502481620983,3.173586192398047e-05,0.005846119201108775,-0.0016947792191992596,0.0016564040850334312,9.867328966727488e-07,0.5106086640090081,0.15680265833424936,0.4117314900444,2.6861233532457074e-05,0.5492044854474444,-0.10300772238601673,0.38046168652952606,-0.20079396042252853,-0.3811458357609886,-0.39661148590298956,-0.06971177945008997,-0.13225885536178295,0.008067216390483222,-0.005286675093448919,0.0034050843814259976,1.806288746329336e-06
-57.599999999999966,0.92,0.025,0.009797958971132711,0.5248792922602417,0.5278473586035246,0.6042069739800381,0.1849866035760559,0.48671508593854995,3.1876067634287606e-05,0.005852232473483277,-0.0017019190002398265,0.001652848823266063,9.810578496900239e-07,0.5114007827767043,0.15657266126677372,0.4119556487383887,2.6979903645661032e-05,0.54982639117882,-0.10360588349188592,0.3806688717733871,-0.2009031824005319,-0.38197389685431,-0.39680078703138644,-0.06956243587517862,-0.1319748285886544,0.008067216390483222,-0.00528667509344892,0.003395926956406225,1.7932648433599504e-06
-57.44,0.92,0.025,0.009797958971132711,0.5248792922602417,0.5278473586035246,0.6051438203607526,0.18471372439388203,0.4869793559173706,3.201489953684003e-05,0.005858347592385224,-0.0017090731780781928,0.001649282340198623,9.754187637006305e-07,0.5121937295533411,0.15634169632698175,0.41217932684846253,2.70974109679814e-05,0.5504485933146209,-0.10420534369074175,0.3808756123804275,-0.20101217105197175,-0.3828031874953529,-0.39698963125606357,-0.06941261663416055,-0.1316899076254811,0.008067216390483224,-0.005286675093448921,0.0033867603978598258,1.7803464546758093e-06
-57.27999999999997,0.92,0.025,0.009797958971132711,0.5248792922602417,0.5278473586035246,0.6060816453075601,0.1844396993901668,0.4872430563090889,3.215236517568369e-05,0.005864464548005389,-0.001716241772867868,0.0016457046868524005,9.698158153258145e-07,0.512987504588319,0.15610976156383718,0.41240252286001283,2.7213761884698676e-05,0.5510710911372931,-0.10480610491105473,0.3810819069542312,-0.2011209256322094,-0.38363370888476644,-0.3971780169456751,-0.06926232386265659,-0.13140409655231974,0.008067216390483222,-0.005286675093448919,0.0033775848057213,1.76753360379157e-06
-57.120000000000005,0.92,0.025,0.009797958971132711,0.5248792922602417,0.5278473586035246,0.6070204491135485,0.18416452625658444,0.48750618533207457,3.228847215395062e-05,0.00587058333050481,-0.001723424804780078,0.0016421159143963546,9.642491786245874e-07,0.5137821081297075,0.15587685502357307,0.41262523526506795,2.7328962831103806e-05,0.5516938839267224,-0.10540816908317752,0.3812877541045394,-0.20122944539979737,-0.38446546222336864,-0.3973659424657517,-0.06911155970271399,-0.13111739946090642,0.008067216390483222,-0.005286675093448919,0.003368400279759436,1.7548263093430955e-06
-56.95999999999998,0.92,0.025,0.009797958971132711,0.5248792922602417,0.5278473586035246,0.6079602320702293,0.18388820268158057,0.4877687412125638,3.242322813331397e-05,0.005876703930014736,-0.0017306222940037586,0.0016385160741437485,9.587190250791392e-07,0.5145775404242421,0.1556429747496898,0.412847462562314,2.7443020292036942e-05,0.5523169709602301,-0.10601153813934548,0.3814931524472693,-0.2013377296164895,-0.3852984487121435,-0.39755340617869656,-0.0689603263026657,-0.13082982045438715,0.008067216390483222,-0.005286675093448919,0.003359206919572256,1.7422245850898164e-06
-56.80000000000001,0.92,0.025,0.009797958971132711,0.5248792922602417,0.5278473586035246,0.6089009944675329,0.18361072635036893,0.4880307221846816,3.255664083320538e-05,0.005882826336636576,-0.0017378342607455583,0.001634905217548792,9.532255235796594e-07,0.5153738017173198,0.15540811878295227,0.4130692032571145,2.7555940801225034e-05,0.5529403515125677,-0.10661621401367682,0.3816981006045318,-0.20144577754725126,-0.3861326695522391,-0.39774040644378117,-0.06880862581699028,-0.13054136364704952,0.008067216390483222,-0.005286675093448919,0.0033500048245820382,1.7297284399173291e-06
-56.639999999999986,0.92,0.025,0.009797958971132711,0.5248792922602417,0.5278473586035246,0.6098427365938033,0.183332094944929,0.48829212649046705,3.2688718030012675e-05,0.00588895054044184,-0.0017450607252298316,0.0016312833962032543,9.477688404101539e-07,0.5161708922529952,0.15517228516138792,0.41329045586153135,2.766773094060273e-05,0.5535640248559125,-0.10722219864217314,0.38190259720465114,-0.20155358846027094,-0.3869681259449645,-0.397926941617141,-0.06865646040617014,-0.13025203316405143,0.00806721639048322,-0.005286675093448917,0.0033407940940302578,1.7173378778419405e-06
-56.48000000000002,0.92,0.025,0.009797958971132711,0.5248792922602417,0.5278473586035246,0.6107854587357934,0.18305230614400284,0.4885529523798945,3.281946755642972e-05,0.005895076531472093,-0.0017523017076986386,0.00162765066183309,9.423491392346155e-07,0.5169688122739755,0.154935471920284,0.4135112188943427,2.7778397339762117e-05,0.5541879902598615,-0.10782949396271897,0.3821066408821808,-0.2016611616269683,-0.3878048190917877,-0.39811301005177174,-0.0685038322365506,-0.12996183314115137,0.008067216390483222,-0.005286675093448919,0.003331574826972638,1.705052898014684e-06
-56.31999999999999,0.92,0.025,0.009797958971132711,0.5248792922602417,0.5278473586035246,0.6117291611786606,0.1827713576230924,0.48881319811089746,3.294889730074239e-05,0.005901204299738892,-0.0017595572284117432,0.0016240070662950315,9.369665810829265e-07,0.5177675620216183,0.15469767709218543,0.41373149088106365,2.788794667534836e-05,0.5548122469914282,-0.10843810191508274,0.3823102302779219,-0.20176849632200555,-0.3886427501943335,-0.3982986100975246,-0.06835074348019737,-0.12967076772443578,0.00806721639048322,-0.00528667509344892,0.003322347122274114,1.692873494725002e-06
-56.15999999999997,0.92,0.025,0.009797958971132711,0.5248792922602417,0.5278473586035246,0.6126738442059618,0.18248924705445657,0.48907286194938926,3.3077015205973174e-05,0.005907333835223742,-0.0017668273076466073,0.0016203526615731982,9.316213243377559e-07,0.5185671417359261,0.15445889870689206,0.41395127035396306,2.7996385670335695e-05,0.5554367943150359,-0.10904802444091685,0.382513364038939,-0.20187559182329642,-0.38948192045438,-0.39848374010110243,-0.06819719631475481,-0.12937884107004782,0.008067216390483222,-0.005286675093448919,0.0033131110786038935,1.6807996574072092e-06
-56.0,0.92,0.025,0.009797958971132711,0.5248792922602417,0.5278473586035246,0.6136195080996484,0.18220597210710857,0.48933194216928555,3.320382926923395e-05,0.005913465127878035,-0.001774111965698393,0.0016166874997756726,9.263135247214716e-07,0.5193675516555424,0.15421913479145669,0.4141705558520833,2.8103721093479617e-05,0.5560616314925143,-0.10965926348375764,0.3827160408185777,-0.20198244741201574,-0.3903223310738575,-0.3986683984060553,-0.06804319292330259,-0.12908605734391354,0.00806721639048322,-0.005286675093448918,0.003303866794430451,1.6688313706453331e-06
-55.839999999999975,0.92,0.025,0.009797958971132711,0.5248792922602417,0.5278473586035246,0.6145661531400614,0.1819215304468128,0.48959043705252575,3.332934754090509e-05,0.005919598167623,-0.0017814112228799557,0.0016130116331310848,9.210433352831815e-07,0.5201687920177479,0.15397838337018235,0.4143893459212578,2.820995975862207e-05,0.5566867577830934,-0.11027182098902584,0.3829182592764811,-0.20208906237260923,-0.39116398325484486,-0.3988525833527766,-0.06788873549421295,-0.12879242072146865,0.008067216390483222,-0.005286675093448919,0.0032946143680165785,1.6569686141791693e-06
-55.68000000000001,0.92,0.025,0.009797958971132711,0.5248792922602417,0.5278473586035246,0.6155137796059271,0.18163591973608237,0.489848344889092,3.3453578123886945e-05,0.0059257329443496475,-0.0017887250995218434,0.0016093251139851848,9.15810906386452e-07,0.5209708630584567,0.15373664246462013,0.4146076391141275,2.831510852405791e-05,0.5573121724433994,-0.11088569890402682,0.3831200180786037,-0.20219543599280163,-0.3920068781995676,-0.39903629327849865,-0.0677338262210072,-0.12849793538738452,0.008067216390483222,-0.005286675093448919,0.0032853538974144413,1.6452113629110018e-06
-55.51999999999998,0.92,0.025,0.009797958971132711,0.5248792922602417,0.5278473586035246,0.6164623877743519,0.18134913763417598,0.49010566397703104,3.357652917280829e-05,0.005931869447918715,-0.001796053615972293,0.001605627994797401,9.106163856973504e-07,0.5217737650122115,0.15349391009356655,0.4148254339901591,2.841917429186494e-05,0.5579378747274487,-0.11150089917795064,0.38332131589722884,-0.20230156756360668,-0.3928510171103952,-0.3992195265172884,-0.06757846730221158,-0.1282026055352928,0.008067216390483224,-0.005286675093448919,0.003276085480460618,1.633559586913021e-06
-55.360000000000014,0.92,0.025,0.009797958971132711,0.5248792922602417,0.5278473586035246,0.6174119779208175,0.18106118179709527,0.49036239262247305,3.369820889328425e-05,0.005938007668160615,-0.00180339679259723,0.0016019203281374098,9.05459918172431e-07,0.5225774981121799,0.15325018427306145,0.4150427291156612,2.852216400727579e-05,0.5585638638866444,-0.11211742376187252,0.3835221514109829,-0.20240745637933508,-0.39369640118983895,-0.39940228140004347,-0.0674226609412139,-0.12790643536751126,0.008067216390483222,-0.005286675093448919,0.0032668092147712063,1.6220132514340648e-06
-55.19999999999999,0.92,0.025,0.009797958971132711,0.5248792922602417,0.5278473586035246,0.6183625503191756,0.1807720498775818,0.4906185291396509,3.38186255410961e-05,0.0059441475948753784,-0.0018107546497802619,0.0015982021666816645,9.003416460474409e-07,0.5233820625901503,0.15300546301638523,0.41525952306380054,2.8624084657983744e-05,0.5591901391697696,-0.11273527460875286,0.3837225233048502,-0.20251310173760345,-0.394543031640549,-0.3995845562544877,-0.06726640934611795,-0.12760942909476605,0.008067216390483224,-0.005286675093448921,0.0032575251977368554,1.6105723169081028e-06
-55.04000000000002,0.92,0.025,0.009797958971132711,0.5248792922602417,0.5278473586035246,0.6193141052416443,0.1804817395251144,0.49087407185091875,3.3937787421434294e-05,0.005950289217832603,-0.001818127207922677,0.0015944735632099627,8.952617088263783e-07,0.5241874586765278,0.15275974433405684,0.4154758144146177,2.8724943273501986e-05,0.5598166998229841,-0.11335445367343762,0.3839224302701864,-0.20261850293934233,-0.395390909665312,-0.3997663494051672,-0.06710971472959995,-0.1273115909359175,0.008067216390483222,-0.005286675093448919,0.003248233526517917,1.5992367389627651e-06
-54.879999999999995,0.92,0.025,0.009797958971132711,0.5248792922602417,0.5278473586035246,0.6202666429588016,0.1801902483859064,0.491129019086771,3.405570288803311e-05,0.005956432526771395,-0.0018255144874434431,0.0015907345706019677,8.902202432706249e-07,0.5249936866003297,0.15251302623383117,0.415691601755043,2.8824746924431224e-05,0.5604435450898183,-0.11397496291265828,0.3841218710047345,-0.20272365928880487,-0.39624003646704875,-0.3999476591734457,-0.0669525793087627,-0.12701292511768178,0.008067216390483222,-0.00528667509344892,0.003238934298039511,1.5880064684284894e-06
-54.71999999999997,0.92,0.025,0.009797958971132711,0.5248792922602417,0.5278473586035246,0.6212201637395818,0.17989757410290244,0.491383369185859,3.417238034249712e-05,0.005962577511400321,-0.0018329165087792021,0.0015869852418337572,8.852173833883751e-07,0.5258007465891821,0.15226530672069663,0.4159068836789111,2.8923502721889563e-05,0.5610706742111686,-0.11459680428503236,0.38432084421263607,-0.20282857009357413,-0.39709041324881156,-0.4001284838775009,-0.06679500530499108,-0.12671343587435496,0.008067216390483222,-0.00528667509344892,0.00322962760898669,1.5768814513467482e-06
-54.56,0.92,0.025,0.009797958971132711,0.5248792922602417,0.5278473586035246,0.6221746678512698,0.17960371431577601,0.491637120495009,3.4287828233327427e-05,0.005968724161397346,-0.0018403332923842678,0.0015832256299743313,8.802532604249067e-07,0.5266086388693149,0.15201658379687283,0.41612165878697566,2.9021217816688337e-05,0.5616980864252924,-0.11521997975106349,0.38451934860444587,-0.20293323466457128,-0.3979420412137817,-0.4003088218323197,-0.06663699494380568,-0.1264131274475341,0.00806721639048322,-0.005286675093448919,0.0032203135557995325,1.5658616289817186e-06
-54.39999999999998,0.92,0.025,0.009797958971132711,0.5248792922602417,0.5278473586035246,0.6231301555594968,0.17930866666092657,0.4918902713692391,3.4402055055281637e-05,0.0059748724664097875,-0.0018477648587306235,0.0015794557881821491,8.753280028525495e-07,0.5274173636655581,0.15176685546180826,0.41633592568692396,2.9117899398790378e-05,0.5623257809678027,-0.11584449127314139,0.38471738289714436,-0.20303765231606316,-0.3987949215652668,-0.4004886713496944,-0.06647855045471766,-0.1261120040858401,0.00806721639048322,-0.005286675093448919,0.0032109922346683197,1.5549469378288658e-06
-54.24000000000001,0.92,0.025,0.009797958971132711,0.5248792922602417,0.5278473586035246,0.624086627128235,0.17901242877147655,0.4921428201717747,3.45150693484151e-05,0.0059810224160542535,-0.0018552112283079173,0.0015756757697016491,8.704417363615818e-07,0.5282269212013382,0.15151611971217777,0.4165496829933901,2.9213554696498545e-05,0.5629537570716641,-0.11647034081554244,0.3849149458141498,-0.20314182236566933,-0.39964905550669855,-0.4006680307382184,-0.06631967407108295,-0.12581007004463968,0.008067216390483224,-0.00528667509344892,0.003201663741528711,1.5441373096272513e-06
-54.079999999999984,0.92,0.025,0.009797958971132711,0.5248792922602417,0.5278473586035246,0.625044082819793,0.17871499827726867,0.4923947652740652,3.4626879697359516e-05,0.005987173999916589,-0.0018626724216234602,0.0015718856278597502,8.655945838509605e-07,0.5290373116986727,0.15126437454188021,0.4167629293279688,2.9308190975845097e-05,0.5635820139671865,-0.11709753034442982,0.38511203608533046,-0.20324574413436958,-0.4005044442416296,-0.40084689830328113,-0.06616036802995544,-0.12550732958576571,0.008067216390483222,-0.005286675093448919,0.0031923281720568917,1.5334326713696772e-06
-53.920000000000016,0.92,0.025,0.009797958971132711,0.5248792922602417,0.5278473586035246,0.6260025228948101,0.178416372804863,0.49264610505579876,3.473749473047427e-05,0.005993327207551826,-0.0018701484592022232,0.0015680854160623808,8.607866654198122e-07,0.5298485353781672,0.15101161794203605,0.4169756633192281,2.940181553987342e-05,0.5642105508820211,-0.11772606182785324,0.38530865244701634,-0.2033494169465106,-0.4013610889737322,-0.4010252723470654,-0.06600063457194148,-0.12520378697723983,0.00806721639048322,-0.005286675093448919,0.0031829856216648174,1.52283294531494e-06
-53.75999999999999,0.92,0.025,0.009797958971132711,0.5248792922602417,0.5278473586035246,0.6269619476122524,0.17811654997753426,0.4928968379049174,3.484692311897236e-05,0.005999482028484127,-0.0018776393615868327,0.001564275187790972,8.560180983589428e-07,0.5306605924590105,0.150757847900985,0.4171878836027221,2.9494435727898206e-05,0.5648393670411546,-0.1183559372357498,0.3855047936420104,-0.20345284012981305,-0.40221899090679397,-0.401203151168542,-0.06584047594105281,-0.12489944649299205,0.008067216390483224,-0.00528667509344892,0.003173636185495386,1.5123380490000086e-06
-53.599999999999966,0.92,0.025,0.009797958971132711,0.5248792922602417,0.5278473586035246,0.6279223572294075,0.17781552741526896,0.4931469622176313,3.495517357615398e-05,0.006005638452206723,-0.0018851451493375668,0.0015604549965989732,8.512889971430622e-07,0.5314734831589705,0.15050306240428366,0.4173995888210032,2.9586058914856728e-05,0.5654684616669048,-0.11898715853994359,0.38570045841959943,-0.20355601301537798,-0.40307815124471663,-0.40138053306346544,-0.06567989438456036,-0.12459431241258237,0.008067216390483224,-0.00528667509344892,0.003164279958417702,1.5019478952526837e-06
-53.44,0.92,0.025,0.009797958971132711,0.5248792922602417,0.5278473586035246,0.6288837520018791,0.17751330273476248,0.4933964763984323,3.506225485654713e-05,0.006011796468181872,-0.0018926658430323546,0.001556624896108349,8.4659947342283e-07,0.5322872076943904,0.15024725943470296,0.41761077762363313,2.9676692510581494e-05,0.5660978339789152,-0.11961972771414629,0.385895645535564,-0.20365893493769296,-0.403938571191513,-0.40155741632437025,-0.06551889215284727,-0.12428838902092085,0.008067216390483224,-0.005286675093448919,0.0031549170350223077,1.4916623922042146e-06
-53.27999999999997,0.92,0.025,0.009797958971132711,0.5248792922602417,0.5278473586035246,0.6298461321835827,0.17720987354941642,0.49364537886010795,3.5168175755053726e-05,0.006017956065840793,-0.0019002014632667698,0.001552784940006083,8.419496360178441e-07,0.5331017662801844,0.14999043697222605,0.4178214486671954,2.9766343959077474e-05,0.5667274831941502,-0.12025364673395714,0.3860903537521898,-0.20376160523463877,-0.4048002519513042,-0.4017337992405668,-0.06535747149926217,-0.12398168060798821,0.008067216390483224,-0.005286675093448918,0.0031455475096164526,1.481481443303511e-06
-53.120000000000005,0.92,0.025,0.009797958971132711,0.5248792922602417,0.5278473586035246,0.6308094980267397,0.17690523746933562,0.4938936680237534,3.527294510615428e-05,0.006024117234583612,-0.0019077520306540288,0.001548935182040678,8.373395909094794e-07,0.5339171591298325,0.14973259299404568,0.4180316006153049,2.9855020737848983e-05,0.5673574085268893,-0.12088891757686282,0.38628458183827574,-0.20386402324749475,-0.40566319472831724,-0.40190968009813577,-0.06519563467997229,-0.12367419146855614,0.008067216390483222,-0.00528667509344892,0.0031361714762193895,1.4714049473303942e-06
-52.95999999999998,0.92,0.025,0.009797958971132711,0.5248792922602417,0.5278473586035246,0.631773849781874,0.17659939210132536,0.4941413423187846,3.537657178297425e-05,0.006030279963779315,-0.0019153175658249866,0.0015450756760186496,8.327694412346111e-07,0.5347333864553782,0.14947372547456178,0.4182412321386193,2.9942730357109405e-05,0.5679876091887234,-0.12152554222223849,0.3864783285691447,-0.20396618832094515,-0.406527400726883,-0.40208505717992604,-0.06503338395381617,-0.1233659259019071,0.00806721639048322,-0.005286675093448918,0.0031267890285576632,1.4614327984112335e-06
-52.80000000000001,0.92,0.025,0.009797958971132711,0.5248792922602417,0.5278473586035246,0.6327391876978051,0.17629233504888858,0.4943884001829495,3.547906469657713e-05,0.006036444242765685,-0.001922898089428133,0.0015412064758010366,8.282392872789508e-07,0.5355504484674223,0.1492138323853793,0.4184503419148485,3.0029480359182888e-05,0.5686180843885482,-0.12216352265134696,0.38667159272665114,-0.20406809980308407,-0.4073928711514322,-0.4022599287655484,-0.06487072158215725,-0.12305688821155573,0.008067216390483224,-0.00528667509344892,0.003117400260060459,1.4515648860320675e-06
-52.639999999999986,0.92,0.025,0.009797958971132711,0.5248792922602417,0.5278473586035246,0.6337055120216446,0.17598406391222315,0.49463484006234,3.5580432794965076e-05,0.006042610060849248,-0.0019304936221295897,0.0015373276352998785,8.237492264715628e-07,0.53636834537512,0.1489529116953057,0.4186589286287646,3.0115278317658442e-05,0.5692488333325603,-0.12280286084733935,0.3868643730991909,-0.20416975704542142,-0.40825960720649435,-0.40243429313137236,-0.0647076498287358,-0.12274708270496713,0.008067216390483224,-0.00528667509344892,0.0031080052638549124,1.4418010950556852e-06
-52.48000000000002,0.92,0.025,0.009797958971132711,0.5248792922602417,0.5278473586035246,0.6346728229987906,0.17567457628821873,0.4948806604114018,3.5680685062370334e-05,0.006048777407305218,-0.0019381041846131067,0.0015334392084747363,8.192993533788224e-07,0.5371870773861763,0.14869096137034835,0.4188669909722105,3.0200131836790253e-05,0.5698798552242514,-0.12344355879525536,0.3870566684817082,-0.2042711594028874,-0.40912761009669396,-0.40260814855052157,-0.0645441709595229,-0.12243651369327914,0.00806721639048322,-0.005286675093448918,0.0030986041327615184,1.4321413057354353e-06
-52.31999999999999,0.92,0.025,0.009797958971132711,0.5248792922602417,0.5278473586035246,0.6356411208729222,0.17536386977045446,0.4951258596929457,3.577983051829266e-05,0.006054946271377448,-0.0019457297975800562,0.00152954124932917,8.148897596999037e-07,0.5380066447068415,0.14842797937371266,0.41907452764410924,3.0284048550682907e-05,0.5705111492644037,-0.12408561848202287,0.38724847767570375,-0.20437230623383792,-0.40999688102674886,-0.40278149329286983,-0.06438028724257232,-0.12212518549102078,0.008067216390483222,-0.005286675093448919,0.0030891969592894736,1.4225853937334484e-06
-52.15999999999997,0.92,0.025,0.009797958971132711,0.5248792922602417,0.5278473586035246,0.6366104058859959,0.17505194194919568,0.49537043637815703,3.587787821669617e-05,0.006061116642278362,-0.0019533704817494336,0.0015256338119072517,8.105205342613453e-07,0.538827047541907,0.14816396366579923,0.41928153735047213,3.0367036122611642e-05,0.5711427146510847,-0.12472904189645877,0.38743979948924245,-0.20447319690005913,-0.41086742120146674,-0.40295432562503636,-0.06421600094787401,-0.12181310241583386,0.008067216390483222,-0.00528667509344892,0.0030797838356321117,1.413133230135681e-06
-52.0,0.92,0.025,0.009797958971132711,0.5248792922602417,0.5278473586035246,0.637580678278239,0.17473879041139123,0.4956143889466046,3.597483724513873e-05,0.006067288509188913,-0.001961026257857847,0.0015217169502900604,8.061917630130018e-07,0.5396482860947016,0.14789891220420154,0.41948801880440617,3.0449102244285422e-05,0.5717745505796414,-0.12537383102926872,0.38763063273695963,-0.2045738307667719,-0.411739231825743,-0.40312664381038205,-0.06405131434720687,-0.12150026878819294,0.008067216390483222,-0.00528667509344892,0.0030703648536623282,1.4037846814698939e-06
-51.839999999999975,0.92,0.025,0.009797958971132711,0.5248792922602417,0.5278473586035246,0.6385519382881454,0.17442441274067086,0.4958577158862502,3.6070716723990594e-05,0.006073461861258516,-0.0019686971466595193,0.0015177907185921827,8.019035290236058e-07,0.5404703605670863,0.14763282294370383,0.4196939707261222,3.053025463518564e-05,0.5724066562426963,-0.12601998787304697,0.38782097624006817,-0.20467420720263627,-0.41261231410455795,-0.40329844610900445,-0.06388622971399154,-0.12118668893112577,0.00806721639048322,-0.005286675093448919,0.003060940104928018,1.3945396097219829e-06
-51.68000000000001,0.92,0.025,0.009797958971132711,0.5248792922602417,0.5278473586035246,0.6395241861524703,0.1741088065173421,0.496100415693456,3.616552580541703e-05,0.006079636687605,-0.0019763831689262813,0.0015138551709582239,7.976559124771634e-07,0.5412932711594509,0.14736569383627834,0.41989939184294117,3.061050104170498e-05,0.5730390308301415,-0.12666751442227736,0.38801082882636406,-0.20477432557975514,-0.4134866692429741,-0.4034697307777343,-0.06372074932314367,-0.1208723671699348,0.00806721639048322,-0.00528667509344892,0.0030515096806475735,1.3853978723551586e-06
-51.51999999999998,0.92,0.025,0.009797958971132711,0.5248792922602417,0.5278473586035246,0.6404974221062255,0.17379196931838758,0.49634248687299304,3.625927367269561e-05,0.00608581297731455,-0.0019840843454475687,0.0015099103615592998,7.934489906695271e-07,0.5421170180707093,0.14709752283108327,0.42010428088930135,3.0689849236569566e-05,0.573671673529134,-0.1273164126733326,0.3882001893302326,-0.20487418527367873,-0.41436229844613376,-0.40364049607013075,-0.06355487545092653,-0.12055730783191683,0.008067216390483219,-0.005286675093448919,0.0030420736717053473,1.3763593223271014e-06
-51.360000000000014,0.92,0.025,0.009797958971132711,0.5248792922602417,0.5278473586035246,0.6414716463826737,0.17347389871746224,0.496583927938048,3.635196953921629e-05,0.00609199071944165,-0.0019918006970304166,0.0015059563445895682,7.892828380052765e-07,0.5429416014982951,0.14682830787446005,0.4203086366067639,3.076830701799267e-05,0.5743045835240899,-0.12796668462447483,0.3883890565926533,-0.20497378566340768,-0.4152392029192561,-0.4038107402364773,-0.06338861037480495,-0.12024151524608612,0.00806721639048322,-0.005286675093448921,0.0030326321686472185,1.3674238081093915e-06
-51.19999999999999,0.92,0.025,0.009797958971132711,0.5248792922602417,0.5278473586035246,0.6424468592133242,0.17315459228489055,0.49682473741023014,3.644362264775122e-05,0.0060981699030090274,-0.0019995322444994568,0.0015019931742627252,7.851575259950893e-07,0.5437670216381576,0.14655804690993138,0.4205124577440188,3.0845882209056635e-05,0.5749377599966806,-0.12861833227585578,0.38857742946120505,-0.2050731261313967,-0.4161173838676345,-0.4039804615237771,-0.06322195637329803,-0.11992499374289456,0.008067216390483219,-0.005286675093448917,0.0030231852616761055,1.3585911737059645e-06
-51.04000000000002,0.92,0.025,0.009797958971132711,0.5248792922602417,0.5278473586035246,0.6434230608279268,0.17283404758766358,0.49706491381957746,3.653424226945606e-05,0.006104350517007599,-0.002007279008696913,0.0014980209048085287,7.810731232533116e-07,0.5445932786847573,0.14628673787819846,0.42071574305689036,3.092258265686761e-05,0.5755712021258258,-0.1292713576295163,0.3887653067900703,-0.20517220606355807,-0.41699684249663393,-0.40414965817574916,-0.06305491572583276,-0.11960774765395414,0.00806721639048322,-0.005286675093448919,0.003013733040647549,1.3498612586732987e-06
-50.879999999999995,0.92,0.025,0.009797958971132711,0.5248792922602417,0.5278473586035246,0.6444002514544678,0.17251226218943616,0.49730445570456216,3.6623837703177785e-05,0.006110532550396413,-0.002015041010482598,0.0014940395904693147,7.770296954958963e-07,0.5454203728310616,0.14601437871713877,0.4209184913083414,3.099841623196968e-05,0.5762049090876901,-0.12992576268938744,0.38895268744003975,-0.2052710248492641,-0.4178775800116884,-0.4043183284328237,-0.06288749071259746,-0.11928978131175871,0.008067216390483219,-0.00528667509344892,0.003004275595065297,1.3412338981391678e-06
-50.71999999999997,0.92,0.025,0.009797958971132711,0.5248792922602417,0.5278473586035246,0.6453784313191645,0.17218923365052433,0.4975433616120964,3.671241827444207e-05,0.0061167159921025945,-0.002022818270733906,0.0014900492854965314,7.730273055390483e-07,0.5462483042685409,0.1457409673618038,0.4211207012684784,3.107339082748777e-05,0.5768388800556771,-0.13058154946128986,0.3891395702785153,-0.20536958188135046,-0.41875959761829806,-0.40448647053213826,-0.06271968361439588,-0.11897109904940727,0.008067216390483217,-0.005286675093448918,0.0029948130140769473,1.3327089228244501e-06
-50.56,0.92,0.025,0.009797958971132711,0.5248792922602417,0.5278473586035246,0.6463576006464592,0.17186495952790215,0.497781630097536,3.679999333468585e-05,0.006122900831021289,-0.0020306108103458117,0.0014860500441472623,7.690660132975954e-07,0.5470770731871631,0.1454665017444164,0.4213223717145545,3.114751435847811e-05,0.5774731142004234,-0.13123871995293374,0.3893259541795138,-0.20546787655611853,-0.41964289652202647,-0.4046540827075329,-0.06255149671250075,-0.11865170520032646,0.008067216390483219,-0.005286675093448919,0.0029853453864695763,1.3242861590625882e-06
-50.39999999999998,0.92,0.025,0.009797958971132711,0.5248792922602417,0.5278473586035246,0.6473377596590157,0.17153943737519908,0.4980192597246856,3.688657226034669e-05,0.006129087056015604,-0.0020384186502308646,0.0014820419206807661,7.651458757839345e-07,0.547906679775391,0.1451909797943685,0.4215235014309739,3.122079476115744e-05,0.5781076106897951,-0.13189727617391986,0.38951183802366984,-0.20556590827333773,-0.4205274779284981,-0.404821163189546,-0.062382932288508164,-0.11833160409799418,0.008067216390483219,-0.005286675093448918,0.0029758728006654216,1.3159654288207516e-06
-50.24000000000001,0.92,0.025,0.009797958971132711,0.5248792922602417,0.5278473586035246,0.648318908577713,0.17121266474269736,0.4982562490658013,3.6972164452094674e-05,0.006135274655916555,-0.002046241811319185,0.0014780249693550202,7.612669471080002e-07,0.5487371242201763,0.14491439943821904,0.4217240892092942,3.129323999225293e-05,0.5787423686888816,-0.1325572201357386,0.3896972206982381,-0.20566367643624764,-0.42141334304339545,-0.4049877102054101,-0.06221399262419189,-0.1180108000756638,0.008067216390483217,-0.005286675093448917,0.0029663953447175897,1.3077465497218923e-06
-50.079999999999984,0.92,0.025,0.009797958971132711,0.5248792922602417,0.5278473586035246,0.6493010476216404,0.17088463917732882,0.49849259670159435,3.70567793338779e-05,0.006141463619523012,-0.0020540803145584585,0.0014739992444232593,7.574292784765256e-07,0.5495684067069565,0.14463675859969113,0.42192413384822947,3.136485802819426e-05,0.5793773873599902,-0.13321855385177073,0.38988210109709515,-0.20576118045156017,-0.42230049307245643,-0.4051537219790476,-0.06204468000135762,-0.11768929746608783,0.008067216390483217,-0.005286675093448917,0.0029569131063057618,1.29962933506617e-06
-49.920000000000016,0.92,0.025,0.009797958971132711,0.5248792922602417,0.5278473586035246,0.6502841770080926,0.17055535822267243,0.4987283012212337,3.714042635213201e-05,0.006147653935601636,-0.0020619341809139315,0.00146996480013055,7.536329181933005e-07,0.5504005274196496,0.14435805519966996,0.4221236341536522,3.143565686444454e-05,0.5800126658626417,-0.13388127933728697,0.390066478120742,-0.20585841972946106,-0.4231889292214714,-0.40531919673106653,-0.06187499670169858,-0.11736710060124442,0.00806721639048322,-0.00528667509344892,0.002947426172731993,1.291613593853085e-06
-49.75999999999999,0.92,0.025,0.009797958971132711,0.5248792922602417,0.5278473586035246,0.6512682969525643,0.17022481941895107,0.4989633612223476,3.722311497492691e-05,0.006153845592886828,-0.0020698034313684083,0.0014659216907103253,7.498779116595335e-07,0.5512334865406504,0.1440782871562002,0.42232258893859503,3.150564451477814e-05,0.5806482033535647,-0.13454539860944884,0.39025035067630426,-0.2059553936836115,-0.42407865269628087,-0.4054841326787557,-0.06170494500664957,-0.11704421381206082,0.008067216390483219,-0.00528667509344892,0.0029379346309164433,1.2836991308038827e-06
-49.599999999999966,0.92,0.025,0.009797958971132711,0.5248792922602417,0.5278473586035246,0.6522534076687453,0.16989302030302914,0.49919777531102544,3.7304854691066396e-05,0.006160038580080671,-0.0020776880869222444,0.0014618699703809834,7.461643013747597e-07,0.5520672842508261,0.14379745238448385,0.42252099702325197,3.15748290105186e-05,0.5812839989866905,-0.135210913687308,0.39043371767753354,-0.2060521017311493,-0.4249696647027721,-0.4056485280360809,-0.0615345271972435,-0.11672064142814194,0.008067216390483219,-0.005286675093448918,0.002928438567393248,1.2758857463850016e-06
-49.44,0.92,0.025,0.009797958971132711,0.5248792922602417,0.5278473586035246,0.6532395093685148,0.16955995840840965,0.4994315421018186,3.738565500930458e-05,0.006166232885852873,-0.002085588168593344,0.0014578096933424436,7.424921269380046e-07,0.5529019207295109,0.14351554879687795,0.4227188572349793,3.16432183998754e-05,0.5819200519131478,-0.1358778265918064,0.39061657804480787,-0.20614854329269006,-0.425861966446877,-0.4058123810136805,-0.061363745553966204,-0.11639638777749543,0.008067216390483219,-0.005286675093448918,0.002918938068306323,1.2681732368310347e-06
-49.27999999999997,0.92,0.025,0.009797958971132711,0.5248792922602417,0.5278473586035246,0.6542266022619369,0.16922563126523119,0.4996646602177411,3.746552545748033e-05,0.00617242849884071,-0.0020935036974171514,0.0014537409137727387,7.388614250492109e-07,0.5537373961545033,0.14323257430289169,0.4229161684082961,3.171082074721135e-05,0.5825563612812573,-0.13654613934577678,0.39079893070513144,-0.20624471779232798,-0.42675555913456914,-0.4059756898188608,-0.061192602356612814,-0.11607145718625979,0.008067216390483217,-0.005286675093448919,0.0029094332194052517,1.2605613941683776e-06
-49.120000000000005,0.92,0.025,0.009797958971132711,0.5248792922602417,0.5278473586035246,0.6552146865572547,0.16889003640026518,0.499897128290269,3.7544475581686e-05,0.006178625407648972,-0.002101434694446652,0.001449663685824615,7.352722295108673e-07,0.5545737107020604,0.14294852680918446,0.4231129293848837,3.177764413233904e-05,0.5831929262365272,-0.1372158539739425,0.3909807745921343,-0.20634062465763647,-0.4276504439718609,-0.40613845265559206,-0.06102109988414431,-0.11574585397843304,0.008067216390483217,-0.005286675093448918,0.002899924106041198,1.2530500062387623e-06
-48.95999999999998,0.92,0.025,0.009797958971132711,0.5248792922602417,0.5278473586035246,0.6562037624608859,0.16855317133691344,0.5001289449593406,3.762251494538375e-05,0.006184823600849904,-0.002109381180752361,0.0014455780636221272,7.317245712305521e-07,0.5554108645468938,0.14266340421956356,0.42330913901358586,3.184369664977281e-05,0.5838297459216473,-0.13788697250291745,0.39116210864607187,-0.20643626331966855,-0.42854662216480044,-0.4063006677245042,-0.0608492404145438,-0.11541958247560094,0.008067216390483219,-0.005286675093448919,0.0028904108131628256,1.245638856724603e-06
-48.80000000000001,0.92,0.025,0.009797958971132711,0.5248792922602417,0.5278473586035246,0.6571938301774168,0.16821503359520495,0.5003601088733546,3.7699653128610365e-05,0.006191023066983145,-0.002117343177422325,0.0014414841012572576,7.282184782232275e-07,0.5562488578621656,0.14237720443498147,0.4235047961504073,3.1908986408055816e-05,0.5844668194764838,-0.1385594969612063,0.3913429318138232,-0.2065316332129572,-0.4294440949194697,-0.4064623332228816,-0.06067702622467405,-0.11509264699666738,0.008067216390483219,-0.005286675093448919,0.0028808934253122787,1.2383277251730092e-06
-48.639999999999986,0.92,0.025,0.009797958971132711,0.5248792922602417,0.5278473586035246,0.6581848899095977,0.16787562069179326,0.5005906186891687,3.777589972716836e-05,0.00619722379455568,-0.002125320705562111,0.0014373818527865358,7.247539756141566e-07,0.5570876908194835,0.14208992535353382,0.42369989965851235,3.1973521529075304e-05,0.5851041460380746,-0.13923342937920438,0.39152324304888947,-0.2066267337755149,-0.43034286344198064,-0.4066234473446602,-0.06050445959013469,-0.11476505185758455,0.008067216390483219,-0.005286675093448921,0.002871372026621173,1.2311163870208055e-06
-48.48000000000002,0.92,0.025,0.009797958971132711,0.5248792922602417,0.5278473586035246,0.6591769418583372,0.16753493013995346,0.5008204730720972,3.785126435173121e-05,0.006203425772041777,-0.002133313786294804,0.0014332713722276754,7.213310856419968e-07,0.5579273635888966,0.14180156487045661,0.4238944484082231,3.20373101473053e-05,0.5857417247406232,-0.13990877178919814,0.391703041311392,-0.20672156444883383,-0.43124292893847327,-0.4067840082804219,-0.06033154278512028,-0.11443680137108465,0.008067216390483217,-0.005286675093448918,0.0028618467008066314,1.2240046136200747e-06
-48.31999999999999,0.92,0.025,0.009797958971132711,0.5248792922602417,0.5278473586035246,0.6601699862226972,0.16719295944957974,0.5010496706959093,3.792575662707422e-05,0.006209628987882932,-0.002141322440761003,0.0014291527135562093,7.179498276624976e-07,0.5587678763388909,0.1415121208781243,0.42408844127701767,3.210036040915562e-05,0.5863795547154943,-0.14058552622536452,0.3918823255680704,-0.20681612467788535,-0.4321442926151124,-0.4069440142173909,-0.06015827808227831,-0.11410789984641145,0.008067216390483219,-0.005286675093448918,0.002852317531167327,1.2169921722638638e-06
-48.15999999999997,0.92,0.025,0.009797958971132711,0.5248792922602417,0.5278473586035246,0.6611640231998877,0.1668497061271824,0.5012782102428244,3.79993861912263e-05,0.0062158334304878065,-0.002149346690118815,0.0014250259307021613,7.146102181522035e-07,0.5596092292363849,0.1412215912660472,0.4242818771495266,3.2162680472253945e-05,0.5870176350912077,-0.1412636947237715,0.39206109479227835,-0.20691041391111897,-0.4330469556780848,-0.4071034633394288,-0.059984667752568575,-0.11377835158905485,0.008067216390483219,-0.005286675093448919,0.002842784600579619,1.2100788262120366e-06
-48.0,0.92,0.025,0.009797958971132711,0.5248792922602417,0.5278473586035246,0.6621590529852612,0.1665051676758848,0.501506090403509,3.8072162694661085e-05,0.006222039088232181,-0.0021573865555438486,0.001420891077546699,7.113122707126905e-07,0.5604514224467252,0.1409299739208689,0.42447475491753006,3.2224278504761145e-05,0.5876559649934338,-0.14194327932237802,0.3922393479639814,-0.2070044316004617,-0.43395091933359664,-0.4072623538270309,-0.05981071406512191,-0.11344816090048376,0.008067216390483217,-0.005286675093448917,0.0028332479914936494,1.2032643347176391e-06
-47.839999999999975,0.92,0.025,0.009797958971132711,0.5248792922602417,0.5278473586035246,0.6631550757723081,0.16615934159542115,0.5017333098770729,3.8144095799460235e-05,0.006228245949458887,-0.00216544205822921,0.0014167482079188133,7.08055996075136e-07,0.5612944561336817,0.14063726672636445,0.4246670734799545,3.2285162684663145e-05,0.5882945435449877,-0.1426242820610339,0.39241708406975306,-0.20709817720131696,-0.43485618478787047,-0.4074206838573213,-0.059636419287099826,-0.11311733207788136,0.008067216390483216,-0.005286675093448917,0.002823707785929506,1.1965484530537699e-06
-47.68000000000001,0.92,0.025,0.009797958971132711,0.5248792922602417,0.5278473586035246,0.6641520917526508,0.16581222538213305,0.5019598673710635,3.821519517860128e-05,0.006234454002477758,-0.0021735132193854982,0.0014125973755920215,7.048414021051886e-07,0.5621383304594436,0.14034346756343744,0.42485883174286815,3.2345341199168124e-05,0.5889333698658245,-0.14330670498148,0.3925943021027706,-0.207191650172563,-0.4357627532471426,-0.4075784516040489,-0.05946178568355529,-0.11278586941388204,0.008067216390483217,-0.005286675093448918,0.0028141640654734475,1.1899309325400212e-06
-47.51999999999998,0.92,0.025,0.009797958971132711,0.5248792922602417,0.5278473586035246,0.6651501011160386,0.16546381652896713,0.5021857616014611,3.8285470514982055e-05,0.006240663235565565,-0.0021816000602407977,0.0014084386342810538,7.016684938080602e-07,0.5629830455846151,0.1400485743101178,0.4250500286194767,3.2404822243880815e-05,0.5895724430730332,-0.14399055012734818,0.39277100106281043,-0.20728484997655167,-0.43667062591765987,-0.40773565523758254,-0.059286815517292646,-0.11245377719630718,0.008067216390483214,-0.0052866750934489155,0.002804616911274099,1.1834115205705318e-06
-47.360000000000014,0.92,0.025,0.009797958971132711,0.5248792922602417,0.5278473586035246,0.6661491040503421,0.16511411252547217,0.502410991292673,3.8354931500778766e-05,0.006246873636965964,-0.0021897026020406755,0.0014042720376385902,6.985372733341302e-07,0.5638286016682096,0.13975258484155964,0.4252406630301184,3.246361402225915e-05,0.5902117622808325,-0.14467581954416114,0.3929471799562435,-0.2073777760791062,-0.43757980400567725,-0.40789229292490736,-0.05911151104872972,-0.11212105970790497,0.008067216390483216,-0.005286675093448917,0.0027950664040387587,1.176989960640854e-06
-47.19999999999999,0.92,0.025,0.009797958971132711,0.5248792922602417,0.5278473586035246,0.6671491007415492,0.1647631108577963,0.5026355551775261,3.842358783657359e-05,0.006253085194889438,-0.002197820866048173,0.0014000976392519672,6.954477399846624e-07,0.5646749988676473,0.1394554970300388,0.4254307339022581,3.2521724744875884e-05,0.5908513266005645,-0.1453625152793329,0.39312283779602947,-0.20747042794951942,-0.4384902887174545,-0.40804836282961976,-0.058935874535758596,-0.11178772122608763,0.008067216390483216,-0.005286675093448916,0.002785512624029658,1.1706659923760275e-06
-47.04000000000002,0.92,0.025,0.009797958971132711,0.5248792922602417,0.5278473586035246,0.6681500913737578,0.16441080900868402,0.5028594519972619,3.849144923057253e-05,0.006259297897513235,-0.0022059548735438024,0.001395915492639951,6.923998902181704e-07,0.5655222373387486,0.13915730874495016,0.4256202401704825,3.257916262875659e-05,0.5914911351406897,-0.1460506393821681,0.3932979736017115,-0.20756280506055158,-0.439402081259254,-0.40820386311192325,-0.05875990823360912,-0.11145376602267423,0.008067216390483217,-0.005286675093448918,0.002775955651060348,1.1644393515591084e-06
-46.879999999999995,0.92,0.025,0.009797958971132711,0.5248792922602417,0.5278473586035246,0.6691520761291722,0.1640572044574736,0.5030826805015273,3.855852539789024e-05,0.006265511732981313,-0.0022141046458255408,0.0013917256512494696,6.893937176567071e-07,0.5663703172357314,0.13885801785280566,0.4258091807764927,3.26359358967743e-05,0.592131187006782,-0.14674019390386295,0.39347258639940985,-0.20765490688842772,-0.44031518283733695,-0.408358791928624,-0.058583614394710784,-0.11111919836363011,0.008067216390483217,-0.005286675093448917,0.002766395564492031,1.158309770158866e-06
-46.71999999999997,0.92,0.025,0.009797958971132711,0.5248792922602417,0.5278473586035246,0.6701550551880966,0.1637022946800944,0.5033052394483675,3.862482605964117e-05,0.006271726689404287,-0.0022222702042088236,0.001387528168452402,6.864292130924652e-07,0.5672192387112049,0.1385576222172319,0.4259975546690982,3.269205277688029e-05,0.592771481301523,-0.14743118089750407,0.3936466752218155,-0.2077467329128352,-0.4412295946579614,-0.4085131474331269,-0.05840699526855681,-0.11078402250881077,0.008067216390483216,-0.005286675093448916,0.0027568324432299942,1.1522769763588486e-06
-46.56,0.92,0.025,0.009797958971132711,0.5248792922602417,0.5278473586035246,0.6711590287289304,0.16334607714906363,0.503527127604217,3.869036094227727e-05,0.006277942754859363,-0.00223045157002654,0.0013833230975423703,6.835063644954647e-07,0.5680690019161667,0.13825611969896745,0.4261853608042093,3.2747521501543484e-05,0.5934120171246967,-0.14812360241806957,0.39382023910818276,-0.20783828261692044,-0.4421453179273788,-0.4086669277754304,-0.05823005310156849,-0.1104482427117062,0.008067216390483217,-0.005286675093448916,0.002747266365720075,1.1463406945869237e-06
-46.39999999999998,0.92,0.025,0.009797958971132711,0.5248792922602417,0.5278473586035246,0.6721639969281629,0.16298854933348403,0.5037483437438918,3.875513977677775e-05,0.0062841599173902845,-0.002238648764629028,0.0013791104917315264,6.80625157020425e-07,0.5689196069999971,0.13795350815586088,0.42637259814483003,3.280235030706469e-05,0.5940527935731843,-0.1488174605224284,0.3939932771043227,-0.20792955548728648,-0.4430623538518313,-0.40882013110212273,-0.05805279013695915,-0.11011186321918467,0.008067216390483216,-0.005286675093448916,0.002737697409945104,1.1405006455437037e-06
-46.24000000000001,0.92,0.025,0.009797958971132711,0.5248792922602417,0.5278473586035246,0.6731699599603671,0.16262970869904086,0.5039688866505778,3.881917229791733e-05,0.0062903781650072745,-0.0022468618093840634,0.0013748904041473897,6.777855730148143e-07,0.5697710541104547,0.13764978544286818,0.42655926566104907,3.2856547432957227e-05,0.5946938097409586,-0.14951275726934027,0.39416578826259424,-0.2080205510139886,-0.44398070363754866,-0.40897275555637735,-0.05787520861460034,-0.10977488827124068,0.008067216390483214,-0.005286675093448915,0.0027281256534214724,1.1347565462325593e-06
-46.079999999999984,0.92,0.025,0.009797958971132711,0.5248792922602417,0.5278473586035246,0.6741769179981956,0.16226955270799906,0.5041887551158228,3.888246824344956e-05,0.006296597485686978,-0.0022550907256768623,0.0013706628878296762,6.749875920265845e-07,0.5706233433936727,0.13734494941205042,0.42674536233003246,3.291012112125571e-05,0.5953350647190789,-0.15020949471945624,0.39433777164189726,-0.20811126869053187,-0.4449003684907459,-0.4091247992779485,-0.05769731077088754,-0.10943732210074208,0.008067216390483219,-0.005286675093448917,0.002718551173195674,1.1291081099891543e-06
-45.920000000000016,0.92,0.025,0.009797958971132711,0.5248792922602417,0.5278473586035246,0.6751848712123742,0.1619080788192007,0.5044079479395247,3.8945037353430286e-05,0.006302817867372398,-0.002263335534910069,0.0013664279957271508,6.722311908127712e-07,0.5714764749941535,0.13703899791257146,0.42693088713601374,3.29630796159434e-05,0.595976557595686,-0.1509076749353181,0.39450922630766294,-0.2082017080138666,-0.4458213496176195,-0.40927626040316634,-0.05751909883860695,-0.10909916893317931,0.008067216390483219,-0.005286675093448916,0.0027089740458409073,1.1235550465116207e-06
-45.75999999999999,0.92,0.025,0.009797958971132711,0.5248792922602417,0.5278473586035246,0.6761938197716975,0.1615452844880619,0.5046264639299212,3.900688936943083e-05,0.006309039297972848,-0.002271596258503751,0.0013621857806945,6.695163433481593e-07,0.5723304490547647,0.1367319287906956,0.4271158390702853,3.3015431162286255e-05,0.5966182874559959,-0.1516072999813586,0.394680151331846,-0.20829186848438486,-0.4467436482243453,-0.4094271370649338,-0.05734057504680294,-0.108760432986416,0.008067216390483216,-0.0052866750934489155,0.0026993943474537215,1.1180970618911498e-06
-45.599999999999966,0.92,0.025,0.009797958971132711,0.5248792922602417,0.5278473586035246,0.6772037638430216,0.16118116716657027,0.504844301903577,3.906803403382693e-05,0.006315261765363882,-0.0022798729178953934,0.0013579362954892205,6.66843020833776e-07,0.5731852657167336,0.1364237398897851,0.4273002171311876,3.306718400623112e-05,0.5972602533822947,-0.15230837192390118,0.39485054579291345,-0.2083817496059156,-0.44766726551707514,-0.4095774273927206,-0.057161741620646335,-0.10842111847044106,0.008067216390483214,-0.0052866750934489155,0.0026898121536507004,1.1127338586415152e-06
-45.44,0.92,0.025,0.009797958971132711,0.5248792922602417,0.5278473586035246,0.6782147035912613,0.16081572430328187,0.5050614606853733,3.9128481089050455e-05,0.006321485257387247,-0.0022881655345398954,0.001353679592768525,6.642111917068299e-07,0.5740409251196437,0.13611442905029777,0.42748402032409993,3.3118346393772305e-05,0.5979024544539342,-0.1530108928311605,0.3950204087758369,-0.208471350885721,-0.44859220270193395,-0.4097271295125603,-0.05698260078130321,-0.10808122958712213,0.008067216390483214,-0.0052866750934489155,0.0026802275395651793,1.1074651357313514e-06
-45.27999999999997,0.92,0.025,0.009797958971132711,0.5248792922602417,0.5278473586035246,0.6792266391793829,0.16044895334331874,0.5052779391084938,3.9188240276895194e-05,0.006327709761850816,-0.002296474129909559,0.0013494157250862578,6.616208216496171e-07,0.5748974274014297,0.135803994109785,0.4276672476614292,3.3168926570364094e-05,0.5985448897473251,-0.15371486477324164,0.3951897393720811,-0.20856067183449142,-0.4495184609850169,-0.4098762415470447,-0.05680315474580426,-0.10774077052995971,0.008067216390483214,-0.005286675093448915,0.002670640579843994,1.102290588613789e-06
-45.120000000000005,0.92,0.025,0.009797958971132711,0.5248792922602417,0.5278473586035246,0.6802395707683989,0.16008085172836597,0.5054937360144124,3.924732133775633e-05,0.006333935266528536,-0.0023047987254940882,0.0013451447448898505,6.590718735997359e-07,0.5757547726983728,0.13549243290288895,0.42784989816259866,3.321893278027696e-05,0.5991875583359325,-0.1544202898221405,0.39535853667959336,-0.20864971196634033,-0.4504460415723866,-0.4100247616153203,-0.05662340572691569,-0.10739974548384455,0.008067216390483216,-0.005286675093448916,0.002661051348644305,1.0972099092587166e-06
-44.95999999999998,0.92,0.025,0.009797958971132711,0.5248792922602417,0.5278473586035246,0.6812534985173634,0.15971141689666885,0.5057088502528791,3.930573400997115e-05,0.006340161759160362,-0.002313139342800578,0.0013408667045172714,6.565643077598268e-07,0.5766129611450964,0.13517974326134052,0.42803197085403694,3.326837326603958e-05,0.5998304592902701,-0.15512717005174378,0.3955267998027937,-0.20873847079879976,-0.4513749456700695,-0.410172687833083,-0.056443355933009906,-0.10705815862481462,0.008067216390483214,-0.005286675093448915,0.002651459919630417,1.0922227861832627e-06
-44.80000000000001,0.92,0.025,0.009797958971132711,0.5248792922602417,0.5278473586035246,0.682268422583366,0.15934064628302996,0.5059232806819062,3.936348802910913e-05,0.0063463892274522055,-0.0023214960033535125,0.0013365816561940168,6.540980816083974e-07,0.577471992874561,0.13486592301395656,0.4282134647691654,3.331725626783797e-05,0.6004735916778948,-0.15583550753782882,0.39569452785256204,-0.20882694785281458,-0.45230517448405405,-0.41032001831257453,-0.05626300756793791,-0.10671601411981539,0.008067216390483214,-0.0052866750934489155,0.002641866365970686,1.0873289044843872e-06
-44.639999999999986,0.92,0.025,0.009797958971132711,0.5248792922602417,0.5278473586035246,0.6832843431215262,0.15896853731880695,0.5061370261677526,3.942059312727197e-05,0.006352617659075875,-0.002329868728694754,0.001332289652030095,6.516731499101458e-07,0.5783318680180598,0.1345509699866382,0.4283943789483858,3.3365590022923e-05,0.6011169545634019,-0.15654530435806327,0.3958617199462269,-0.2089151426527368,-0.4532367292202864,-0.4104667511625778,-0.05608236283090138,-0.10637331612645955,0.008067216390483216,-0.005286675093448916,0.0026322707603344134,1.0825279458701197e-06
-44.48000000000002,0.92,0.025,0.009797958971132711,0.5248792922602417,0.5278473586035246,0.6843012602849888,0.158595087431909,0.5063500855849107,3.947705903240371e-05,0.006358847041669011,-0.00233825754038354,0.0013279907440170706,6.492894647271112e-07,0.5791925867052146,0.1342348820023678,0.4285747124390684,3.34133827650265e-05,0.6017605470084185,-0.1572565625920056,0.3960283752075544,-0.20900305472632075,-0.4541696110846683,-0.4106128844884119,-0.05590142391632722,-0.10603006879279145,0.008067216390483217,-0.005286675093448917,0.0026226731748888493,1.077819588692069e-06
-44.31999999999999,0.92,0.025,0.009797958971132711,0.5248792922602417,0.5278473586035246,0.6853191742249178,0.1582202940467948,0.5065624578160884,3.9532895467577056e-05,0.006365077362835034,-0.0023466624599964743,0.0013236849840250772,6.469469754297761e-07,0.5800541490639705,0.13391765688120713,0.42875446429553726,3.346064272375722e-05,0.6024043680715997,-0.15796928432110455,0.3961944927667338,-0.20909068360471608,-0.455103821283054,-0.4107584163919283,-0.05572019301374085,-0.10568627625704925,0.008067216390483216,-0.0052866750934489155,0.0026130736812961645,1.0732035079776728e-06
-44.15999999999997,0.92,0.025,0.009797958971132711,0.5248792922602417,0.5278473586035246,0.6863380850904907,0.1578441545844691,0.5067741417521946,3.9588112150446225e-05,0.0063713086101430845,-0.002355083509127525,0.0013193724237999024,6.44645628708534e-07,0.5809165552205913,0.13359929244029464,0.4289336335790575,3.350737812413769e-05,0.603048416808621,-0.15868347162869909,0.39636007176036603,-0.20917802882246223,-0.45603936102124715,-0.41090334497150643,-0.055538672307642464,-0.10534194264743262,0.008067216390483217,-0.005286675093448918,0.0026034723507105378,1.068679375461986e-06
-44.0,0.92,0.025,0.009797958971132711,0.5248792922602417,0.5278473586035246,0.6873579930288936,0.15746666646248036,0.5069851362923211,3.964271879244764e-05,0.006377540771127962,-0.00236352070938801,0.0013150531149600572,6.423853685857214e-07,0.5817798052996556,0.1332797864938434,0.4291122193578206,3.3553597185927684e-05,0.6036926922721751,-0.15939912660001876,0.39652511133144935,-0.20926508991748163,-0.45697623150499767,-0.4110476683220489,-0.05535686397738258,-0.10499707208186934,0.008067216390483217,-0.005286675093448916,0.00259386925377523,1.0642468596216046e-06
-43.839999999999975,0.92,0.025,0.009797958971132711,0.5248792922602417,0.5278473586035246,0.6883788981853151,0.1570878270949178,0.5071954403437272,3.969672509821049e-05,0.0063837738332900625,-0.0023719740824065974,0.0013107271089938804,6.401661364272867e-07,0.5826438994240507,0.13295913685313843,0.42929022070693074,3.3599308123125364e-05,0.6043371935119648,-0.16011625132218293,0.39668961062936703,-0.20935186643107384,-0.45791443393999853,-0.41119138453497694,-0.055174770197039084,-0.10465166866778473,0.008067216390483216,-0.0052866750934489155,0.002584264460619718,1.0599056257064775e-06
-43.68000000000001,0.92,0.025,0.009797958971132711,0.5248792922602417,0.5278473586035246,0.6894008007029413,0.15670763389240866,0.50740505282182,3.9750140764927625e-05,0.006390007784095328,-0.002380443649829297,0.001306394457256672,6.379878709553755e-07,0.5835088377149695,0.1326373413265347,0.4294676367083885,3.364451914343474e-05,0.6049819195746982,-0.16083484788420133,0.3968535688098713,-0.20943835790790777,-0.4588539695318836,-0.4113344916982264,-0.05499239313529552,-0.1043057365018733,0.008067216390483216,-0.005286675093448915,0.0025746580408569026,1.0556553357734446e-06
-43.51999999999998,0.92,0.025,0.009797958971132711,0.5248792922602417,0.5278473586035246,0.69042370072295,0.1563260842621155,0.5076139726501382,3.98029754816974e-05,0.006396242610975183,-0.00238892943331945,0.0013020552109678303,6.35850508260647e-07,0.5843746202919049,0.13231439771945458,0.429644466451077,3.368923844770868e-05,0.6056268695040832,-0.1615549183769734,0.397016985035071,-0.2095245638960156,-0.4597948394862238,-0.4114769878962431,-0.05480973495531937,-0.10395927966987073,0.008067216390483216,-0.005286675093448916,0.0025650500635803005,1.0514956487190949e-06
-43.360000000000014,0.92,0.025,0.009797958971132711,0.5248792922602417,0.5278473586035246,0.6914475983845056,0.15594317560773316,0.5078221987603314,3.9855238928879317e-05,0.006402478301326473,-0.0023974314545577263,0.0012977094212080309,6.337539818152276e-07,0.5852412472726456,0.13199030383438534,0.42982070903074454,3.373347422940346e-05,0.6062720423408223,-0.16227646489328892,0.3971798584734146,-0.20961048394678475,-0.46073704500852414,-0.4116188712099784,-0.054626797814642254,-0.10361230224632925,0.008067216390483216,-0.005286675093448914,0.0025554405973613453,1.0474262203135163e-06
-43.19999999999999,0.92,0.025,0.009797958971132711,0.5248792922602417,0.5278473586035246,0.6924724938247527,0.1555589053294865,0.5080297300921428,3.9906940777486946e-05,0.006408714842511406,-0.002405949735242118,0.0012933571389164126,6.316982224857902e-07,0.5861087187732708,0.13166505747087737,0.4299963635499897,3.3777234674064956e-05,0.6069174371226064,-0.16299948952782684,0.3973421882996768,-0.2096961176149512,-0.4616805873042213,-0.4117601397168845,-0.05444358386504031,-0.10326480829439365,0.008067216390483216,-0.0052866750934489155,0.0025458297102466786,1.0434467032338109e-06
-43.04000000000002,0.92,0.025,0.009797958971132711,0.5248792922602417,0.5278473586035246,0.6934983871788115,0.155173270824127,0.5082365655933884,3.995809068860001e-05,0.0064149522218575,-0.0024144842970879278,0.0012889984148878042,6.296831585467043e-07,0.5869770349081461,0.1313386564255411,0.4301714291182439,3.382052795883105e-05,0.6075630528841099,-0.1637239943771564,0.3975039736949418,-0.20978146445859136,-0.4626254675786796,-0.4119007914909104,-0.054260095252416214,-0.10291680186558032,0.008067216390483217,-0.0052866750934489155,0.002536217469755536,1.039556747097368e-06
-42.879999999999995,0.92,0.025,0.009797958971132711,0.5248792922602417,0.5278473586035246,0.6945252785797718,0.15478626948493057,0.5084427042199372,4.00086983127221e-05,0.006421190426657511,-0.002423035161827765,0.0012846332997699461,6.277087156937652e-07,0.5878461957899188,0.13101109849204523,0.4303459048517549,3.386336225188799e-05,0.6082088886569854,-0.16444998153973603,0.39766521384658765,-0.20986652403911432,-0.4635716870371888,-0.41204082460249725,-0.05407633411668114,-0.10256828699955617,0.008067216390483217,-0.005286675093448916,0.0025266039428771137,1.035755998496262e-06
-42.71999999999997,0.92,0.025,0.009797958971132711,0.5248792922602417,0.5278473586035246,0.6955531681586871,0.15439789870169443,0.5086481449356904,4.005877328920677e-05,0.006427429444169385,-0.00243160235121154,0.0012802618440607727,6.257748170577714e-07,0.5887162015295128,0.13068238146111416,0.4305197898735684,3.3905745711984616e-05,0.6088549434698572,-0.16517745311591364,0.3978259079482696,-0.20995129592125383,-0.4645192468849609,-0.41218023711857366,-0.05389230259163908,-0.10221926772392224,0.008067216390483217,-0.005286675093448916,0.0025169891960680596,1.0320441010307204e-06
-42.56,0.92,0.025,0.009797958971132711,0.5248792922602417,0.5278473586035246,0.6965820560445698,0.1540081558607343,0.5088528867125612,4.010832524569337e-05,0.0064336692616161935,-0.0024401858870064536,0.0012758840981056906,6.238813832187694e-07,0.589587052236124,0.13035250312052551,0.43069308331351186,3.394768648795487e-05,0.6095012163483168,-0.1659064112079266,0.3979860551999045,-0.21003577967306042,-0.4654681483271262,-0.4123190271025517,-0.05370800280487109,-0.1018697480539971,0.008067216390483214,-0.005286675093448915,0.0025073732952499463,1.028420695343577e-06
-42.39999999999998,0.92,0.025,0.009797958971132711,0.5248792922602417,0.5278473586035246,0.6976119423643846,0.15361703834488183,0.5090569285304517,4.015736379748723e-05,0.0064399098661860705,-0.0024487857909969925,0.001271500112094885,6.220283322201984e-07,0.5904587480172152,0.130021461255108,0.43086578430817435,3.398919271819319e-05,0.6101477063149164,-0.16663685791990127,0.3981456548076516,-0.2101199748658921,-0.46641839256873163,-0.4124571926143218,-0.053523436877620595,-0.10151973199260228,0.008067216390483217,-0.005286675093448915,0.0024977563058068085,1.024885419154524e-06
-42.24000000000001,0.92,0.025,0.009797958971132711,0.5248792922602417,0.5278473586035246,0.6986428272430445,0.15322454353348197,0.5092602693772319,4.020589854701904e-05,0.00644615124503216,-0.002457402084984921,0.0012671099360606734,6.202155795834164e-07,0.5913312889785128,0.12968925364673914,0.4310378920008891,3.403027253019692e-05,0.6107944123891653,-0.16736879535785326,0.39830470598389706,-0.2102038810744065,-0.46736998081473646,-0.41259473171024896,-0.05333860692468081,-0.10116922352985175,0.008067216390483216,-0.005286675093448914,0.0024881382925827605,1.0214379072944365e-06
-42.079999999999984,0.92,0.025,0.009797958971132711,0.5248792922602417,0.5278473586035246,0.6996747108034032,0.15283066880238982,0.5094629082487172,4.0253939083259935e-05,0.0064523933852725516,-0.0024660347907892724,0.001262713619874845,6.184430383222744e-07,0.5922046752240004,0.12935587807434276,0.4312094055417143,3.407093404007121e-05,0.6114413335875217,-0.1681022256296869,0.39846320794723505,-0.21028749787655177,-0.46832291427000977,-0.41273164244316785,-0.05315351505428144,-0.10081822664294028,0.008067216390483214,-0.005286675093448914,0.0024785193198795857,1.0180777917397376e-06
-41.920000000000016,0.92,0.025,0.009797958971132711,0.5248792922602417,0.5278473586035246,0.7007075931662511,0.15243541152396795,0.5096648441486448,4.030149498122466e-05,0.0064586362739902205,-0.0024746839302463453,0.0012583112132460708,6.167106189582155e-07,0.5930789068559149,0.1290213323138865,0.43138032408741295,3.411118535210855e-05,0.6120884689233892,-0.1688371508451955,0.39862115992244995,-0.21037082485355715,-0.4692771941393273,-0.4128679228623784,-0.05296816336797834,-0.10046674529593712,0.008067216390483212,-0.005286675093448913,0.002468899451454471,1.0148047016470877e-06
-41.75999999999999,0.92,0.025,0.009797958971132711,0.5248792922602417,0.5278473586035246,0.7017414744503087,0.152038769067084,0.5098660760886508,4.034857580137891e-05,0.00646487989823297,-0.0024833495252096914,0.0012539027657172959,6.150182295354541e-07,0.5939539839747413,0.1286856141383799,0.431550646801434,3.415103455828711e-05,0.6127358174071105,-0.16957357311606075,0.3987785611404975,-0.21045386158992438,-0.47023282162736824,-0.4130035710136414,-0.052782553960542475,-0.10011478343957862,0.008067216390483212,-0.005286675093448914,0.002459278750517685,1.011618263388424e-06
-41.599999999999966,0.92,0.025,0.009797958971132711,0.5248792922602417,0.5278473586035246,0.7027763547722214,0.15164073879710735,0.5100666030882463,4.039519108911889e-05,0.00647112424501337,-0.002492031597550112,0.0012494883266631926,6.133657756361273e-07,0.5948299066792082,0.12834872131787167,0.43172037285389164,3.419048973783023e-05,0.6133833780459613,-0.17031149455585312,0.3989354108384862,-0.21053660767341772,-0.471189797938712,-0.4131385849391739,-0.05259668891985133,-0.09976234501106553,0.008067216390483214,-0.005286675093448913,0.0024496572797303904,1.0085181005853251e-06
-41.44,0.92,0.025,0.009797958971132711,0.5248792922602417,0.5278473586035246,0.7038122342465541,0.15124131807590707,0.5102664241747921,4.0441350374265816e-05,0.006477369301308695,-0.0025007301691556474,0.0012450679452876208,6.117531603960879e-07,0.5957066750662835,0.12801065161944775,0.43188950142154403,3.422955895677859e-05,0.6140311498441464,-0.17105091728003088,0.39909170825965745,-0.21061906269505437,-0.4721481242778354,-0.4132729626776447,-0.05241057032678072,-0.099409433933861,0.008067216390483214,-0.005286675093448913,0.002440035101202455,1.0055038341442943e-06
-41.27999999999997,0.92,0.025,0.009797958971132711,0.5248792922602417,0.5278473586035246,0.704849112985785,0.1508405042618484,0.5104655383834754,4.048706317054143e-05,0.0064836150540608685,-0.002509445261931571,0.0012406416706211157,6.101802845205493e-07,0.5965842892311685,0.1276714028072285,0.4320580316877736,3.426825026754627e-05,0.6146791318027924,-0.1717918434059411,0.399247452653367,-0.210701226249095,-0.4731078018491093,-0.4134067022641701,-0.052224200255097636,-0.0990560541174906,0.008067216390483216,-0.005286675093448912,0.0024304122764903144,1.0025750822915762e-06
-41.120000000000005,0.92,0.025,0.009797958971132711,0.5248792922602417,0.5278473586035246,0.7058869911003001,0.15043829470979067,0.510663944757283,4.053233897505767e-05,0.006489861490176398,-0.0025181768978003844,0.0012362095515184156,6.086470463001535e-07,0.597462749267294,0.12733097264236684,0.43222596284256437,3.430657170848881e-05,0.6153273229199431,-0.1725342750528182,0.39940264327506353,-0.21078309793303301,-0.4740688318567955,-0.4135398017303091,-0.05203758077135483,-0.0987022094573458,0.008067216390483216,-0.005286675093448915,0.0024207888665949123,9.997314606084726e-07
-40.95999999999998,0.92,0.025,0.009797958971132711,0.5248792922602417,0.5278473586035246,0.7069258686983878,0.15003468677108384,0.5108616423469768,4.0577187267804306e-05,0.006496108596526317,-0.0025269250987018004,0.0012317716366559955,6.07153341626972e-07,0.5983420552663155,0.12698935888304536,0.4323932940824812,3.4344531303469565e-05,0.6159757221905533,-0.17327821434178498,0.3995572793862696,-0.21086467734758513,-0.47503121550504346,-0.4136722591040589,-0.05185071393478561,-0.09834790383448767,0.008067216390483216,-0.005286675093448913,0.0024111649319596405,9.969725820662742e-07
-40.80000000000001,0.92,0.025,0.009797958971132711,0.5248792922602417,0.5278473586035246,0.7079657458862328,0.14962967779356656,0.5110586302110666,4.06216175112564e-05,0.006502356359946125,-0.002535689886592747,0.001227327974529653,6.056990640112238e-07,0.5992222073181075,0.12664655928447474,0.43256002461064674,3.4382137061527415e-05,0.6166243286064839,-0.1740236633958514,0.39971136025456006,-0.21094596409668015,-0.47599495399788727,-0.4138040724098509,-0.051663601797200774,-0.0979931411154549,0.008067216390483214,-0.005286675093448914,0.002401540532468385,9.942980570617718e-07
-40.639999999999986,0.92,0.025,0.009797958971132711,0.5248792922602417,0.5278473586035246,0.7090066227679107,0.1492232651215627,0.5112549074157842,4.066563914975202e-05,0.006508604767235728,-0.00254447128344735,0.001222878613452098,6.042841045974026e-07,0.6001032055107597,0.12630257159889066,0.43272615363671973,3.441939697635011e-05,0.6172731411564957,-0.17477062433991494,0.39986488515354174,-0.211026957787449,-0.4769600485392428,-0.4139352396685456,-0.051476246402885804,-0.0976379251520721,0.008067216390483214,-0.005286675093448914,0.002391915727443564,9.91707493452439e-07
-40.48000000000002,0.92,0.025,0.009797958971132711,0.5248792922602417,0.5278473586035246,0.7100484994453825,0.1488154460958791,0.5114504730350558,4.070926160911524e-05,0.006514853805159374,-0.002553269311256931,0.0012184236015505918,6.02908352181408e-07,0.6009850499305718,0.12595739357555208,0.4328916803768712,3.4456319025955145e-05,0.6179221588262443,-0.17551909930076065,0.40001785336283147,-0.2111076580302135,-0.47792650033290385,-0.41406575889742825,-0.051288649788499986,-0.0972822597812621,0.008067216390483214,-0.005286675093448915,0.002382290575644263,9.892004965921672e-07
-40.31999999999999,0.92,0.025,0.009797958971132711,0.5248792922602417,0.5278473586035246,0.7110913760184883,0.1484062180538024,0.5116453261504753,4.0752494296221256e-05,0.006521103460445597,-0.0025620839920299974,0.0012139629867645926,6.015716932271884e-07,0.6018677406620485,0.12561102296073837,0.43305660405376234,3.449291117232167e-05,0.6185713805982741,-0.17626909040706024,0.4001702641680349,-0.21118806443847568,-0.47889431058253945,-0.41419562811020455,-0.051100813982975904,-0.09692614882485866,0.008067216390483216,-0.005286675093448915,0.0023726651352643756,9.867766693660726e-07
-40.15999999999997,0.92,0.025,0.009797958971132711,0.5248792922602417,0.5278473586035246,0.7121352525849418,0.14799557832909668,0.5118394658512753,4.079534659844316e-05,0.0065273537197871505,-0.002570915347792232,0.0012094968168434538,6.002740118840469e-07,0.6027512777878948,0.12526345749774745,0.4332209238965194,3.452918136092229e-05,0.6192208054520126,-0.17702059978937246,0.4003221168607242,-0.21126817662890632,-0.47986348049169053,-0.4143248453169957,-0.050912741007421054,-0.09656959608942348,0.008067216390483216,-0.005286675093448915,0.002363039463930841,9.844356122268984e-07
-40.0,0.92,0.025,0.009797958971132711,0.5248792922602417,0.5278473586035246,0.7131801292403254,0.14758352425200047,0.5120328912342993,4.083782788334216e-05,0.006533604569840955,-0.0025797634005864894,0.0012050251393441326,5.990151900038035e-07,0.6036356613890114,0.12491469492689321,0.43338463914071096,3.4565137520460804e-05,0.6198704323637657,-0.1777736295801428,0.40047341073841536,-0.21134799422133363,-0.4808340112637666,-0.4144534085243345,-0.05072443287501997,-0.09621260536606405,0.008067216390483216,-0.005286675093448913,0.002353413618701892,9.821769232297597e-07
-39.839999999999975,0.92,0.025,0.009797958971132711,0.5248792922602417,0.5278473586035246,0.7142260060780825,0.14717005314922402,0.5122256014039734,4.0879947498116126e-05,0.006539855997228027,-0.0025886281724727856,0.0012005480016289282,5.977951071582519e-07,0.6045208915444891,0.12456473298550322,0.43354774902832316,3.460078756240549e-05,0.6205202603067105,-0.17852818191370307,0.4006241451045466,-0.21142751683873195,-0.4818059041020428,-0.41458131573516016,-0.05053589159093749,-0.09585518043025383,0.008067216390483216,-0.005286675093448914,0.002343787656065353,9.80000198068338e-07
-39.68000000000001,0.92,0.025,0.009797958971132711,0.5248792922602417,0.5278473586035246,0.7152728831895144,0.1467551623439468,0.5124175954722763,4.0921714769243125e-05,0.006546107988533431,-0.0025975096855282865,0.0011960654508632656,5.966136406567043e-07,0.605406968331605,0.12421356940791659,0.4337102528077347,3.463613938068738e-05,0.6211702882508914,-0.17928425892627128,0.40077431926845397,-0.21150674410720985,-0.48277916020965655,-0.41470856494881436,-0.050347119152224014,-0.09549732504165609,0.008067216390483214,-0.005286675093448912,0.0023341616319370283,9.779050301101094e-07
-39.51999999999998,0.92,0.025,0.009797958971132711,0.5248792922602417,0.5278473586035246,0.7163207606637721,0.14633884915581424,0.5126088725587099,4.096313900207494e-05,0.006552360530306206,-0.0026064079618473087,0.0011915775340134893,5.954706655639916e-07,0.6062938918258167,0.12386120192548118,0.4338721497336921,3.467120085135623e-05,0.6218205151632128,-0.18004186275595171,0.40092393254534925,-0.2115856756559982,-0.4837537807896044,-0.4148351541610364,-0.05015811754772105,-0.09513904294394852,0.008067216390483214,-0.005286675093448913,0.0023245356016590897,9.7589101043245e-07
-39.360000000000014,0.92,0.025,0.009797958971132711,0.5248792922602417,0.5278473586035246,0.7173696385878519,0.14592111090093562,0.5127994317902693,4.100422948038732e-05,0.006558613609059311,-0.0026153230235412984,0.0011870842978447013,5.943660547181008e-07,0.6071816621007579,0.12350762826655191,0.434033439067284,3.470597983219983e-05,0.6224709400074346,-0.180800995542734,0.40107298425629506,-0.211664311117438,-0.48472976704473836,-0.4149610813639587,-0.049968888757968795,-0.09478033786465145,0.008067216390483214,-0.005286675093448915,0.002314909619998555,9.739577278579995e-07
-39.19999999999999,0.92,0.025,0.009797958971132711,0.5248792922602417,0.5278473586035246,0.7184195170465892,0.1455019448918808,0.5129892723014128,4.104499546604515e-05,0.006564867211269563,-0.002624254892738835,0.0011825857889186172,5.932996787484537e-07,0.6080702792282332,0.12315284615648793,0.4341941200759158,3.4740484162460614e-05,0.6231215617441666,-0.18156165942849378,0.4012214737281823,-0.21174265012696844,-0.4857071201777634,-0.41508634454610227,-0.049779434755114295,-0.09442121351495751,0.008067216390483214,-0.005286675093448914,0.0023052837411457815,9.721047689905152e-07
-39.04000000000002,0.92,0.025,0.009797958971132711,0.5248792922602417,0.5278473586035246,0.7194703961226533,0.14508134843767795,0.5131783932340303,4.108544619855428e-05,0.006571121323377573,-0.0026332035915856136,0.001178082053591469,5.92271406094002e-07,0.6089597432782138,0.12279685331765063,0.43435419203328324,3.4774721662456345e-05,0.6237723793308618,-0.18232385655699174,0.4013694002937046,-0.21182069232311418,-0.48668584139123355,-0.41521094169237205,-0.04958975750282161,-0.09406167358956488,0.008067216390483212,-0.005286675093448914,0.00229565801871305,9.703317182506556e-07
-38.879999999999995,0.92,0.025,0.009797958971132711,0.5248792922602417,0.5278473586035246,0.72052227589654,0.14465931884381014,0.5133667937374129,4.1125590894742306e-05,0.006577375931787691,-0.002642169142244443,0.0011735731380119164,5.912811030217187e-07,0.6098500543188315,0.1224396474694009,0.4345136542193463,3.480870013330989e-05,0.6244233917218113,-0.18308758907387382,0.4015167632913348,-0.211898437347473,-0.487665931887549,-0.415334870784053,-0.049399858956182416,-0.09370172176651148,0.008067216390483214,-0.005286675093448914,0.0022860325057331536,9.686381579117217e-07
-38.71999999999997,0.92,0.025,0.009797958971132711,0.5248792922602417,0.5278473586035246,0.7215751564465682,0.14423585341221343,0.5135544729682202,4.116543874834602e-05,0.0065836310228679406,-0.002651151566895234,0.0011690590881190091,5.903286336448899e-07,0.6107412124163754,0.12208122632809745,0.4346725059203016,3.4842427356600075e-05,0.6250745978681395,-0.18385285912667076,0.4016635620652991,-0.21197588484470264,-0.4886473928689529,-0.4154581297988045,-0.04920974106162862,-0.09334136170701296,0.008067216390483212,-0.0052866750934489155,0.002276407254658079,9.670236681352088e-07
-38.56,0.92,0.025,0.009797958971132711,0.5248792922602417,0.5278473586035246,0.7226290378488718,0.1438109494412735,0.5137414300904494,4.120499892965622e-05,0.006589886582949954,-0.002660150887734989,0.0011645399496401706,5.894138599419811e-07,0.6116332176352851,0.12172158760709391,0.43483074642855635,3.487591109406102e-05,0.6257259967177966,-0.18461966886479786,0.4018097959655523,-0.21205303446250826,-0.4896302255375277,-0.41558071671065666,-0.049019405756845914,-0.09298059705530268,0.008067216390483212,-0.005286675093448914,0.002266782317357715,9.654878270069928e-07
-38.39999999999998,0.92,0.025,0.009797958971132711,0.5248792922602417,0.5278473586035246,0.7236839201773952,0.14338460422582333,0.5139276642754024,4.124428058524328e-05,0.006596142598328918,-0.0026691671269777973,0.0011600157680892083,5.88536641775313e-07,0.6125260700381474,0.12136072901673688,0.4349883750427006,3.4909159087349916e-05,0.6263775872155547,-0.18538802043955477,0.40195546434775276,-0.21212988585162926,-0.49061443109519226,-0.4157026294900055,-0.0488288549706885,-0.09261943143847358,0.008067216390483212,-0.005286675093448915,0.0022571577451186093,9.640302105725715e-07
-38.24000000000001,0.92,0.025,0.009797958971132711,0.5248792922602417,0.5278473586035246,0.7247398035038871,0.14295681505714003,0.5141131747016529,4.128329283746073e-05,0.0066023990552635066,-0.0026782003068548227,0.001155486588764369,5.876968369099163e-07,0.6134197696856901,0.12099864826436332,0.435145391067479,3.494217905762676e-05,0.6270293683030004,-0.18615791600412523,0.4021005665732359,-0.2122064386658258,-0.49160001074369813,-0.4158238661036084,-0.048638090623095535,-0.09225786846632375,0.008067216390483214,-0.005286675093448915,0.002247533588642797,9.626503928734188e-07
-38.079999999999984,0.92,0.025,0.009797958971132711,0.5248792922602417,0.5278473586035246,0.7257966878978948,0.1425275792229426,0.5142979605550133,4.13220447842807e-05,0.006608655939975824,-0.0026872504496142985,0.001150952456746413,5.868943010324677e-07,0.6143143166367782,0.12063534305429861,0.43530179381376327,3.497497870541519e-05,0.6276813389185311,-0.18692935771357685,0.4022451020089885,-0.2122826925618656,-0.492586965684627,-0.4159444245145792,-0.048447114625008614,-0.09189591173120364,0.008067216390483214,-0.005286675093448914,0.002237909898046662,9.61347945981815e-07
-37.920000000000016,0.92,0.025,0.009797958971132711,0.5248792922602417,0.5278473586035246,0.7268545734267579,0.1420968940073888,0.5144820210285014,4.1360545498890935e-05,0.006614913238651339,-0.002696317577521513,0.0011464134168967276,5.861288877707215e-07,0.6152097109484079,0.1202708110878539,0.4354575825985236,3.500756571026129e-05,0.6283334979973473,-0.18770234772486077,0.40238907002762225,-0.2123586471995102,-0.49357529711938647,-0.4160643026823843,-0.04825592887829064,-0.09153356480786601,0.008067216390483216,-0.0052866750934489155,0.0022282867228598574,9.601224400374857e-07
-37.75999999999999,0.92,0.025,0.009797958971132711,0.5248792922602417,0.5278473586035246,0.7279134601556029,0.1416647566910727,0.5146653553223064,4.139880402934042e-05,0.0066211709374388245,-0.0027054017128588068,0.0011418695138554688,5.854004487124041e-07,0.6161059526757023,0.11990505006332394,0.43561275674480016,3.503994773043373e-05,0.6289858444714479,-0.18847688819681133,0.4025324700073471,-0.21243430224150134,-0.49456500624920724,-0.41618349856283765,-0.048064535275646046,-0.0911708312533187,0.008067216390483216,-0.0052866750934489155,0.0022186641120242744,9.589734432827665e-07
-37.599999999999966,0.92,0.025,0.009797958971132711,0.5248792922602417,0.5278473586035246,0.7289733481473374,0.14123116455102172,0.5148479626437544,4.1436829398324205e-05,0.006627429022450299,-0.002714502877925559,0.0011373207920397355,5.847088334246806e-07,0.6170030418719064,0.11953805767598479,0.43576731558167375,3.507213240274161e-05,0.6296383772696249,-0.18925298129014598,0.4026753013319446,-0.21250965735354696,-0.4955560942751401,-0.4163020101080964,-0.04787293570054232,-0.09080771460667955,0.008067216390483216,-0.0052866750934489155,0.002209042113893063,9.579005220980705e-07
-37.44,0.92,0.025,0.009797958971132711,0.5248792922602417,0.5278473586035246,0.7300342374626435,0.14079611486069402,0.5150298422072742,4.147463060282319e-05,0.006633687479760957,-0.0027236210950381803,0.0011327672956417808,5.840538894737481e-07,0.6179009785883814,0.11916983161809142,0.4359212584442369,3.510412734222955e-05,0.6302910953174562,-0.19003062916746488,0.4028175633907402,-0.21258471220430725,-0.4965485623980518,-0.41641983526665594,-0.047681132027133075,-0.09044421838903449,0.008067216390483216,-0.005286675093448915,0.002199420776229712,9.569032410380308e-07
-37.27999999999997,0.92,0.025,0.009797958971132711,0.5248792922602417,0.5278473586035246,0.7310961281599727,0.14035960488997587,0.515210993234362,4.151221661380184e-05,0.006639946295409114,-0.0027327563865301024,0.001128209068627246,5.834354624442316e-07,0.6187997628746009,0.11880036957887558,0.436074584673564,3.513594014192188e-05,0.6309439975373013,-0.1908098339932505,0.40295925557857626,-0.21265946646538025,-0.49754241181862213,-0.4165369719833458,-0.04748912612018208,-0.09008034610329733,0.008067216390483212,-0.005286675093448914,0.0021898001462071623,9.55981162866801e-07
-37.120000000000005,0.92,0.025,0.009797958971132711,0.5248792922602417,0.5278473586035246,0.7321590202955396,0.13992163190517873,0.5153914149535467,4.154959637601237e-05,0.006646205455396146,-0.002741908774751771,0.001123646154733442,5.828533959588134e-07,0.6196993947781447,0.11842966924454328,0.43622729361668194,3.5167578372656867e-05,0.6315970828482949,-0.19159059793386743,0.40310037729578435,-0.21273391981128792,-0.4985376437373413,-0.41665341819932517,-0.047296919834989314,-0.08971610123407352,0.008067216390483217,-0.005286675093448916,0.0021801802704069966,9.551338485931636e-07
-36.95999999999998,0.92,0.025,0.009797958971132711,0.5248792922602417,0.5278473586035246,0.7332229139233161,0.13948219316903673,0.515571106600353,4.158677880761168e-05,0.006652464945686416,-0.002751078282070634,0.0011190785974676467,5.823075316980247e-07,0.6205998743446948,0.1180577282982727,0.4363793846265388,3.519904958276253e-05,0.6322503501663409,-0.1923729231575623,0.4032409279481566,-0.21280807191946105,-0.4995342593545048,-0.4167691718520773,-0.04710451501731757,-0.08935148724752494,0.008067216390483216,-0.0052866750934489155,0.002170561194818659,9.54360857506554e-07
-36.80000000000001,0.92,0.025,0.009797958971132711,0.5248792922602417,0.5278473586035246,0.7342878090950254,0.1390412859407037,0.5157500674172669,4.162377279996666e-05,0.006658724752207225,-0.0027602649308711333,0.001114506440105452,5.817977094200564e-07,0.6215012016180296,0.11768454442021162,0.43653085706197475,3.5230361297891785e-05,0.6329037984041078,-0.1931568118344631,0.4033809069469183,-0.21288192247022505,-0.5005322598702118,-0.4168842308754064,-0.04691191350332134,-0.08898650759123897,0.008067216390483214,-0.005286675093448913,0.0021609429648387457,9.536617472121251e-07
-36.639999999999986,0.92,0.025,0.009797958971132711,0.5248792922602417,0.5278473586035246,0.735353705860136,0.13859890747575077,0.5159282966536984,4.166058721738127e-05,0.006664984860848744,-0.0027694687435546967,0.0011099297256891235,5.813237669807667e-07,0.6224033766400192,0.11731011528747545,0.43668171028769037,3.526152102079151e-05,0.6335574264710212,-0.1939422661365789,0.40352031370869895,-0.21295547114678498,-0.5015316464843612,-0.4169985931994319,-0.04671911711947604,-0.08862116569409816,0.008067216390483216,-0.005286675093448914,0.002151325625270314,9.53036073666344e-07
-36.48000000000002,0.92,0.025,0.009797958971132711,0.5248792922602417,0.5278473586035246,0.7364206042658561,0.1381550550261634,0.5161057935659457,4.169723089684337e-05,0.00667124525746395,-0.0027786897425397246,0.0011053484970260262,5.808855403534413e-07,0.6233063994506206,0.1169344385741447,0.4368319436742164,3.529253623108823e-05,0.6342112332732591,-0.19472928823779992,0.4036591476555036,-0.21302871763521086,-0.5025324203966476,-0.41711225675058433,-0.04652612768251005,-0.08825546496615566,0.008067216390483216,-0.005286675093448915,0.0021417092203223054,9.524833912118285e-07
-36.31999999999999,0.92,0.025,0.009797958971132711,0.5248792922602417,0.5278473586035246,0.7374885043571271,0.13770972584033875,0.5162825574171569,4.1733712647759023e-05,0.006677505927868564,-0.0027879279502615846,0.0011007627966870424,5.804828636490063e-07,0.6242102700878724,0.11655751195126272,0.4369815565978816,3.532341438506324e-05,0.6348652177137464,-0.1955178803138967,0.4037974082146836,-0.21310166162442212,-0.5035345828065586,-0.4172252194516008,-0.046332946999336586,-0.08788940879850957,0.008067216390483214,-0.005286675093448914,0.002132093793608942,9.520032526129398e-07
-36.15999999999997,0.92,0.025,0.009797958971132711,0.5248792922602417,0.5278473586035246,0.738557406176618,0.13726291716308286,0.5164585874772946,4.177004125178182e-05,0.006683766857840994,-0.0027971833891725986,0.001096172667005061,5.801155691361583e-07,0.6251149885878895,0.11617933308683334,0.43713054844078214,3.535416291550813e-05,0.635519378692148,-0.1963080445425203,0.4039350948189081,-0.21317430280617314,-0.5045381349133718,-0.41733747922152004,-0.046139576866988295,-0.08752300056318334,0.008067216390483216,-0.005286675093448915,0.0021224793881492463,9.515952090906302e-07
-36.0,0.92,0.025,0.009797958971132711,0.5248792922602417,0.5278473586035246,0.7396273097647198,0.1368146262356083,0.5166338830230963,4.180622546250213e-05,0.006690028033122268,-0.002806456081742035,0.0010915781500734764,5.797834872614229e-07,0.6260205549848589,0.11579989964581887,0.43727891859074874,3.5384789231461806e-05,0.6361737151048643,-0.19709978310320153,0.4040722069061336,-0.213246640875037,-0.50554307791615,-0.4174490339756785,-0.045946019072552496,-0.08715624361300672,0.008067216390483217,-0.005286675093448915,0.0021128660463665665,9.512588103575588e-07
-35.839999999999975,0.92,0.025,0.009797958971132711,0.5248792922602417,0.5278473586035246,0.7406982151595385,0.13636485029553094,0.5168084433380388,4.18422740053079e-05,0.006696289439415964,-0.0028157460504560994,0.0010869792877447315,5.794864466695162e-07,0.6269269693110334,0.1154192092901374,0.43742666644131606,3.541530071809261e-05,0.6368282258450242,-0.19789309817735068,0.4042087439195753,-0.21331867552839098,-0.5065494130137393,-0.41755988162570457,-0.04575227539310814,-0.08678914128150038,0.008067216390483214,-0.005286675093448913,0.002103253810088171,9.509936046529068e-07
-35.68000000000001,0.92,0.025,0.009797958971132711,0.5248792922602417,0.5278473586035246,0.7417701223968897,0.1359135865768677,0.5169822677122976,4.1878195577116616e-05,0.006702551062388168,-0.0028250533178179223,0.0010823761216288926,5.79224274223644e-07,0.6278342315967275,0.11503725967866082,0.4375737913916887,3.544570473647151e-05,0.6374829098024799,-0.19868799194825737,0.4043447053076758,-0.21339040646640012,-0.5075571414047648,-0.4176700200795154,-0.04555834759566411,-0.0864216968827629,0.008067216390483214,-0.005286675093448914,0.0020936427205448965,9.507991387774358e-07
-35.51999999999998,0.92,0.025,0.009797958971132711,0.5248792922602417,0.5278473586035246,0.7428430315102927,0.1354608323100335,0.5171553554427106,4.191399884617823e-05,0.006708812887667389,-0.0028343779063475516,0.0010777686930922568,5.789967950258377e-07,0.6287423418703119,0.11465404846721236,0.4377202928467103,3.547600862340526e-05,0.6381377658638009,-0.19948446660109007,0.4044800905240767,-0.21346183339200225,-0.5085662642876273,-0.4177794472413113,-0.04536423743709899,-0.08605391371136062,0.008067216390483217,-0.0052866750934489155,0.0020840328183708403,9.506749581281446e-07
-35.360000000000014,0.92,0.025,0.009797958971132711,0.5248792922602417,0.5278473586035246,0.7439169425309649,0.13500658472183882,0.5173277058327377,4.1949692451915144e-05,0.006715074900844506,-0.002843719838581941,0.0010731570432560037,5.788038324372061e-07,0.6296513001582087,0.11426957330856438,0.4378661702168292,3.550621969130098e-05,0.6387927929122688,-0.2002825243228959,0.4046148990275862,-0.21353295601089128,-0.5095767828604999,-0.41788816101157117,-0.045169946664102595,-0.08568579504222074,0.008067216390483216,-0.0052866750934489155,0.0020744241436031247,9.50620606732458e-07
-35.19999999999999,0.92,0.025,0.009797958971132711,0.5248792922602417,0.5278473586035246,0.7449918554878143,0.13455084103548678,0.5174993181924236,4.1985285004690616e-05,0.00672133708747271,-0.0028530791370749405,0.0010685412129948634,5.786452080986873e-07,0.6305611064848861,0.11388383185243602,0.43801142291806733,3.553634522797014e-05,0.6394479898278703,-0.2010821673025999,0.40474913028215087,-0.21360377403150252,-0.5105886983213248,-0.41799615928704853,-0.04497547701311819,-0.08531734413052593,0.008067216390483214,-0.005286675093448915,0.0020648167356816724,9.506356272834986e-07
-35.04000000000002,0.92,0.025,0.009797958971132711,0.5248792922602417,0.5278473586035246,0.7460677704074349,0.13409359847057062,0.5176701918383562,4.202078508562141e-05,0.006727599433067431,-0.0028624558243972877,0.0010639212429358388,5.785207419513091e-07,0.631471760872853,0.11349682174549097,0.4381560503719847,3.556639249646997e-05,0.640103355487292,-0.20188339773100514,0.40488278375682246,-0.21367428716499517,-0.5116020118678097,-0.4181034399607666,-0.04478083021028705,-0.0849485642116132,0.008067216390483214,-0.005286675093448916,0.0020552106334490922,9.507195611740745e-07
-34.879999999999995,0.92,0.025,0.009797958971132711,0.5248792922602417,0.5278473586035246,0.7471446873141001,0.13363485424307073,0.5178403260936292,4.205620124642227e-05,0.006733861923106281,-0.002871849923136595,0.001059297173456944,5.784302522567098e-07,0.6323832633426544,0.11310854063133507,0.43830005200564776,3.559636873497181e-05,0.6407588887639153,-0.20268621780079202,0.4050158589257288,-0.21374449512523727,-0.5126167246974241,-0.4182100009220131,-0.0445860079713937,-0.08457945850087406,0.008067216390483212,-0.005286675093448914,0.002045605875150553,9.508719485308781e-07
-34.71999999999997,0.92,0.025,0.009797958971132711,0.5248792922602417,0.5278473586035246,0.7482226062297566,0.1331746055653524,0.518009720287801,4.209154200924181e-05,0.006740124543028992,-0.0028812614558973424,0.0010546690446859989,5.783735556177657e-07,0.6332956139128659,0.11271898615051427,0.4384434272515948,3.562628115662227e-05,0.6414145885278086,-0.20349062970651788,0.4051483552680412,-0.21381439762878873,-0.5136328380073962,-0.41831584005633665,-0.0443910120018134,-0.08421003019365911,0.008067216390483214,-0.005286675093448917,0.0020360024984337707,9.510923282487714e-07
-34.56,0.92,0.025,0.009797958971132711,0.5248792922602417,0.5278473586035246,0.7493015271740184,0.13271284964616256,0.5181783737568552,4.212681586646794e-05,0.006746387278237342,-0.002890690445300863,0.0010500368964994381,5.783504669992094e-07,0.6342088126000892,0.112328155940512,0.4385861755478022,3.5656136949378465e-05,0.6420704536457235,-0.204296635644617,0.40528027226794405,-0.21388399439488506,-0.5146503529947088,-0.418420955245541,-0.04419584399646039,-0.08384028246518392,0.008067216390483214,-0.0052866750934489155,0.002026400540349002,9.513802380250225e-07
-34.39999999999998,0.92,0.025,0.009797958971132711,0.5248792922602417,0.5278473586035246,0.7503814501641609,0.13224958369062767,0.5183462858431602,4.2162031280559706e-05,0.0067526501140951125,-0.002900136913985336,0.0010454007685211633,5.78360799748056e-07,0.6351228594189459,0.11193604763574727,0.4387282963376508,3.568594327586574e-05,0.6427264829810875,-0.20510423781339976,0.40541160941460286,-0.21395328514542136,-0.515669270856097,-0.4185253443676819,-0.04400050563973786,-0.08347021847043827,0.008067216390483216,-0.005286675093448917,0.002016800037349101,9.517352143929111e-07
-34.24000000000001,0.92,0.025,0.009797958971132711,0.5248792922602417,0.5278473586035246,0.7514623752151147,0.13178480490025055,0.5185134558954286,4.219719668397237e-05,0.006758913035927999,-0.0029096008846057776,0.0010407607001214408,5.7840436561446e-07,0.6360377543820731,0.11154265886757207,0.4388697890698908,3.5715707273314215e-05,0.6433826753939991,-0.20591343841305243,0.4055423662021324,-0.2140222696049349,-0.5166895927880433,-0.41862900529706054,-0.04380499860548987,-0.08309984134409895,0.008067216390483212,-0.005286675093448916,0.002007201025289658,9.521567927556536e-07
-34.079999999999984,0.92,0.025,0.009797958971132711,0.5248792922602417,0.5278473586035246,0.7525443023394591,0.131318510472908,0.5186798832686762,4.2232320478887045e-05,0.006765176029023573,-0.002919082379834025,0.0010361167304158117,5.784809747720474e-07,0.6369534975001182,0.11114798726426933,0.43901065319860755,3.574543605333e-05,0.6440390297412208,-0.2067242396456367,0.40567254212956455,-0.21409094750058882,-0.5177113199867748,-0.41873193590422103,-0.04360932455695377,-0.08272915420044373,0.008067216390483214,-0.005286675093448916,0.001997603539429138,9.526445074199341e-07
-33.920000000000016,0.92,0.025,0.009797958971132711,0.5248792922602417,0.5278473586035246,0.7536272315474167,0.1308506976028478,0.5188455673241815,4.2267411037192334e-05,0.006771439078631199,-0.0029285814223587304,0.001031468898264064,5.785904358388842e-07,0.6378700887817336,0.11075203045105038,0.43915088818318726,3.5775136701879595e-05,0.6446955448761748,-0.20753664371508965,0.405802136700817,-0.21415931856215548,-0.5187344536482601,-0.41883413405594394,-0.04341348514671525,-0.08235816013327013,0.008067216390483214,-0.0052866750934489155,0.0019880076144291234,9.53197891629536e-07
-33.75999999999999,0.92,0.025,0.009797958971132711,0.5248792922602417,0.5278473586035246,0.7547111628468468,0.13038136348068635,0.5190105074294442,4.230247670021201e-05,0.006777702169961983,-0.002938098034885351,0.0010268172422692105,5.787325558979096e-07,0.6387875282335712,0.11035478605005293,0.4392904934882816,3.5804816279059447e-05,0.645352219648935,-0.20835065282722268,0.4059311494246601,-0.21422738252199924,-0.5197589949682051,-0.41893559761524274,-0.04321748201666361,-0.08198686221581468,0.008067216390483214,-0.005286675093448916,0.001978413284354553,9.538164775987863e-07
-33.599999999999966,0.92,0.025,0.009797958971132711,0.5248792922602417,0.5278473586035246,0.7557960962432396,0.1299105052934058,0.5191747029581436,4.2337525778752e-05,0.006783965288188702,-0.002947632240136135,0.0010221618007765377,5.789071405175916e-07,0.6397058158602781,0.10995625168033868,0.4394294685837728,3.58344818191357e-05,0.6460090529062235,-0.20916626918972175,0.4060595798146846,-0.21429513911505957,-0.5207849451420495,-0.41903632444135885,-0.043021316797950085,-0.08161526350067792,0.008067216390483214,-0.0052866750934489155,0.0019688205826740852,9.544997965450598e-07
-33.44,0.92,0.025,0.009797958971132711,0.5248792922602417,0.5278473586035246,0.7568820317397095,0.12943812022435133,0.519338153290097,4.237256655278913e-05,0.006790228418445744,-0.0029571840608501095,0.0010175026118726565,5.79113993772642e-07,0.6406249516644901,0.10955642495789097,0.4395678129447381,3.586414033028072e-05,0.6466660434914022,-0.2099834950121465,0.4061874273892691,-0.21436258807883388,-0.5218123053649635,-0.4191363123897568,-0.04282499111094616,-0.08124336701974955,0.008067216390483212,-0.005286675093448915,0.0019592295422604412,9.552473787226382e-07
-33.27999999999997,0.92,0.025,0.009797958971132711,0.5248792922602417,0.5278473586035246,0.7579689693369894,0.12896420545322868,0.5195008578112182,4.240760727146486e-05,0.0067964915458290425,-0.002966753519783076,0.0010128397133846048,5.79352918264752e-07,0.6415449356468279,0.10915530349561275,0.43970552605141516,3.589379879456786e-05,0.6473231902444689,-0.2108023325059299,0.4063146916715477,-0.21442972915336053,-0.5228410768318446,-0.4192355593121201,-0.042628506565204095,-0.08087117578413751,0.008067216390483214,-0.0052866750934489155,0.0019496401953908332,9.56058753455306e-07
-33.120000000000005,0.92,0.025,0.009797958971132711,0.5248792922602417,0.5278473586035246,0.7590569090334249,0.12848875815610114,0.5196628159134754,4.244265615292166e-05,0.006802754655396015,-0.0029763406397075943,0.0010081731428789914,5.796237151430612e-07,0.6424657678058909,0.108752884903324,0.4398426073891656,3.5923464167832894e-05,0.6479804920020504,-0.21162278388437827,0.4064413721893763,-0.2144965620812014,-0.5238712607373129,-0.4193340630563459,-0.04243186475941925,-0.08049869278410061,0.008067216390483217,-0.005286675093448917,0.001940052573747457,9.569334491689039e-07
-32.95999999999998,0.92,0.025,0.009797958971132711,0.5248792922602417,0.5278473586035246,0.7601458508249674,0.12801177550538714,0.519824026994848,4.247772138422529e-05,0.00680901773216549,-0.0029859454434129737,0.001003502937661157,5.799261841247882e-07,0.6433874481382524,0.10834916678775969,0.4399790564484394,3.595314337960829e-05,0.6486379475973969,-0.21244485136267025,0.4065674684752997,-0.21456308660742446,-0.524902858275709,-0.4194318214665408,-0.04223506728139308,-0.08012592098898248,0.008067216390483216,-0.0052866750934489155,0.0019304667084180005,9.578709934237434e-07
-32.80000000000001,0.92,0.025,0.009797958971132711,0.5248792922602417,0.5278473586035246,0.761235794705168,0.12753325466985754,0.519984490459286,4.251281112122237e-05,0.006815280761117662,-0.0029955679537052595,0.0009988291347743945,5.802601235159292e-07,0.6443099766384542,0.10794414675256743,0.44011487272473965,3.5982843333002616e-05,0.6492955558603754,-0.21326853715785646,0.4066929800665192,-0.21462930247958684,-0.5259358706410894,-0.4195288323830163,-0.042038115707998605,-0.07975286334715011,0.008067216390483216,-0.0052866750934489155,0.0019208826298962455,9.588709129472636e-07
-32.639999999999986,0.92,0.025,0.009797958971132711,0.5248792922602417,0.5278473586035246,0.7623267406651723,0.1270531928146329,0.5201442057166653,4.254793348844528e-05,0.0068215437271940075,-0.0030052081934072265,0.0009941517709991755,5.806253302318944e-07,0.6452333532990018,0.1075378223983053,0.44025005571858555,3.601257090462009e-05,0.6499533156174648,-0.21409384348885954,0.4068179065048578,-0.21469520944771633,-0.5269702990272233,-0.4196250936422838,-0.04184101160514623,-0.07937952278593297,0.008067216390483216,-0.005286675093448916,0.0019113003680826686,9.599327336662754e-07
-32.48000000000002,0.92,0.025,0.009797958971132711,0.5248792922602417,0.5278473586035246,0.7634186886937122,0.1265715871011806,0.5203031721827467,4.258309657902327e-05,0.00682780661529723,-0.003014866185358362,0.0009894708828524534,5.810215998178334e-07,0.646157578110358,0.10713019132243927,0.4403846049354768,3.60423329444853e-05,0.6506112256917488,-0.21492077257647285,0.406942247336728,-0.21476080726429503,-0.5280061446275887,-0.4197206030770499,-0.04164375652775266,-0.07900590221156834,0.008067216390483217,-0.005286675093448916,0.001901719952285165,9.610559807384547e-07
-32.31999999999999,0.92,0.025,0.009797958971132711,0.5248792922602417,0.5278473586035246,0.7645116387771022,0.12608843468731257,0.5204613892791322,4.2618308454583725e-05,0.006834069410291196,-0.0030245419524148605,0.0009847865065869532,5.814487264694972e-07,0.6470826510609393,0.10672125111934136,0.44051851988585755,3.607213627595966e-05,0.6512692849029111,-0.21574932664336116,0.40706600211309774,-0.2148260956842408,-0.5290434086353694,-0.419815358516212,-0.04144635201970944,-0.07863200450914538,0.008067216390483214,-0.005286675093448916,0.0018921414112197368,9.62240178584796e-07
-32.15999999999997,0.92,0.025,0.009797958971132711,0.5248792922602417,0.5278473586035246,0.7656055908992307,0.12560373272718225,0.5206188564332217,4.265357714515465e-05,0.00684033209700087,-0.003034235517449605,0.0009800986781905402,5.819065030533636e-07,0.6480085721371089,0.10631099938028707,0.44065180008507887,3.61019876956589e-05,0.6519274920672283,-0.2165795079140588,0.4071891703894563,-0.2148910744648899,-0.5300820922434507,-0.4199093577848537,-0.04124879961385465,-0.07825783254255572,0.008067216390483216,-0.0052866750934489155,0.0018825647730113097,9.634848509205218e-07
-32.0,0.92,0.025,0.009797958971132711,0.5248792922602417,0.5278473586035246,0.7667005450415564,0.1251174783712823,0.5207755730781705,4.268891064907995e-05,0.006846594660212249,-0.0030439469033521666,0.0009754074333856016,5.823947211274996e-07,0.6489353413231733,0.10589943369345334,0.4407844450533635,3.6131893973381274e-05,0.6525858459975649,-0.21741131861497057,0.40731175172578127,-0.2149557433659792,-0.5311221966444167,-0.4200025987042397,-0.04105110083194523,-0.07788338915444483,0.008067216390483214,-0.005286675093448915,0.0018729900651945567,9.64789520787252e-07
-31.839999999999975,0.92,0.025,0.009797958971132711,0.5248792922602417,0.5278473586035246,0.7677965011830992,0.12462966876644155,0.520931538652845,4.272431693290568e-05,0.006852857084672297,-0.0030536761330287807,0.0009707128076284666,5.829131709615707e-07,0.6498629586013752,0.10548655164391613,0.44091645431576804,3.616186185201137e-05,0.6532443455033663,-0.2182447609743701,0.4074337456865037,-0.21502010214962827,-0.5321637230305454,-0.42009507909181165,-0.04085325718463092,-0.07750867716616668,0.008067216390483214,-0.0052866750934489155,0.0018634173147147816,9.661537105835273e-07
-31.680000000000007,0.92,0.025,0.009797958971132711,0.5248792922602417,0.5278473586035246,0.7688934593004364,0.12414030105582255,0.5210867526017802,4.275980393136707e-05,0.006859119355088886,-0.003063423229402343,0.0009660148361088711,5.834616415576587e-07,0.6507914239518894,0.10507235081364821,0.44104782740214676,3.619189804750909e-05,0.6539029893906542,-0.2190798372224003,0.4075551518404747,-0.21508415058032163,-0.5332066725938059,-0.4201867967611829,-0.04065527017143008,-0.07713369937774184,0.008067216390483212,-0.005286675093448916,0.0018538465479288626,9.675769420964098e-07
-31.519999999999982,0.92,0.025,0.009797958971132711,0.5248792922602417,0.5278473586035246,0.7699914193676948,0.12364937237891874,0.5212412143751352,4.2795379547230585e-05,0.006865381456130723,-0.0030731882154123964,0.0009613135537494422,5.840399206702942e-07,0.6517207373528169,0.10465682878151683,0.4411785638471144,3.6222009248775966e-05,0.6545617764620186,-0.2199165495910721,0.4076759697609309,-0.2151478884248905,-0.5342510465258553,-0.42027774952213437,-0.040457141280706335,-0.07675845856781723,0.008067216390483217,-0.005286675093448918,0.0018442777906062227,9.690587365319987e-07
-31.360000000000014,0.92,0.025,0.009797958971132711,0.5248792922602417,0.5278473586035246,0.7710903813565455,0.12315687987155217,0.52139492342865,4.2831051651257934e-05,0.006871643372427292,-0.003082971114015119,0.000956608995205245,5.846477948268545e-07,0.6526508987801801,0.10423998312328177,0.4413086631900094,3.625220211762472e-05,0.6552207055166143,-0.22075490031426448,0.4077961990254605,-0.2152113154524953,-0.5352968460180333,-0.4203679351806094,-0.040258871989647886,-0.07638295749363071,0.008067216390483216,-0.005286675093448918,0.0018347110679298952,9.705986145460941e-07
-31.19999999999999,0.92,0.025,0.009797958971132711,0.5248792922602417,0.5278473586035246,0.772190345236197,0.12266282066587025,0.5215478792236016,4.286682808213784e-05,0.00687790508856879,-0.003092771948183311,0.0009519011948633297,5.852850493477835e-07,0.6535819082079172,0.1038218114115926,0.4414381249748564,3.628248328872147e-05,0.6558797753501523,-0.22159489162772397,0.40791583921596875,-0.21527443143460703,-0.5363440722613605,-0.42045735153870956,-0.040060463764246775,-0.07600719889097586,0.008067216390483217,-0.005286675093448916,0.0018251464044975764,9.72196096274546e-07
-31.04000000000002,0.92,0.025,0.009797958971132711,0.5248792922602417,0.5278473586035246,0.7732913109733892,0.12216719189034382,0.5217000812267596,4.2902716646370926e-05,0.006884166589106054,-0.003102590740906388,0.0009471901868423528,5.85951468366786e-07,0.6545137656078767,0.10340231121598702,0.44156694875032937,3.631285936948835e-05,0.6565389847548961,-0.22243652576906361,0.40803488991864345,-0.2153372361449895,-0.5373927264465335,-0.42054599639468937,-0.03986191805928138,-0.07563118547417258,0.008067216390483216,-0.005286675093448917,0.001815583824322796,9.73850701363607e-07
-30.879999999999995,0.92,0.025,0.009797958971132711,0.5248792922602417,0.5278473586035246,0.7743932785323867,0.12166999066976363,0.5218515289103427,4.293872511827414e-05,0.006890427858550505,-0.0031124275151903614,0.0009424760049921996,5.866468348510694e-07,0.6554464709498121,0.10298148010288793,0.44169513406971406,3.634333694010724e-05,0.6571983325196538,-0.22327980497776315,0.4081533507239209,-0.21539972935968132,-0.5384428097639216,-0.4206338675429521,-0.03966323631829878,-0.0752549199360378,0.008067216390483216,-0.005286675093448917,0.001806023350836075,9.755619489998678e-07
-30.71999999999997,0.92,0.025,0.009797958971132711,0.5248792922602417,0.5278473586035246,0.7754962478749728,0.12117121412523837,0.5220022217519743,4.2974861239815974e-05,0.0068966888813740785,-0.003122282294057832,0.0009377586828936685,5.873709306210648e-07,0.6563800242013771,0.10255931563560176,0.4418226804908711,3.637392255338024e-05,0.6578578174297726,-0.22412473149516787,0.40827122122645076,-0.21546191085697747,-0.5394943234035628,-0.42072096277404497,-0.0394644199736,-0.07487840494786108,0.008067216390483216,-0.005286675093448917,0.0017964650068861806,9.77329357939685e-07
-30.560000000000002,0.92,0.025,0.009797958971132711,0.5248792922602417,0.5278473586035246,0.7766002189604435,0.1206708593741918,0.5221521592346381,4.301113272063369e-05,0.0069029496420091605,-0.0031321551005479764,0.0009330382538581813,5.881235363708577e-07,0.6573144253281195,0.10213581537431594,0.4419495875761977,3.640462273474436e-05,0.6585174382671336,-0.22497130756448866,0.4083885010250617,-0.215523780417411,-0.5405472685551611,-0.4208072798746541,-0.03926547044622611,-0.0745016431593824,0.008067216390483216,-0.005286675093448917,0.0017869088147414135,9.791524465392434e-07
-30.399999999999977,0.92,0.025,0.009797958971132711,0.5248792922602417,0.5278473586035246,0.7777051917456004,0.12016892353036009,0.5223013408466342,4.304754723792225e-05,0.006909210124848522,-0.003142045957716535,0.0009283147509275171,5.889044316877814e-07,0.6582496742934761,0.10171097687609679,0.44207585489259116,3.64354439821774e-05,0.6591771938101451,-0.22581953543080097,0.40850518972272704,-0.21558533782373523,-0.5416016464080814,-0.4208928166276004,-0.039066389145945436,-0.07412463719877173,0.008067216390483216,-0.005286675093448917,0.0017773547960909207,9.810307327833694e-07
-30.24000000000001,0.92,0.025,0.009797958971132711,0.5248792922602417,0.5278473586035246,0.7788111661847452,0.11966540370378907,0.5224497660815337,4.308411243639085e-05,0.0069154703142452565,-0.0031519548886357993,0.00092358820687361,5.897133950724967e-07,0.6591857710587684,0.10128479769488707,0.44220148201141013,3.6466392766161215e-05,0.6598370828337364,-0.22666941734104493,0.40862128692652894,-0.21564658286090488,-0.5426574581513467,-0.42097757081183446,-0.03886717747124349,-0.0737473896726137,0.008067216390483217,-0.005286675093448917,0.0017678029720461096,9.829637343149496e-07
-30.079999999999984,0.92,0.025,0.009797958971132711,0.5248792922602417,0.5278473586035246,0.7799181422296725,0.11916029700083176,0.5225974344381361,4.3120835928170224e-05,0.006921730194512707,-0.0031618819163946018,0.0009188586541983523,5.905502039585733e-07,0.6601227155831948,0.100857275381504,0.44232646850843843,3.649747552960328e-05,0.6604971041093514,-0.22752095554402374,0.4087367922476254,-0.21570751531605845,-0.5437147049736344,-0.4210615402024315,-0.03866783680931308,-0.07336990316589277,0.008067216390483216,-0.005286675093448916,0.0017582533631420533,9.849509684634785e-07
-29.920000000000016,0.92,0.025,0.009797958971132711,0.5248792922602417,0.5278473586035246,0.7810261198296643,0.11865360052414564,0.5227443454204228,4.315772529280071e-05,0.006927989749924413,-0.003171827064098299,0.0009141261251334619,5.914146347324198e-07,0.6610605078238279,0.10042840748363688,0.4424508139638459,3.652869868782653e-05,0.6611572564049442,-0.22837415229040456,0.40885170530121323,-0.21576813497849925,-0.5447733880632721,-0.4211447225705878,-0.03846836853604711,-0.0729921802419834,0.008067216390483214,-0.0052866750934489155,0.001748705989339002,9.86991952273913e-07
-29.75999999999999,0.92,0.025,0.009797958971132711,0.5248792922602417,0.5278473586035246,0.7821350989314824,0.11814531137268999,0.5228904985375139,4.3194788077126594e-05,0.006934248964714033,-0.0031817903548687645,0.0009093906516403526,5.923064627526782e-07,0.6619991477356068,0.09999819154584481,0.4425745179621518,3.656006862847995e-05,0.6618175384849703,-0.22922900983271643,0.40896602570649515,-0.2158284416396775,-0.545833508608234,-0.42122711568361476,-0.03826877401603162,-0.07261422344264061,0.008067216390483217,-0.005286675093448916,0.0017391608700238772,9.890862025347382e-07
-29.599999999999966,0.92,0.025,0.009797958971132711,0.5248792922602417,0.5278473586035246,0.7832450794793636,0.11763542664172323,0.5230358933036229,4.323203179526112e-05,0.006940507823075286,-0.003191771811844373,0.0009046522654100766,5.932254623699386e-07,0.6629386352713333,0.09956662510955455,0.4426975800921864,3.6591591711509017e-05,0.6624779491103832,-0.23008553042535101,0.4090797530866438,-0.21588843509317168,-0.5468950677961375,-0.42130871730493485,-0.03806905460254173,-0.07223603528799617,0.008067216390483216,-0.005286675093448917,0.0017296180240118852,9.912332358063217e-07
-29.439999999999998,0.92,0.025,0.009797958971132711,0.5248792922602417,0.5278473586035246,0.7843560614150125,0.11712394342280048,0.5231805292380125,4.326946392848617e-05,0.006946766309161886,-0.0032017714581799887,0.0008999109978632756,5.941714069460871e-07,0.6638789703816665,0.09913370571305834,0.4428199999470538,3.6623274269070696e-05,0.6631384870386269,-0.23094371632456132,0.40919288706876694,-0.2159481151346705,-0.5479580668142391,-0.42138952519407696,-0.03786921163753812,-0.07185761827655551,0.008067216390483214,-0.005286675093448915,0.0017200774695481267,9.93432568448707e-07
-29.279999999999973,0.92,0.025,0.009797958971132711,0.5248792922602417,0.5278473586035246,0.785468044677594,0.11661085880377053,0.5233244058649494,4.33070919252524e-05,0.006953024407087472,-0.0032117893170469547,0.0008951668801501681,5.951440688737811e-07,0.6648201530151157,0.09869943089151138,0.4429417771240932,3.6655122605533636e-05,0.6637991510236291,-0.23180356978846117,0.4093054272838726,-0.21600748156195387,-0.5490225068494307,-0.4214695371066711,-0.03766924645166483,-0.07147897488519751,0.008067216390483216,-0.0052866750934489155,0.0017105392243092587,9.956837166492436e-07
-29.120000000000005,0.92,0.025,0.009797958971132711,0.5248792922602417,0.5278473586035246,0.7865810292037294,0.11609616986877361,0.5234675227136604,4.33449232010917e-05,0.006959282100925544,-0.0032218254116330764,0.0008904199431506001,5.961432195955807e-07,0.6657621831180366,0.09826379817692998,0.44306291122484215,3.668714299740402e-05,0.6644599398157974,-0.23266509307702493,0.4094173733668342,-0.21606653417487537,-0.5500883890882357,-0.42154875079444415,-0.03746916036424995,-0.07110010756917945,0.008067216390483217,-0.0052866750934489155,0.0017010033054052523,9.97986196449765e-07
-28.95999999999998,0.92,0.025,0.009797958971132711,0.5248792922602417,0.5278473586035246,0.7876950149274877,0.11557987369823858,0.523609879318287,4.338296513850614e-05,0.006965539374709401,-0.0032318797651426116,0.0008856702174740865,5.971686296232319e-07,0.6667050606346256,0.09782680509818914,0.4431834018549981,3.67193416932316e-05,0.6651208521620111,-0.2335282884520866,0.40952872495635584,-0.21612527277534324,-0.5511557147168058,-0.4216271640052151,-0.03726895468330583,-0.07072101876214097,0.008067216390483217,-0.005286675093448917,0.001691469729381115,1.0003395237740684e-06
-28.80000000000001,0.92,0.025,0.009797958971132711,0.5248792922602417,0.5278473586035246,0.7888100017803805,0.11506196736888027,0.523751475217841,4.342122508700188e-05,0.006971796212432071,-0.0032419524007962566,0.0008809177334599369,5.982200685566698e-07,0.6676487855069141,0.09738844918102027,0.4433032486243807,3.6751724913638395e-05,0.6657818868056158,-0.23439315817733963,0.4096394816949364,-0.21618369716730207,-0.5522244849209162,-0.4217047744828901,-0.0370686307055328,-0.07034171087611507,0.008067216390483214,-0.005286675093448915,0.0016819385122187592,1.0027432144543049e-06
-28.639999999999986,0.92,0.025,0.009797958971132711,0.5248792922602417,0.5278473586035246,0.7899259896913542,0.11454244795369674,0.5238923099561599,4.345971036294454e-05,0.006978052598046246,-0.003252043341831134,0.0008761625211773679,5.992973051031635e-07,0.6685933576747622,0.09694872794800892,0.4434224511468937,3.678429885119626e-05,0.6664430424864166,-0.2352597045183358,0.40974964322883545,-0.21624180715671446,-0.5532947008859632,-0.4217815799674582,-0.0368681897163224,-0.06996218630153776,0.008067216390483217,-0.005286675093448916,0.0016724096693388145,1.0051967842581595e-06
-28.480000000000018,0.92,0.025,0.009797958971132711,0.5248792922602417,0.5278473586035246,0.7910429785867854,0.11402131252196702,0.524032383081862,4.3498428249545725e-05,0.006984308515464216,-0.0032621526115007805,0.0008714046104256952,6.004001070959856e-07,0.6695387770758552,0.09650763891859289,0.443541009040488,3.6817069670415504e-05,0.6671043179406739,-0.23612792974248512,0.40985920920803803,-0.21629960255154268,-0.5543663637969587,-0.42185757819498565,-0.03666763298976405,-0.06958244740726426,0.008067216390483214,-0.0052866750934489155,0.0016628832156025818,1.0076997489146213e-06
-28.319999999999993,0.92,0.025,0.009797958971132711,0.5248792922602417,0.5278473586035246,0.7921609683904727,0.11349855813924815,0.5241716941483018,4.353738599677404e-05,0.006990563948557804,-0.0032722802330751306,0.000866644030734523,6.015282415132775e-07,0.670485043645696,0.09606517960905964,0.44365892192712264,3.685004350766955e-05,0.6677657119010946,-0.23699783611905478,0.4099681792862193,-0.21635708316173033,-0.5554394748385277,-0.4219327668976124,-0.036466961788651386,-0.06920249654058486,0.008067216390483216,-0.005286675093448916,0.0016533591653139549,1.0102516241403101e-06
-28.159999999999968,0.92,0.025,0.009797958971132711,0.5248792922602417,0.5278473586035246,0.7932799590236315,0.11297418186737268,0.5243102427135258,4.3576590821285414e-05,0.006996818881158299,-0.003282426229840508,0.000861880811363998,6.026814744967729e-07,0.6714321573176018,0.09562134753254424,0.44377618943272823,3.688322647113598e-05,0.6684272230968281,-0.23786942591916913,0.4100765531207107,-0.2164142487991838,-0.556514035194904,-0.4220071438035463,-0.036266177364491614,-0.06882233602724602,0.008067216390483214,-0.005286675093448915,0.0016438375322214503,1.0128519256653984e-06
-28.0,0.92,0.025,0.009797958971132711,0.5248792922602417,0.5278473586035246,0.7943999504048864,0.11244818076444606,0.5244480283402266,4.3616049906376785e-05,0.007003073297056391,-0.0032925906250996072,0.0008571149813050774,6.038595713702738e-07,0.6723801180226959,0.09517614019902715,0.44389281118716784,3.6916624640757315e-05,0.6690888502534589,-0.23874270141580822,0.41018433037246305,-0.21647109927775374,-0.5575900460499266,-0.4220807066370592,-0.036065280957515246,-0.06844196817147254,0.008067216390483214,-0.005286675093448914,0.0016343183295202414,1.0155001692589305e-06
-27.839999999999975,0.92,0.025,0.009797958971132711,0.5248792922602417,0.5278473586035246,0.7955209424502658,0.11192055188484408,0.5245850505957002,4.365577040190644e-05,0.007009327180002102,-0.0033027734421714875,0.0008523465692798411,6.050622966581359e-07,0.673328925689905,0.09472955511533203,0.44400878682420064,3.6950244068173614e-05,0.669750592093001,-0.23961766488380812,0.4102915107060138,-0.21652763441321723,-0.5586675085870353,-0.42215345311848157,-0.035864273796687766,-0.0680613952559932,0.008067216390483216,-0.005286675093448916,0.0016248015698542527,1.0181958707541934e-06
-27.680000000000007,0.92,0.025,0.009797958971132711,0.5248792922602417,0.5278473586035246,0.7966429350731946,0.11139129227920992,0.5247213090517997,4.369575942422535e-05,0.007015580513704718,-0.0033129747043915505,0.000847575603741838,6.062894141035961e-07,0.674278580245952,0.09428158978512328,0.4441241159814433,3.698409077666434e-05,0.6704124473338914,-0.24049431859985954,0.410398093789451,-0.21658385402325908,-0.5597464239892672,-0.4222253809641977,-0.03566315709972283,-0.06768061954206928,0.008067216390483214,-0.005286675093448915,0.0016152872653183057,1.0209385460736992e-06
-27.519999999999982,0.92,0.025,0.009797958971132711,0.5248792922602417,0.5278473586035246,0.797765928184488,0.11086039899445205,0.5248568032848923,4.373602405609495e-05,0.007021833281832736,-0.003323194435111536,0.0008428021128764631,6.075406866869866e-07,0.6752290816153507,0.09383224170890422,0.4442387983003328,3.701817076107876e-05,0.6710744146909842,-0.2413726648425076,0.4105040792943789,-0.21663975792745363,-0.5608267934392533,-0.422296487886642,-0.0354619320730966,-0.06729964326952531,0.008067216390483216,-0.0052866750934489155,0.001605775427460297,1.0237277112539298e-06
-27.360000000000014,0.92,0.025,0.009797958971132711,0.5248792922602417,0.5278473586035246,0.7988899216923445,0.11032786907374116,0.5249915328758133,4.377657134662148e-05,0.007028085468013774,-0.0033334326576995007,0.0008380261246013762,6.088158766437982e-07,0.6761804297204004,0.09338150838401452,0.44435283342608844,3.705248998778042e-05,0.6717364928755438,-0.2422527058921511,0.41060946689588246,-0.21669534594724632,-0.5619086181192136,-0.4223667715942924,-0.03526059991206407,-0.06691846865678334,0.008067216390483216,-0.005286675093448915,0.0015962660672834402,1.0265628824696858e-06
-27.19999999999999,0.92,0.025,0.009797958971132711,0.5248792922602417,0.5278473586035246,0.8000149155023404,0.1097936995565079,0.5251254974098238,4.381740831118017e-05,0.007034337055834529,-0.00334368939553981,0.0008332476665669411,6.101147454827604e-07,0.677132624481181,0.0929293873046283,0.4444662210076749,3.70870543945829e-05,0.6723986805952399,-0.24313444403104187,0.41071425627249386,-0.21675061790593578,-0.562991899210954,-0.4224362297916677,-0.035059161800676,-0.06653709790089876,0.008067216390483216,-0.005286675093448914,0.00158675919524852,1.0294435760584405e-06
-27.04000000000002,0.92,0.025,0.009797958971132711,0.5248792922602417,0.5278473586035246,0.801140909517422,0.10925788747844012,0.5252586964765643,4.385854193132578e-05,0.007040588028840691,-0.003353964672033122,0.0008284667661567202,6.114370540035741e-07,0.678085665815546,0.09247587596175172,0.44457896069776404,3.712186989067414e-05,0.6730609765541398,-0.2440178815432839,0.4108184471061567,-0.21680557362865527,-0.5640766378958627,-0.42250486017932093,-0.03485761891179843,-0.06615553317760045,0.008067216390483214,-0.005286675093448914,0.0015772548212762373,1.0323693085440208e-06
-26.879999999999995,0.92,0.025,0.009797958971132711,0.5248792922602417,0.5278473586035246,0.8022679036379,0.10872042987148017,0.5253911296700119,4.3899979154700484e-05,0.007046838370536889,-0.003364258510596374,0.0008236834504879738,6.127825623147648e-07,0.6790395536391186,0.09202097184322082,0.4446910521526981,3.7156942356538493e-05,0.6737233794527033,-0.24490302071483297,0.4109220390821921,-0.21686021294235475,-0.5651628353549049,-0.422572660453836,-0.034655972407132245,-0.06577377664133145,0.008067216390483216,-0.005286675093448915,0.0015677529547495413,1.0353395966604722e-06
-26.71999999999997,0.92,0.025,0.009797958971132711,0.5248792922602417,0.5278473586035246,0.8033958977614426,0.10818132376382239,0.5255227965884357,4.394172689499616e-05,0.007053088064386619,-0.0033745709346627694,0.0008188977464122264,6.141510298511604e-07,0.679994287865285,0.09156467243369927,0.444802495032452,3.719227764392475e-05,0.6743858879877761,-0.24578986383349613,0.411025031889264,-0.21691453567578245,-0.5662504927686203,-0.42263962830782215,-0.034454223437235657,-0.06539183042529488,0.008067216390483214,-0.005286675093448914,0.0015582536045160643,1.0383539573749864e-06
-26.560000000000002,0.92,0.025,0.009797958971132711,0.5248792922602417,0.5278473586035246,0.8045248917830683,0.10764056617991057,0.5256536968343528,4.398379203179874e-05,0.0070593370938121765,-0.0033849019676817638,0.0008141096805158423,6.155422153914129e-07,0.680949868405189,0.09110697521467631,0.44491328900059623,3.7227881575714455e-05,0.675048500852583,-0.24667841318893036,0.4111274252193443,-0.21696854165946722,-0.567339611317119,-0.42270576142990923,-0.03425237314154707,-0.06500969664150065,0.008067216390483216,-0.0052866750934489155,0.0015487567788905598,1.041411907911225e-06
-26.399999999999977,0.92,0.025,0.009797958971132711,0.5248792922602417,0.5278473586035246,0.8056548855951406,0.10709815414043515,0.5257838300144848,4.4026181410535155e-05,0.00706558544219459,-0.0033952516331190495,0.0008093192791206373,6.16955877075461e-07,0.681906295167727,0.09064787766446432,0.44502343372425995,3.726375994587696e-05,0.6757112167367234,-0.247568671072643,0.4112292187676794,-0.2170222307257,-0.5684301921800764,-0.42277105750474325,-0.03405042264840945,-0.06462737738081499,0.008067216390483216,-0.0052866750934489155,0.0015392624856573824,1.0445129657721659e-06
-26.24000000000001,0.92,0.025,0.009797958971132711,0.5248792922602417,0.5278473586035246,0.8067858790873602,0.10655408466233095,0.5259131957397133,4.406890184236799e-05,0.007071833092873555,-0.003405619954456543,0.0008045265682845411,6.183917724216059e-07,0.6828635680595417,0.09018737725819692,0.44513292887409334,3.729991851938027e-05,0.6763740343261624,-0.24846063977798952,0.4113304122327549,-0.2170756027085162,-0.5695222365367307,-0.42283551421298143,-0.03384837307509683,-0.06424487471301406,0.008067216390483217,-0.0052866750934489155,0.0015297707320730514,1.047656648762322e-06
-26.079999999999984,0.92,0.025,0.009797958971132711,0.5248792922602417,0.5278473586035246,0.807917872146759,0.10600835475877429,0.5260417936250369,4.411196010410361e-05,0.007078080029147366,-0.003416006955192373,0.0007997315738022684,6.198496583435722e-07,0.6838216869850169,0.08972547146782657,0.44524177412423127,3.73363630321133e-05,0.6770369523032269,-0.24935432160017443,0.4114310053162622,-0.21712865744367757,-0.5706157455658786,-0.42289912923128714,-0.03364622552784131,-0.0638621906868382,0.008067216390483214,-0.005286675093448915,0.0015202815248688,1.0508424750098489e-06
-25.920000000000016,0.92,0.025,0.009797958971132711,0.5248792922602417,0.5278473586035246,0.8090508646576933,0.10546096143918059,0.5261696232895271,4.41553629380714e-05,0.007084326234272854,-0.0034264126588408614,0.0007949343212060454,6.213292911676109e-07,0.6847806518462716,0.08926215776212246,0.4453499691522558,3.7373099190783635e-05,0.6776999693465984,-0.25024971883624947,0.41153099772306373,-0.2171813947686542,-0.5717107204458706,-0.42296190023232594,-0.03344398110186222,-0.0634793273300507,0.008067216390483217,-0.005286675093448916,0.0015107948702532208,1.0540699629887635e-06
-25.75999999999999,0.92,0.025,0.009797958971132711,0.5248792922602417,0.5278473586035246,0.8101848565018371,0.10491190170920152,0.5262966843562853,4.4199117052026656e-05,0.00709057169146531,-0.0034368370889325123,0.0007901348357663513,6.2283042664921e-07,0.685740462543155,0.08879743360666817,0.4454575136391599,3.741013267283536e-05,0.6783630841313064,-0.2511468337851133,0.4116303891611593,-0.21723381452260687,-0.5728071623546077,-0.4230238248847599,-0.03324164088139608,-0.06309628664949768,0.008067216390483216,-0.005286675093448916,0.001501310773914909,1.0573386315403082e-06
-25.599999999999966,0.92,0.025,0.009797958971132711,0.5248792922602417,0.5278473586035246,0.8113198475581757,0.1043611725707227,0.5264229764523995,4.424322911904404e-05,0.007096816383898422,-0.0034472802690139978,0.0007853331424927063,6.24352819989734e-07,0.6867011189732399,0.08833129646385969,0.445564407269311,3.7447469126358876e-05,0.6790262953287228,-0.25204566874751116,0.4117291793416527,-0.21728591654636922,-0.5739050724695373,-0.42308490085324296,-0.03303920593972845,-0.06271307063117164,0.008067216390483216,-0.005286675093448917,0.0014918292410251788,1.060647999894159e-06
-25.439999999999998,0.92,0.025,0.009797958971132711,0.5248792922602417,0.5278473586035246,0.8124558377029983,0.1038087710218609,0.5265484992089009,4.4287705777373676e-05,0.007103060294704213,-0.0034577422226481427,0.0007805292661344834,6.258962258530717e-07,0.6876626210318179,0.08786374379290307,0.44567064973041376,3.748511416996908e-05,0.679689601606555,-0.25294622602603334,0.41182736797871683,-0.21733770068243002,-0.5750044519676495,-0.4231451257984167,-0.03283667733922682,-0.06232968124027704,0.008067216390483214,-0.005286675093448918,0.001482350276240805,1.0639975876897151e-06
-25.279999999999973,0.92,0.025,0.009797958971132711,0.5248792922602417,0.5278473586035246,0.8135928268098929,0.10325469405696155,0.5266732522607213,4.433255363036751e-05,0.007109303406972966,-0.00346822297341391,0.0007757232311817535,6.274603983819131e-07,0.6886249686118934,0.08739477304981226,0.4457762407134745,3.752307339274306e-05,0.6803530016288403,-0.25384850792511515,0.411924954789561,-0.21738916677491568,-0.5761053020254724,-0.42320449737690496,-0.032634056131374885,-0.06194612042129834,0.008067216390483216,-0.00528667509344892,0.0014728738837068028,1.0673869149964408e-06
-25.120000000000005,0.92,0.025,0.009797958971132711,0.5248792922602417,0.5278473586035246,0.8147308147497375,0.10269893866659624,0.5267972352466492,4.437777924629745e-05,0.007115545703753159,-0.0034787225449063866,0.0007709150618661706,6.290450912140937e-07,0.6895881616041779,0.08692438168740706,0.44588117991276394,3.756135235406617e-05,0.6810164940559386,-0.2547525167510359,0.4120219394943964,-0.21744031466957212,-0.5772076238190688,-0.4232630132413096,-0.03243134335680859,-0.06156239009807146,0.008067216390483216,-0.005286675093448919,0.0014634000670592701,1.0708155023346027e-06
-24.95999999999998,0.92,0.025,0.009797958971132711,0.5248792922602417,0.5278473586035246,0.8158698013906954,0.10214150183756004,0.5269204478092894,4.442338915827161e-05,0.0071217871680513975,-0.0034892409607367686,0.0007661047821618738,6.306500574986402e-07,0.6905521998970846,0.08645256715531083,0.44598546702578257,3.759995658356109e-05,0.6816800775445274,-0.2556582548119182,0.4121183218164043,-0.21749114421374804,-0.5783114185240316,-0.42332067104020493,-0.03222854004535281,-0.0611784921738564,0.008067216390483212,-0.005286675093448916,0.0014539288294282318,1.074282870695116e-06
-24.80000000000001,0.92,0.025,0.009797958971132711,0.5248792922602417,0.5278473586035246,0.817009786598207,0.10158238055286897,0.527042889595018,4.4469389864081716e-05,0.00712802778283235,-0.003499778244532348,0.0007612924157864409,6.322750499118215e-07,0.6915170833767225,0.0859793268999483,0.44608910175322325,3.763889158095877e-05,0.6823437507475943,-0.25656572441772707,0.4122141014817009,-0.21754165525637698,-0.5794166873154806,-0.4233774684181336,-0.03202564721606027,-0.060794428531413994,0.008067216390483212,-0.005286675093448916,0.0014444601734405716,1.0777885415595658e-06
-24.639999999999986,0.92,0.025,0.009797958971132711,0.5248792922602417,0.5278473586035246,0.818150770234984,0.10102157179175723,0.5271645602539416,4.451578782604986e-05,0.0071342675310186714,-0.003510334419936497,0.0007564779862018539,6.339198206727952e-07,0.6924828119268904,0.08550465836454332,0.4461920837989362,3.76781628159686e-05,0.6830075123144314,-0.2574749278802698,0.4123092782193054,-0.21759184764796005,-0.5805234313680574,-0.42343340301560156,-0.03182266587725096,-0.060410201033083734,0.008067216390483212,-0.005286675093448917,0.001434994101222959,1.081332036919412e-06
-24.480000000000018,0.92,0.025,0.009797958971132711,0.5248792922602417,0.5278473586035246,0.819292752161002,0.10045907252967488,0.5272854594398552,4.456258947089828e-05,0.007140506395490947,-0.0035209095106086517,0.0007516615166155132,6.355841215595427e-07,0.6934493854290721,0.08502855898911682,0.4462944128698934,3.7717775728168304e-05,0.6836713608906281,-0.2583858675131942,0.4124038517611069,-0.21764172124054887,-0.5816316518559227,-0.4234884724690731,-0.0316195970265536,-0.060025811520865294,0.008067216390483214,-0.005286675093448918,0.00142553061440485,1.084912879295648e-06
-24.319999999999993,0.92,0.025,0.009797958971132711,0.5248792922602417,0.5278473586035246,0.8204357322334948,0.09989487973828541,0.527405586810199,4.4609801189593354e-05,0.007146744359087615,-0.0035315035402242977,0.0007468430299812663,6.372677039241503e-07,0.69441680376243,0.08455102621048477,0.44639608867615244,3.775773572687182e-05,0.6843352951180666,-0.25929854563198895,0.4124978218418307,-0.21769127588772802,-0.5827413499527505,-0.42354267441096644,-0.03141644165094778,-0.059641261816501374,0.008067216390483214,-0.005286675093448919,0.0014160697141214983,1.0885305917572506e-06
-24.159999999999968,0.92,0.025,0.009797958971132711,0.5248792922602417,0.5278473586035246,0.8215797103069463,0.0993289903854625,0.5275249420260185,4.465742933718825e-05,0.0071529814046049,-0.0035421165324749583,0.0007420225490004827,6.389703187083229e-07,0.6953850668037994,0.08407205746225546,0.4464971109308221,3.7798048190996135e-05,0.684999313634913,-0.2602129645539819,0.4125911881990068,-0.2177405114445983,-0.5838525268317258,-0.42359600646964823,-0.031213200726808,-0.05925655372156407,0.008067216390483216,-0.005286675093448919,0.0014066114010170268,1.0921846979400354e-06
-24.0,0.92,0.025,0.009797958971132711,0.5248792922602417,0.5278473586035246,0.8227246862330848,0.09876140143528836,0.5276435247519217,4.470548023265266e-05,0.00715921751479675,-0.0035527485110681753,0.0007372000961231558,6.406917164585504e-07,0.696354174427683,0.08359165017482807,0.4465974793500265,3.783871846891721e-05,0.6856634150756132,-0.2611291265983398,0.4126839505729367,-0.21778942776775953,-0.5849651836655394,-0.42364846626942937,-0.03100987521994886,-0.05887168901754357,0.008067216390483214,-0.005286675093448919,0.0013971556752475369,1.0958747220648562e-06
-23.839999999999975,0.92,0.025,0.009797958971132711,0.5248792922602417,0.5278473586035246,0.8238706598608758,0.0981921098480504,0.5277613346560381,4.475396015872795e-05,0.007165452672374766,-0.0035633994997274973,0.0007323756935490195,6.424316473412343e-07,0.6973241265062453,0.08310980177538986,0.4466971936528707,3.7879751878347344e-05,0.6863275980708854,-0.26204703408606755,0.41277610870666115,-0.21783802471529368,-0.5860793216263844,-0.4237000514305602,-0.03080646608567097,-0.058486669465937835,0.008067216390483214,-0.005286675093448918,0.0013877025364842223,1.0996001889556275e-06
-23.680000000000007,0.92,0.025,0.009797958971132711,0.5248792922602417,0.5278473586035246,0.8250176310365149,0.0976211125802391,0.5278783714099778,4.4802875361725944e-05,0.00717168686000813,-0.0035740695221924607,0.0007275493632287273,6.441898611576183e-07,0.6982949229093063,0.08262650968791438,0.4467962535614053,3.792115370616484e-05,0.6869918612477135,-0.26296668934000683,0.4128676623459275,-0.21788630214674795,-0.5871949418859518,-0.4237507595692252,-0.030602974268809348,-0.058101496808347385,0.008067216390483214,-0.005286675093448918,0.001378251983916581,1.1033606240570875e-06
-23.519999999999982,0.92,0.025,0.009797958971132711,0.5248792922602417,0.5278473586035246,0.826165599603422,0.09704840658454537,0.527994634688791,4.4852232051359184e-05,0.007177920060323539,-0.003584758602218579,0.0007227211268650243,6.459661073584861e-07,0.6992665635043364,0.08214177133315921,0.44689465880059276,3.7962929208270414e-05,0.6876562032293416,-0.2638880946848363,0.412958611239159,-0.21793425992311852,-0.5883120456154266,-0.42380058829753836,-0.030399400703781682,-0.05771617276656943,0.008067216390483216,-0.005286675093448919,0.0013688040162555934,1.107155553452005e-06
-23.360000000000014,0.92,0.025,0.009797958971132711,0.5248792922602417,0.5278473586035246,0.8273145654022331,0.09647398880985793,0.5281101241709263,4.4902036400566356e-05,0.007184152255905138,-0.0035954667635773223,0.0007178910059139854,6.477601350589184e-07,0.7002390481564502,0.08165558412866375,0.44699240909827204,3.8005083609439365e-05,0.6883206226352672,-0.2648112524470699,0.41304895513742135,-0.21798189790683303,-0.5894306339854835,-0.4238495352235385,-0.03019574631463933,-0.05733069904269741,0.008067216390483214,-0.005286675093448918,0.0013593586317370082,1.1109845038784801e-06
-23.19999999999999,0.92,0.025,0.009797958971132711,0.5248792922602417,0.5278473586035246,0.8284645282707952,0.09589785620126076,0.5282248395381914,4.495229454527907e-05,0.007190383429294454,-0.0036061940300561065,0.000713059021586249,6.495716930525757e-07,0.7012123767284011,0.08116794548874712,0.4470895041851253,3.8047622103124206e-05,0.6889851180812344,-0.26573616495505653,0.4131386937943923,-0.218029215961735,-0.5905507081662827,-0.42389759795118453,-0.02999201201511813,-0.05694507731921997,0.008067216390483214,-0.005286675093448917,0.0013499158281245966,1.114847002746464e-06
-23.04000000000002,0.92,0.025,0.009797958971132711,0.5248792922602417,0.5278473586035246,0.8296154880441576,0.09532000570003063,0.5283387804757125,4.500301258428613e-05,0.00719661356299032,-0.003616940425458276,0.000708225194848313,6.514005298261692e-07,0.7021865490805751,0.08067885282450593,0.44718594379464305,3.809054985133978e-05,0.6896496881792284,-0.26666283453897915,0.4132278269663291,-0.21807621395306684,-0.5916722693274671,-0.42394477408035025,-0.029788198708691864,-0.056559309259125105,0.008067216390483214,-0.005286675093448917,0.0013404756027135057,1.118742578154352e-06
-22.879999999999995,0.92,0.025,0.009797958971132711,0.5248792922602417,0.5278473586035246,0.8307674445545666,0.09474043424363439,0.5284519466718945,4.5054196578976505e-05,0.007202842639448813,-0.003627705973603088,0.0007033895464238301,6.532463935736734e-07,0.7031615650709853,0.08018830354381215,0.44728172766309154,3.813387198444572e-05,0.6903143315374685,-0.2675912635308539,0.41331635441203857,-0.2181228917474538,-0.5927953186381556,-0.42399106120681973,-0.02958430728862569,-0.0561733965060041,0.008067216390483216,-0.005286675093448919,0.0013310379523335922,1.1226707589053724e-06
-22.71999999999997,0.92,0.025,0.009797958971132711,0.5248792922602417,0.5278473586035246,0.8319203976314579,0.09415913876572675,0.5285643378183817,4.510585255313311e-05,0.0072090706410831784,-0.003638490698325695,0.0006985520967949575,6.551090322100438e-07,0.704137424555266,0.07969629505131112,0.4473768555294783,3.817759360097186e-05,0.6909790467604012,-0.26852145426452906,0.4134042758928449,-0.2181692492128878,-0.5939198572669412,-0.4240364569222825,-0.02938033863803194,-0.05578734068415987,0.008067216390483216,-0.005286675093448919,0.0013216028733528367,1.126631074522872e-06
-22.560000000000002,0.92,0.025,0.009797958971132711,0.5248792922602417,0.5278473586035246,0.8330743471014496,0.09357611619614718,0.5286759536100176,4.515798649274836e-05,0.007215297550263771,-0.0036492946234771327,0.0006937128662037193,6.569881933854189e-07,0.7051141273866669,0.07920282474841898,0.44747132713551896,3.822171976746221e-05,0.6916438324486948,-0.2694534090756849,0.41349159117255896,-0.21821528621871097,-0.595045886381886,-0.42408095881432845,-0.029176293629926346,-0.05540114339871628,0.008067216390483216,-0.005286675093448919,0.0013121703616807644,1.130623055266435e-06
-22.399999999999977,0.92,0.025,0.009797958971132711,0.5248792922602417,0.5278473586035246,0.834229292788336,0.09299136346091816,0.528786793744807,4.5210604345758315e-05,0.007221523349317976,-0.0036601177729243014,0.0006888718746533983,6.588836244986905e-07,0.7060916734160476,0.07870789003332113,0.4475651422256046,3.826625551824984e-05,0.6923086871992328,-0.27038713030183215,0.4135783000174484,-0.21826100263560042,-0.596173407150517,-0.4241245644664434,-0.02897217312728566,-0.05501480623572985,0.008067216390483214,-0.00528667509344892,0.0013027404127719012,1.1346462321469849e-06
-22.24000000000001,0.92,0.025,0.009797958971132711,0.5248792922602417,0.5278473586035246,0.8353852345130803,0.0924048774822418,0.528896857923876,4.526371202182848e-05,0.007227748020530152,-0.0036709601705499522,0.0006840291419099728,6.60795072710844e-07,0.7070700624918712,0.07821148830096947,0.44765830054676864,3.831120585527562e-05,0.6929736096051065,-0.27132262028231147,0.41366440219620615,-0.21830639833555165,-0.5973024207398224,-0.4241672714580042,-0.028767977983107068,-0.05462833076230498,0.008067216390483216,-0.00528667509344892,0.0012933130216292946,1.1387001369412885e-06
-22.079999999999984,0.92,0.025,0.009797958971132711,0.5248792922602417,0.5278473586035246,0.8365421720938075,0.09181665517849795,0.5290061458514348,4.531731539210196e-05,0.007233971546141547,-0.003681821840252668,0.0006791846875035528,6.627222849586583e-07,0.7080492944601987,0.07771361694308067,0.44775080184865446,3.83565757478751e-05,0.6936385982556096,-0.27225988135829254,0.41374989747992136,-0.2183514731918635,-0.5984329283162465,-0.42420907736427343,-0.02856370904046763,-0.05424171852670917,0.008067216390483214,-0.005286675093448919,0.0012838881828080133,1.1427843022072051e-06
-21.920000000000016,0.92,0.025,0.009797958971132711,0.5248792922602417,0.5278473586035246,0.8377001053457981,0.09122669346424128,0.529114657234738,4.5371420288999495e-05,0.007240193908350242,-0.0036927028059468513,0.0006743385307298786,6.646650079678119e-07,0.7090293691646835,0.07721427334813383,0.4478426458834823,3.8402370132609176e-05,0.6943036517362317,-0.2731989158727733,0.41383478564204806,-0.21839622707912185,-0.5995649310456865,-0.4242499797563949,-0.028359367132586393,-0.05385497105849319,0.008067216390483216,-0.005286675093448919,0.0012744658904187492,1.1468982612976608e-06
-21.75999999999999,0.92,0.025,0.009797958971132711,0.5248792922602417,0.5278473586035246,0.8388590340814803,0.09063498925019903,0.5292223917840483,4.54260325058807e-05,0.007246415089311073,-0.0037036030915627047,0.0006694906906518118,6.666229882658815e-07,0.7100102864465649,0.07671345490136847,0.4479338324060185,3.844859391297743e-05,0.6949687686286506,-0.27413972617057875,0.41391906645837667,-0.21844065987318503,-0.6006984300934878,-0.42428997620138875,-0.028154953082886156,-0.05346808986861067,0.008067216390483214,-0.005286675093448919,0.0012650461381313804,1.1510415483747255e-06
-21.599999999999966,0.92,0.025,0.009797958971132711,0.5248792922602417,0.5278473586035246,0.8400189581104242,0.09004153944326823,0.5293293492125973,4.548115779686415e-05,0.007252635071135571,-0.003714522721046217,0.0006646411861008855,6.685959721953335e-07,0.710992046144663,0.07621115898478223,0.4480243611735424,3.849525195926582e-05,0.6956339475107275,-0.2750823145983605,0.41400273970700374,-0.21848477145116765,-0.60183342662444,-0.42432906426214667,-0.02795046770505774,-0.053081076449542346,0.008067216390483214,-0.005286675093448921,0.0012556289191786314,1.1552136984232642e-06
-21.439999999999998,0.92,0.025,0.009797958971132711,0.5248792922602417,0.5278473586035246,0.8411798772393339,0.0894463409465133,0.5294355292365495,4.5536801876524293e-05,0.007258853835891885,-0.003725461718359145,0.0006597900356788603,6.705837059263337e-07,0.7119746480953723,0.07570738297712885,0.4481142319458155,3.8542349108290166e-05,0.6962991869564998,-0.276026683504596,0.414085805168303,-0.2185285616914259,-0.6029699218027722,-0.42436724149742705,-0.02774591180312456,-0.05269393227542083,0.008067216390483216,-0.005286675093448921,0.0012462142263597233,1.1594142472645167e-06
-21.279999999999973,0.92,0.025,0.009797958971132711,0.5248792922602417,0.5278473586035246,0.8423417912720412,0.08884939065916352,0.5295409315749642,4.559297041960318e-05,0.007265071365604714,-0.0037364201074789995,0.0006549372577593107,6.725859354692662e-07,0.7129580921326557,0.07520212425391601,0.44820344448504973,3.858989016315213e-05,0.6969644855361742,-0.2769728352395871,0.41416826262489576,-0.2185720304735425,-0.6041079167921497,-0.42440450546184944,-0.027541286171508434,-0.052306658802157756,0.008067216390483212,-0.00528667509344892,0.001236802052044061,1.1636427315690618e-06
-21.120000000000005,0.92,0.025,0.009797958971132711,0.5248792922602417,0.5278473586035246,0.8435047000094981,0.08825068547661058,0.5296455559497598,4.5649669060772574e-05,0.00727128764225524,-0.003747397912399025,0.0006500828704892527,6.746024066872145e-07,0.7139423780880392,0.0746953801874032,0.4482919985558767,3.863787989303791e-05,0.6976298418161208,-0.27792077215545924,0.4142501118616229,-0.21861517767831146,-0.6052474127556687,-0.42444085370589113,-0.02733659159509716,-0.051919257467574226,0.008067216390483214,-0.00528667509344892,0.0012273923881749812,1.167898688869563e-06
-20.95999999999998,0.92,0.025,0.009797958971132711,0.5248792922602417,0.5278473586035246,0.84466860324977,0.08765022229040592,0.5297494020856768,4.570690339428253e-05,0.007277502647781058,-0.003758395157128189,0.0006452268917907721,6.766328653082528e-07,0.7149275057906054,0.07418714814659957,0.44837989392531685,3.8686323032920734e-05,0.6982952543588661,-0.27887049660616114,0.41433135266551585,-0.21865800318772363,-0.606388410855853,-0.42447628377588076,-0.027131828849312194,-0.051531729691531324,0.008067216390483216,-0.0052866750934489224,0.0012179852262734839,1.1721816575734022e-06
-20.80000000000001,0.92,0.025,0.009797958971132711,0.5248792922602417,0.5278473586035246,0.8458335007880295,0.08704799798825831,0.529852469710242,4.57646789737172e-05,0.007283716364076104,-0.003769411865691157,0.0006403693393627109,6.786770569375824e-07,0.7159134750669882,0.07367742549726183,0.4484671303627489,3.873522428335424e-05,0.6989607217230873,-0.27982201094746345,0.4144119848257682,-0.21870050688495196,-0.6075309122546491,-0.4245107932139944,-0.026926998700178655,-0.05114407687606518,0.008067216390483212,-0.005286675093448921,0.0012085805574420514,1.1764911769747313e-06
-20.639999999999986,0.92,0.025,0.009797958971132711,0.5248792922602417,0.5278473586035246,0.8469993924165481,0.08644400945403138,0.529954758553733,4.5823001311676325e-05,0.007289928772990589,-0.003780448062128286,0.0006355102306823436,6.807347270695981e-07,0.7169002857413663,0.07316620960189217,0.4485537076398796,3.878458831020284e-05,0.6996262424636052,-0.28077531753695795,0.4144920081337081,-0.2187426886543368,-0.608674918113422,-0.4245443795582503,-0.02672210190439507,-0.050756300405521364,0.008067216390483212,-0.005286675093448921,0.0011991783723684323,1.1808267872665516e-06
-20.480000000000018,0.92,0.025,0.009797958971132711,0.5248792922602417,0.5278473586035246,0.8481662779246898,0.0858382535677409,0.5300562683491421,4.5881875879449735e-05,0.007296139856330927,-0.0037915037704956004,0.000630649583007116,6.828056210995735e-07,0.7178879376354574,0.0726534978197359,0.4486396255307139,3.883441974436626e-05,0.7002918151313768,-0.2817304187340562,0.41457142238277,-0.21878454838137182,-0.6098204295929517,-0.4245770403425042,-0.026517139209405637,-0.050368401646694094,0.008067216390483212,-0.005286675093448922,0.0011897786613295257,1.1851880295520537e-06
-20.319999999999993,0.92,0.025,0.009797958971132711,0.5248792922602417,0.5278473586035246,0.8493341570989045,0.08523072720555257,0.5301569988321426,4.594130810669093e-05,0.007302349595859661,-0.0038025790148647756,0.000625787413376376,6.848894843354206e-07,0.7188764305685128,0.0721392875067797,0.44872488381152553,3.88847231815032e-05,0.7009574382734913,-0.2826873168999896,0.4146502273684675,-0.2188260859526898,-0.6109674478534274,-0.424608773096444,-0.02631211135347227,-0.04998038194896494,0.008067216390483214,-0.005286675093448923,0.0011803814141952277,1.1895744458560754e-06
-20.159999999999968,0.92,0.025,0.009797958971132711,0.5248792922602417,0.5278473586035246,0.8505030297227204,0.08462142723977932,0.5302569497410528,4.6001303381140104e-05,0.007308557973295404,-0.0038136738193231246,0.0006209237386131552,6.869860620092032e-07,0.7198657643573105,0.07162357601574922,0.44880948226082706,3.893550318179699e-05,0.701623110433161,-0.28364601439780757,0.4147284228883658,-0.2188673012560483,-0.6121159740544448,-0.4246395753455857,-0.02610701906574869,-0.0495922426444455,0.008067216390483214,-0.005286675093448923,0.001170986620432362,1.1939855791359594e-06
-20.0,0.92,0.025,0.009797958971132711,0.5248792922602417,0.5278473586035246,0.8516728955767372,0.08401035053887881,0.5303561208168026,4.606186704821586e-05,0.007314764970312757,-0.003824788207973578,0.0006160585753259618,6.890950992884798e-07,0.7208559388161504,0.07110636069610703,0.44889342065934174,3.898676426960991e-05,0.7022888301497157,-0.284606513592377,0.41480600874205525,-0.21890819418031618,-0.613266009355001,-0.42466944461126765,-0.025901863066355106,-0.049203985048121,0.008067216390483214,-0.005286675093448922,0.001161594269108606,1.1984209732923538e-06
-19.839999999999975,0.92,0.025,0.009797958971132711,0.5248792922602417,0.5278473586035246,0.852843754438619,0.08339749396745105,0.5304545118028994,4.612300441073413e-05,0.007320970568542249,-0.0038359222049346702,0.0006111919399105953,6.912163412875003e-07,0.7218469537568472,0.07058763889405058,0.44897669878997404,3.903851093324537e-05,0.7029545959585964,-0.28556881685038116,0.4148829847311242,-0.21894876461545962,-0.6144175549134903,-0.42469837841064645,-0.025696644066453757,-0.048815610457995616,0.008067216390483214,-0.0052866750934489224,0.001152204348896448,1.2028801731794314e-06
-19.680000000000007,0.92,0.025,0.009797958971132711,0.5248792922602417,0.5278473586035246,0.8540156060830872,0.08278285438623581,0.5305521224453941,4.618472072853541e-05,0.007327174749570259,-0.0038470758343405165,0.0006063238485520018,6.933495330783658e-07,0.7228388089887251,0.07006740795251,0.4490593164377816,3.9090747624632375e-05,0.7036204063913488,-0.28653292654031903,0.4149593506591327,-0.21898901245252836,-0.6155706118876995,-0.4247263742566911,-0.025491362768326194,-0.048427120155241025,0.008067216390483214,-0.0052866750934489224,0.0011428168480771966,1.2073627246152138e-06
-19.519999999999982,0.92,0.025,0.009797958971132711,0.5248792922602417,0.5278473586035246,0.8551884502819136,0.0821664286521103,0.5306489524928483,4.624702121811406e-05,0.007333377494938951,-0.003858249120340802,0.0006014543172261316,6.954944197018126e-07,0.7238315043186117,0.06954566521114616,0.4491412733899468,3.914347875901174e-05,0.7042862599756162,-0.2874988450325037,0.41503510633158625,-0.21902893758364267,-0.6167251814348044,-0.4247534296581792,-0.02528601986545071,-0.04803851540434515,0.008067216390483214,-0.005286675093448923,0.00113343175454498,1.2118681743911547e-06
-19.360000000000014,0.92,0.025,0.009797958971132711,0.5248792922602417,0.5278473586035246,0.856362286803913,0.0815482136180862,0.5307450016963018,4.6309911052273844e-05,0.007339578786146203,-0.0038694420871007596,0.000596583361701843,6.976507461779424e-07,0.724825039550832,0.06902240800634817,0.44922256943574984,3.919670871464458e-05,0.7049521552351331,-0.2884665746990625,0.4151102515559109,-0.21906853990197991,-0.6178812647113651,-0.42477954211969143,-0.025080616042581657,-0.04764979745326456,0.008067216390483216,-0.005286675093448924,0.0011240490558108139,1.2163960702815409e-06
-19.19999999999999,0.92,0.025,0.009797958971132711,0.5248792922602417,0.5278473586035246,0.8575371154149366,0.08092820613330774,0.5308402698092397,4.637339535976202e-05,0.00734577860464553,-0.003880654758801155,0.0005917109975428037,6.998182575170219e-07,0.7258194144872023,0.06849763367123167,0.44930320436654053,3.9250441832502576e-05,0.7056180906897188,-0.2894361179139349,0.4151847861414265,-0.2191078193017615,-0.6190388628733209,-0.42480470914160645,-0.024875151975828732,-0.04726096753357674,0.008067216390483212,-0.005286675093448922,0.0011146687390066472,1.220945961053044e-06
-19.04000000000002,0.92,0.025,0.009797958971132711,0.5248792922602417,0.5278473586035246,0.8587129358778642,0.08030640304304906,0.5309347565875601,4.643747922484831e-05,0.007351976931846025,-0.00389188715963827,0.0005868372401094482,7.019966987297119e-07,0.7268146289270243,0.06797133953563674,0.44938317797571087,3.930468241591161e-05,0.7062840648552706,-0.29040747705287195,0.4152587098993221,-0.21914677567823967,-0.6201979770759872,-0.4248289282200966,-0.024669628332738613,-0.04687202686063669,0.008067216390483214,-0.0052866750934489224,0.001105290790889497,1.2255173964732866e-06
-18.879999999999995,0.92,0.025,0.009797958971132711,0.5248792922602417,0.5278473586035246,0.8598897479525981,0.07968280118871147,0.5310284617895432,4.650216768699306e-05,0.007358173749112282,-0.003903139313823883,0.0005819621045609187,7.041858148375117e-07,0.727810682667079,0.06744352292612539,0.4494624900586694,3.935943473027093e-05,0.7069500762437558,-0.29138065449342093,0.4153320226426306,-0.21918540892768437,-0.6213586084740507,-0.42485219684712255,-0.024464045772375927,-0.046482976633732395,0.008067216390483214,-0.0052866750934489224,0.001095915197845534,1.2301099273196012e-06
-18.71999999999997,0.92,0.025,0.009797958971132711,0.5248792922602417,0.5278473586035246,0.8610675513960546,0.07905739740782128,0.5311213851758197,4.656746574041055e-05,0.00736436903776432,-0.003914411245585251,0.0005770856058570677,7.063853508828255e-07,0.7288075755016207,0.06691418116597993,0.44954114041281384,3.941470300268349e-05,0.7076161233632118,-0.29235565261498314,0.4154047241862061,-0.2192237189473736,-0.622520758221564,-0.4248745125104286,-0.024258404945406774,-0.046093818036245,0.008067216390483212,-0.0052866750934489224,0.001086541945894267,1.2347231053872676e-06
-18.560000000000002,0.92,0.025,0.009797958971132711,0.5248792922602417,0.5278473586035246,0.8622463459621584,0.07843018853402706,0.5312135265093396,4.6633378333680166e-05,0.007370562779077527,-0.003925702979165093,0.0005722077587604551,7.0859505193901e-07,0.7298053072223709,0.0663833115752005,0.4496191288375051,3.9470491421626895e-05,0.7082822047177288,-0.293332473798724,0.41547681434669614,-0.21926170563557637,-0.6236844274719429,-0.42489587269353774,-0.024052706494182136,-0.045704552235808715,0.008067216390483212,-0.005286675093448922,0.0010771710206927017,1.2393564834975935e-06
-18.399999999999977,0.92,0.025,0.009797958971132711,0.5248792922602417,0.5278473586035246,0.8634261314018342,0.07780117139709754,0.5313048855553425,4.6699910369351485e-05,0.007376754954282576,-0.003937014538821573,0.0005673285778383725,7.108146631202125e-07,0.7308038776185125,0.06585091147050336,0.44969645513404194,3.9526804136619096e-05,0.708948318807449,-0.29431112042761626,0.41554829294251994,-0.2192993688915424,-0.6248496173779609,-0.42491627487574674,-0.02384695105282233,-0.04531518038447276,0.008067216390483214,-0.005286675093448921,0.0010678024075395315,1.2440096155055814e-06
-18.24000000000001,0.92,0.025,0.009797958971132711,0.5248792922602417,0.5278473586035246,0.8646069074630002,0.07717034282291867,0.531395462081327,4.676706670348991e-05,0.007382945544565356,-0.00394834594882828,0.0005624480774649069,7.130439295911383e-07,0.7318032864766834,0.06531697816531837,0.4497731191056352,3.958364525783386e-05,0.7096144641285632,-0.2952915948864698,0.41561915979384545,-0.21933670861549254,-0.6260163290917446,-0.42493571653212087,-0.02364113924730322,-0.04492570361886656,0.008067216390483212,-0.00528667509344892,0.0010584360913793885,1.2486820563075595e-06
-18.079999999999984,0.92,0.025,0.009797958971132711,0.5248792922602417,0.5278473586035246,0.8657886738905607,0.07653769963349161,0.531485255857021,4.68348521452925e-05,0.007389134531066909,-0.0039596972334742095,0.0005575662718229961,7.152825965765144e-07,0.7328035335809706,0.0647815089697873,0.4498491205573826,3.964101885577557e-05,0.7102806391733001,-0.29627389956189976,0.4156894147225647,-0.21937372470860408,-0.6271845637647705,-0.4249541951334899,-0.02343527169554202,-0.04453612306036415,0.00806721639048321,-0.005286675093448916,0.001049072056807061,1.2533733618480733e-06
-17.920000000000016,0.92,0.025,0.009797958971132711,0.5248792922602417,0.5278473586035246,0.866971430426399,0.07590323864692987,0.5315742666543529,4.6903271456636115e-05,0.007395321894883352,-0.003971068417063752,0.0005526831749065361,7.175304093705442e-07,0.7338046187129041,0.06424450119076144,0.44992445929624436,3.969892896089681e-05,0.7109468424299139,-0.2972580368422658,0.41575905755226905,-0.21941041707299686,-0.6283543225478598,-0.4249717081464422,-0.023229349007485366,-0.04414643981525286,0.008067216390483209,-0.0052866750934489155,0.0010397102880717918,1.258083089126864e-06
-17.75999999999999,0.92,0.025,0.009797958971132711,0.5248792922602417,0.5278473586035246,0.86815517680937,0.075266956677457,0.5316624942474227,4.697232935163722e-05,0.007401507617065809,-0.0039824595239166625,0.0005477988005224802,7.197871133462891e-07,0.7348065416514509,0.06370595213179961,0.44999913513101863,3.9757379563225745e-05,0.7116130723826917,-0.29824400911780663,0.4158280881082313,-0.21944678561172845,-0.6295256065911728,-0.4249882530333204,-0.023023371785197,-0.0437566549749012,0.00806721639048321,-0.005286675093448912,0.0010303507690815454,1.2628107962056657e-06
-17.599999999999966,0.92,0.025,0.009797958971132711,0.5248792922602417,0.5278473586035246,0.8693399127752938,0.07462885053540445,0.5317499384124738,4.704203049621569e-05,0.007407691678620334,-0.003993870578368055,0.0005429131622929849,7.220524539646057e-07,0.7358093021730087,0.06316585909316633,0.45007314787231784,3.981637461199696e-05,0.7122793275119367,-0.2992318187805334,0.4158965062173794,-0.21948283022877743,-0.6306984170442074,-0.42500382725221597,-0.02281734062294748,-0.043366769615930556,0.008067216390483205,-0.005286675093448907,0.0010209934834073489,1.2675560422141244e-06
-17.439999999999998,0.92,0.025,0.009797958971132711,0.5248792922602417,0.5278473586035246,0.8705256380569469,0.07398891702720853,0.531836598927864,4.711237950763863e-05,0.007413874060507851,-0.004005301604768377,0.0005380262736575569,7.243261767832995e-07,0.7368129000513999,0.0626242193718293,0.4501464973325441,3.987591801526534e-05,0.7129456062939593,-0.30022146822422807,0.4159643117082741,-0.21951855082903163,-0.6318727550557914,-0.4250184282569651,-0.022611256107303888,-0.04297678480038695,0.008067216390483203,-0.005286675093448903,0.001011638414287617,1.2723183873561428e-06
-17.279999999999973,0.92,0.025,0.009797958971132711,0.5248792922602417,0.5278473586035246,0.8717123523840568,0.0733471529554083,0.5319224755740399,4.718338095404529e-05,0.007420054743644071,-0.00401675262748339,0.0005331381478752254,7.266080274659204e-07,0.7378173350578656,0.062081030261457594,0.4502191833258674,3.993601363950394e-05,0.7136119072010813,-0.30121295984451885,0.4160315044110909,-0.21955394731828212,-0.6330486217740798,-0.4250320534971429,-0.022405118817220647,-0.04258670157591478,0.008067216390483198,-0.005286675093448895,0.0010022855446325074,1.2770973929155506e-06
-17.120000000000005,0.92,0.025,0.009797958971132711,0.5248792922602417,0.5278473586035246,0.8729000554832932,0.07270355511864324,0.532007568133508,4.725503935400441e-05,0.00742623370889943,-0.004028223670894156,0.0005282487980267411,7.288977517904442e-07,0.7388226069610594,0.06153628905241964,0.4502912056682012,3.9996665309229334e-05,0.7142782287016199,-0.30220629603881793,0.41609808415759514,-0.2195890196032082,-0.6342260183465505,-0.4250447004180589,-0.022198929324131568,-0.04219652097593282,0.008067216390483191,-0.005286675093448881,0.0009929348570283168,1.2818926212614805e-06
-16.95999999999998,0.92,0.025,0.009797958971132711,0.5248792922602417,0.5278473586035246,0.8740887470782622,0.07205812031165047,0.5320918763908096,4.732735917602512e-05,0.007432410937099011,-0.004039714759397019,0.0005233582370167806,7.311950956578926e-07,0.7398287155270412,0.060989993031780966,0.45036256417718123,4.005787680658766e-05,0.7149445692598827,-0.3032014792063061,0.41616405078112245,-0.21962376759136693,-0.6354049459199994,-0.42505636646075257,-0.021992688192041917,-0.04180624401981039,0.008067216390483183,-0.005286675093448867,0.0009835863337418645,1.2867036358536803e-06
-16.80000000000001,0.92,0.025,0.009797958971132711,0.5248792922602417,0.5278473586035246,0.8752784268894975,0.07141084532526257,0.532175400132493,4.740034483807184e-05,0.0074385864090224735,-0.004051225917403576,0.0005184664775761885,7.334998051007576e-07,0.7408356605192707,0.06044213948330224,0.45043325867214207,4.011965187094401e-05,0.7156109273361619,-0.30419851174797524,0.4162294041165574,-0.21965819119118415,-0.6365854056405349,-0.4250670490619872,-0.02178639597762229,-0.041415871713046774,0.00806721639048317,-0.005286675093448845,0.000974239956724937,1.2915300012474248e-06
-16.639999999999986,0.92,0.025,0.009797958971132711,0.5248792922602417,0.5278473586035246,0.8764690946344544,0.07076172694640487,0.5322581391470896,4.747400070710299e-05,0.007444760105403987,-0.004062757169340674,0.0005135735322642125,7.358116262912362e-07,0.7418434416986023,0.05989272568743708,0.4505032889740967,4.018199419849197e-05,0.716277301386731,-0.30519739606663004,0.416294144000315,-0.21969229031194523,-0.6377673986535751,-0.4250767456542456,-0.021580053230302113,-0.04102540504744996,0.008067216390483155,-0.005286675093448817,0.0009648957076187006,1.2963712830979982e-06
-16.480000000000018,0.92,0.025,0.009797958971132711,0.5248792922602417,0.5278473586035246,0.8776607500275019,0.07011076195809349,0.5323400932250872,4.754833109853673e-05,0.007450932006932153,-0.004074308539650375,0.0005086794134707874,7.381303055495119e-07,0.7428520588232777,0.05934174892133033,0.45057265490571385,4.024490744180149e-05,0.7169436898638304,-0.3061981345668232,0.41635827027031763,-0.219726064863781,-0.6389509261038425,-0.42508545366572636,-0.021373660492365193,-0.040634845001319295,0.008067216390483134,-0.0052866750934487785,0.0009555535677581945,1.3012270481653681e-06
-16.319999999999993,0.92,0.025,0.009797958971132711,0.5248792922602417,0.5278473586035246,0.8788533927799154,0.0694579471394323,0.5324212621589057,4.762334027578479e-05,0.007457102094249934,-0.0040858800527899496,0.0005037841334188057,7.40455589351711e-07,0.7438615116489204,0.0587892064588155,0.4506413562912978,4.030839520942425e-05,0.7176100912156662,-0.3072007296549173,0.4164217827659779,-0.21975951475766173,-0.6401359891353586,-0.42509317052033607,-0.021167218299044794,-0.040244192539627084,0.008067216390483105,-0.005286675093448724,0.0009462135181767823,1.3060968643180979e-06
-16.159999999999968,0.92,0.025,0.009797958971132711,0.5248792922602417,0.5278473586035246,0.8800470225998697,0.068803279265611,0.5325016457428731,4.7699032449730916e-05,0.007463270347954585,-0.00409747173323185,0.0004988877041664338,7.427872243377938e-07,0.7448717999285297,0.058235095570413155,0.45070939295676776,4.037246106545225e-05,0.7182765038864003,-0.30820518373903655,0.4164846813281777,-0.21979263990538475,-0.6413225888914413,-0.42509989363768713,-0.020960727178620568,-0.03985344861420376,0.008067216390483063,-0.0052866750934486475,0.0009368755396106729,1.3109803005371994e-06
-16.0,0.92,0.025,0.009797958971132711,0.5248792922602417,0.5278473586035246,0.8812416391924315,0.06814675510790247,0.5325812437732003,4.777541177822129e-05,0.00746943674859758,-0.004109083605463694,0.0004939901376094274,7.451249573194119e-07,0.7458829234124741,0.05767941352332865,0.45077676472963674,4.04371085290865e-05,0.7189429263161483,-0.3092114992291126,0.41654696579925127,-0.21982544021956754,-0.6425107265146983,-0.42510562043309164,-0.020754187652515473,-0.03946261416392311,0.008067216390483006,-0.005286675093448544,0.0009275396125034309,1.3158769269198845e-06
-15.839999999999975,0.92,0.025,0.009797958971132711,0.5248792922602417,0.5278473586035246,0.8824372422595518,0.06748837143366018,0.5326600560479596,4.785248236554576e-05,0.007475601276684538,-0.004120715693988245,0.0004890914454834648,7.474685352874211e-07,0.7468948818484846,0.05712215758144998,0.45084347143899306,4.050234107419794e-05,0.7196093569409618,-0.3102196785367898,0.4166086360229627,-0.219857915613634,-0.6437004031470243,-0.4251103483175563,-0.020547600235393537,-0.039071690114888764,0.008067216390482931,-0.005286675093448405,0.0009182057170104976,1.3207863146826398e-06
-15.680000000000007,0.92,0.025,0.009797958971132711,0.5248792922602417,0.5278473586035246,0.8836338315000593,0.0668281250063162,0.5327380823670604,4.7930248261901925e-05,0.007481763912675148,-0.004132368023323387,0.00048419163936651234,7.498177054194938e-07,0.7479076749816502,0.056563325005346034,0.45090951291548,4.056816212887379e-05,0.7202757941928304,-0.3112297240754869,0.41666969184449154,-0.21989006600180852,-0.6448916199295943,-0.4251140746977773,-0.020340965435258863,-0.03868067738062336,0.008067216390482822,-0.005286675093448211,0.0009088738330037685,1.3257080361644987e-06
-15.519999999999982,0.92,0.025,0.009797958971132711,0.5248792922602417,0.5278473586035246,0.8848314066096521,0.06616601258537835,0.5328153225322265,4.80087134628886e-05,0.007487924636983103,-0.004144040618002109,0.00047929073068118255,7.52172215087474e-07,0.7489213025544096,0.05600291305226424,0.4509748889912765,4.0634575074988915e-05,0.7209422364996717,-0.31224163826037926,0.41673013311041235,-0.21992189129910614,-0.6460843780028611,-0.4251167969761365,-0.020134283753554416,-0.038289576862257126,0.008067216390482669,-0.0052866750934479415,0.0008995439400761373,1.3306416648297477e-06
-15.360000000000014,0.92,0.025,0.009797958971132711,0.5248792922602417,0.5278473586035246,0.8860299672808911,0.06550203092642791,0.5328917763469753,4.808788190893879e-05,0.007494083429976026,-0.004155733502572485,0.00047438873069713405,7.545318118645941e-07,0.7499357643065463,0.055440918976128586,0.4510395995000799,4.0701583247725794e-05,0.7216086822853176,-0.31325542350832064,0.4167899596686769,-0.21995339142132098,-0.6472786785065495,-0.4251185125506955,-0.019927555685262596,-0.03789838944871967,0.008067216390482464,-0.005286675093447571,0.0008902160175461034,1.3355867752704362e-06
-15.199999999999989,0.92,0.025,0.009797958971132711,0.5248792922602417,0.5278473586035246,0.887229513203192,0.06483617678111747,0.5329674436165948,4.816775748480455e-05,0.007500240271975382,-0.004167446701597647,0.000469485650533461,7.56896243532734e-07,0.7509510599751817,0.05487734002753783,0.4511036442770858,4.0769189935138576e-05,0.7222751299695135,-0.3142710822378878,0.4168491713685969,-0.21998456628501967,-0.6484745225796514,-0.42511921881519016,-0.01972078171900532,-0.037507116016931095,0.008067216390482183,-0.005286675093447065,0.0008808900444623523,1.3405429432088611e-06
-15.039999999999964,0.92,0.025,0.009797958971132711,0.5248792922602417,0.5278473586035246,0.8884300440628189,0.06416844689716814,0.5330423241481234,4.824834401899129e-05,0.0075063951432564275,-0.004179180239655764,0.00046458150116112263,7.592652580893039e-07,0.7519671892947699,0.054312173453763116,0.4511670231589716,4.083739837767423e-05,0.7229415779678997,-0.31528861686927073,0.41690776806082624,-0.22001541580752892,-0.6496719113604214,-0.4251189131590272,-0.019513962337145824,-0.03711575743199621,0.008067216390481793,-0.005286675093446364,0.0008715659996083922,1.3455097454993852e-06
-14.879999999999995,0.92,0.025,0.009797958971132711,0.5248792922602417,0.5278473586035246,0.8896315595428752,0.06349883801836739,0.5331164177503297,4.832964528321018e-05,0.0075125480240481116,-0.004190934141340018,0.00045967629340537146,7.616386037542022e-07,0.7529841519970896,0.05374541649874617,0.45122973598387905,4.09062117677091e-05,0.723608024692007,-0.3163080298242702,0.4169657495973436,-0.22004593990692795,-0.6508708459863722,-0.42511759296727786,-0.019307098015890464,-0.036724314547398614,0.008067216390481257,-0.0052866750934454,0.000862243861507177,1.3504867601303387e-06
-14.71999999999997,0.92,0.025,0.009797958971132711,0.5248792922602417,0.5278473586035246,0.8908340593232985,0.06282734688456668,0.5331897242336907,4.8411664991820684e-05,0.007518698894533016,-0.004202708431258578,0.0004547700379481952,7.640160289766179e-07,0.7540019478112399,0.05317706640309724,0.45129178259139585,4.097563324907703e-05,0.7242744685492428,-0.3173293235262183,0.4170231158314338,-0.22007613850203692,-0.652071327594269,-0.4251152556206734,-0.01910018922539105,-0.036332788205195934,0.008067216390480516,-0.0052866750934440696,0.000852923608425745,1.3554735662256206e-06
-14.560000000000002,0.92,0.025,0.009797958971132711,0.5248792922602417,0.5278473586035246,0.8920375430808508,0.06215397023167878,0.5332622434103742,4.849440680126906e-05,0.007524847734847269,-0.0042145031340345696,0.00044986274533079213,7.663972824416364e-07,0.7550205764636322,0.052607120404092926,0.45135316282254073,4.1045665916594136e-05,0.7249409079428731,-0.31835250039985086,0.41707986661767155,-0.22010601151240625,-0.6532733573201245,-0.42511189849560027,-0.01889323642984866,-0.035941179236217737,0.008067216390479498,-0.005286675093442239,0.0008436052183799024,1.3604697440458883e-06
-14.399999999999977,0.92,0.025,0.009797958971132711,0.5248792922602417,0.5278473586035246,0.8932420104891126,0.06147870479167571,0.533333975094218,4.85778743095242e-05,0.007530994525080464,-0.004226318274306042,0.00044495442595603136,7.687821130768245e-07,0.7560400376779849,0.05203557573567433,0.4514138765197461,4.111631281558128e-05,0.7256073412720083,-0.3193775628711955,0.4171360018119014,-0.22013555885830433,-0.6544769362991942,-0.4251075189640947,-0.018686240087616754,-0.03554948846026213,0.0080672163904781,-0.005286675093439721,0.0008342886691388696,1.3654748749896983e-06
-14.240000000000009,0.92,0.025,0.009797958971132711,0.5248792922602417,0.5278473586035246,0.894447461218475,0.06080154729258612,0.5334049191007121,4.8662071055481434e-05,0.007537139245275582,-0.004238153876725935,0.00044004509009095896,7.711702700586227e-07,0.7570603311753172,0.0514624296284449,0.45147392352684274,4.118757694135949e-05,0.7262737669315811,-0.3204045133673806,0.41719152127121983,-0.2201647804607045,-0.6556820656659701,-0.4251021143938379,-0.018479200651306305,-0.035157716686296164,0.008067216390476173,-0.005286675093436249,0.0008249739382300014,1.3704885415942877e-06
-14.079999999999984,0.92,0.025,0.009797958971132711,0.5248792922602417,0.5278473586035246,0.8956538949361323,0.06012249445849303,0.5334750752469806,4.874700051842716e-05,0.007543281875428898,-0.00425000996596203,0.00043513474786928614,7.735615028187347e-07,0.7580814566739424,0.0508876793096685,0.4515333036890444,4.125946123879675e-05,0.7269401833123202,-0.32143335431638,0.4172464248539555,-0.22019367624127037,-0.656888746554175,-0.42509568214815097,-0.018272118567890218,-0.034765864712654734,0.008067216390473517,-0.005286675093431471,0.0008156610029434577,1.37551032753623e-06
-13.920000000000016,0.92,0.025,0.009797958971132711,0.5248792922602417,0.5278473586035246,0.8968613113060746,0.05944154300953149,0.5335444433517629,4.8832666117413144e-05,0.007549422395489889,-0.004261886566696899,0.0004302234092939197,7.759555610502603e-07,0.7591034138894616,0.05031132200326746,0.4515920168529321,4.133196860177848e-05,0.727606588800711,-0.3224640881465996,0.4173007124196443,-0.22022224612233413,-0.6580969800967561,-0.4250882195859893,-0.018064994278809438,-0.03437393332724283,0.008067216390469858,-0.005286675093424889,0.0008063498403369479,1.3805398176317134e-06
-13.759999999999991,0.92,0.025,0.009797958971132711,0.5248792922602417,0.5278473586035246,0.8980697099890796,0.05875868966188607,0.5336130232353982,4.8919071210699796e-05,0.007555560785361136,-0.004273783703627838,0.00042531108423947677,7.783521947138067e-07,0.760126202534757,0.049733354929820374,0.45165006286644105,4.140510187273631e-05,0.7282729817789594,-0.323496717286462,0.41735438382900875,-0.22025049002687874,-0.6593067674258782,-0.4250797240619388,-0.017857828220078552,-0.03398192330773661,0.008067216390464822,-0.005286675093415826,0.0007970404272404258,1.3855765978366378e-06
-13.599999999999966,0.92,0.025,0.009797958971132711,0.5248792922602417,0.5278473586035246,0.8992790906427063,0.05807393112778869,0.5336808147198073,4.900621909515833e-05,0.007561697024898205,-0.0042857014014667846,0.00042039778245483967,7.807511540435158e-07,0.7611498223199866,0.04915377530656035,0.45170744157884496,4.147886384214201e-05,0.7289393606249304,-0.3245312441637043,0.41740743894392923,-0.22027840787850922,-0.6605181096729149,-0.42507019292620885,-0.01765062082239306,-0.03358983542178766,0.008067216390457887,-0.005286675093403345,0.0007877327402608571,1.390620255246583e-06
-13.439999999999998,0.92,0.025,0.009797958971132711,0.5248792922602417,0.5278473586035246,0.9004894529212862,0.05738726411551606,0.5337478176284776,4.9094113005678194e-05,0.007567831093909527,-0.004297639684940212,0.00041548351356570344,7.831521895529522e-07,0.7621742729525767,0.048572580347372794,0.45176415284074345,4.1553257248006026e-05,0.7296057237120683,-0.32556767120437435,0.4174598776274094,-0.22030599960141545,-0.6617310079684405,-0.42505962352462817,-0.017443372511236368,-0.033197670427226676,0.008067216390448335,-0.0052866750933861575,0.0007784267557869542,1.395670378096472e-06
-13.279999999999973,0.92,0.025,0.009797958971132711,0.5248792922602417,0.5278473586035246,0.901700796475917,0.05669868532938763,0.5338140317864458,4.918275611456161e-05,0.007573962972156247,-0.004309598578788985,0.0004105682870771354,7.8555505204085e-07,0.7631995541372162,0.04798976726279369,0.45182019650404776,4.162828477536495e-05,0.7302720694093039,-0.3266060008316453,0.4175116997435403,-0.2203332651203316,-0.6629454634422172,-0.42504801319863883,-0.017236083706987416,-0.03280542907226819,0.008067216390435183,-0.005286675093362487,0.0007691224499939284,1.4007265557599574e-06
-13.120000000000005,0.92,0.025,0.009797958971132711,0.5248792922602417,0.5278473586035246,0.9029131209544542,0.056008191469763144,0.5338794570202844,4.9272151530943655e-05,0.007580092639352049,-0.00432157810776818,0.0004056521123761662,7.879594925968034e-07,0.76422566557585,0.04740533326000753,0.45187557242196874,4.170394905579071e-05,0.7309383960809125,-0.3276462354639463,0.4175629051574501,-0.22036020436047477,-0.6641614772231837,-0.42503535928529146,-0.017028754825029618,-0.03241311209571781,0.008067216390417067,-0.005286675093329889,0.0007598197988482853,1.4057883787486208e-06
-12.95999999999998,0.92,0.025,0.009797958971132711,0.5248792922602417,0.5278473586035246,0.9041264260015031,0.055315779233040374,0.5339440931580859,4.9362302300166954e-05,0.007586220075162943,-0.004333578296646836,0.00040073499873436076,7.903652626068406e-07,0.7652526069676723,0.04681927554284537,0.4519302804490039,4.1780252666861314e-05,0.7316047020863303,-0.3286883775125103,0.4176134937352433,-0.2203868172474692,-0.6653790504394377,-0.42502165911723855,-0.01682138627585918,-0.032020720227177876,0.008067216390392123,-0.0052866750932850015,0.0007505187781125748,1.4108554387109953e-06
-12.800000000000011,0.92,0.025,0.009797958971132711,0.5248792922602417,0.5278473586035246,0.9053407112584125,0.054621445311652944,0.5340079400294491,4.945321140318785e-05,0.007592345259206996,-0.004345599170207612,0.00039581695531043363,7.927721137589448e-07,0.7662803780091204,0.04623159131178305,0.45198432044092574,4.18571981316582e-05,0.7322709857799172,-0.3297324293780548,0.4176634653439263,-0.22041310370724676,-0.6665981842182133,-0.4250069100227285,-0.016613978465195304,-0.031628254187256906,0.00806721639035777,-0.005286675093223182,0.0007412193633502134,1.415927328431395e-06
-12.639999999999986,0.92,0.025,0.009797958971132711,0.5248792922602417,0.5278473586035246,0.906555976363266,0.053925186394068264,0.5340709974654649,4.954488175596939e-05,0.007598468171053993,-0.00435764075324635,0.00039089799115284304,7.951797980484086e-07,0.7673089783938684,0.04564227776393938,0.45203769225476953,4.1934787918252495e-05,0.7329372455106146,-0.3307783934459977,0.4177128198513023,-0.2204390636659081,-0.6678188796858557,-0.42499110932559947,-0.016406531794089806,-0.031235714687777277,0.008067216390310465,-0.0052866750931380505,0.000731921529930255,1.4210036418284262e-06
-12.480000000000018,0.92,0.025,0.009797958971132711,0.5248792922602417,0.5278473586035246,0.9077722209508744,0.05322699916478535,0.5341332652987034,4.963731620885982e-05,0.007604588790224995,-0.004369703070571441,0.00038597811520242083,7.975880677831091e-07,0.7683384078128201,0.04505133209307432,0.4520903957488226,4.201302443917896e-05,0.7336034796215016,-0.3318262720801048,0.4177615571258438,-0.2204646970495443,-0.6690411379677828,-0.42497425434527186,-0.016199046659038385,-0.030843102431986066,0.008067216390245314,-0.00528667509302081,0.000722625253032221,1.4260839739533265e-06
-12.319999999999993,0.92,0.025,0.009797958971132711,0.5248792922602417,0.5278473586035246,0.9089894446527679,0.05252688030433294,0.5341947433632016,4.9730517545983e-05,0.0076107070961917616,-0.00438178614700299,0.000381057336294993,7.999966755887128e-07,0.7693686659541028,0.0444587514895874,0.45214243078261385,4.209191005092001e-05,0.7342696864491829,-0.33287606761354155,0.41780967703651584,-0.22049000378399203,-0.6702649601884391,-0.42495634239674107,-0.01599152345209197,-0.030450418114765294,0.008067216390155594,-0.005286675092859356,0.0007133305076508992,1.4311679209881184e-06
-12.159999999999968,0.92,0.025,0.009797958971132711,0.5248792922602417,0.5278473586035246,0.910207647097188,0.05182482648926764,0.5342554314944499,4.9824488484631945e-05,0.007616823068375979,-0.004393890007371658,0.0003761356631640264,8.02405374413827e-07,0.77039975250306,0.04386453314051613,0.4521937972169024,4.217144705339248e-05,0.7349358643229593,-0.33392778233665243,0.41785717945254436,-0.22051498379450582,-0.6714903474712289,-0.42493737079056776,-0.01578396256096945,-0.030057662422844602,0.008067216390032038,-0.005286675092637014,0.000704037268601187,1.4362550802436283e-06
-12.0,0.92,0.025,0.009797958971132711,0.5248792922602417,0.5278473586035246,0.9114268279090803,0.051120834392172416,0.5343153295293817,4.991923167463661e-05,0.007622936686148228,-0.004406014676517073,0.00037121310444327023,8.048139175349344e-07,0.7714316671422455,0.04326867422953474,0.45224449491366864,4.225163768941243e-05,0.7356020115637026,-0.33498141848001584,0.4179040642431061,-0.2205396370053161,-0.6727173009384311,-0.4249173368328685,-0.015576364369171024,-0.02966483603501393,0.008067216389861886,-0.005286675092330818,0.000694745510522911,1.4413450501570878e-06
-11.839999999999975,0.92,0.025,0.009797958971132711,0.5248792922602417,0.5278473586035246,0.9126469867100844,0.05041490068165539,0.5343744373063615,5.0014749697756314e-05,0.00762904792882659,-0.004418160179285649,0.0003662896686694081,8.072220585613838e-07,0.7724644095514155,0.04267117193695313,0.45229452373610435,4.233248414418094e-05,0.736268126482321,-0.33603697819113615,0.41795033127691195,-0.22056396333903283,-0.6739458217110798,-0.4248962378253035,-0.015368729256092633,-0.029271939622337567,0.008067216389627572,-0.0052866750919091515,0.0006854552078856593,1.4464374302897772e-06
-11.680000000000007,0.92,0.025,0.009797958971132711,0.5248792922602417,0.5278473586035246,0.9138681231185276,0.0497070220223489,0.5344327546651745,5.0111045067045095e-05,0.007635156775674748,-0.004430326540527579,0.0003613653642847353,8.096295514402147e-07,0.7734979794075219,0.04207202343971611,0.4523438835486037,4.241398854474697e-05,0.7369342073776876,-0.33709446350235306,0.4179959804216495,-0.22058796271584324,-0.6751759109088011,-0.4248740710650611,-0.015161057597142709,-0.02887897384837106,0.008067216389304887,-0.0052866750913284615,0.0006761663349936504,1.4515318213243477e-06
-11.519999999999982,0.92,0.025,0.009797958971132711,0.5248792922602417,0.5278473586035246,0.9150902367494144,0.048997195074909086,0.5344902814470165,5.020812022625083e-05,0.007641263205899415,-0.004442513785092707,0.00035644019963981555,8.120361504608805e-07,0.7745323763847044,0.04147122591140305,0.4523925742167548,4.2496152959498706e-05,0.7376002525338003,-0.33815387628642346,0.41804101154322826,-0.22061163505242343,-0.6764075696495949,-0.4248508338448403,-0.014953349763859553,-0.02848593936937743,0.008067216388860505,-0.0052866750905287765,0.000666878865990558,1.456627825061882e-06
-11.360000000000014,0.92,0.025,0.009797958971132711,0.5248792922602417,0.5278473586035246,0.9163133272144173,0.04828541649601669,0.5345470174944833,5.03059775491711e-05,0.007647367198646814,-0.004454721937824824,0.00035151418299617614,8.144416102599986e-07,0.7755676001542828,0.04086877652222853,0.4524405956073307,4.2578979397618424e-05,0.7382662602159444,-0.33921521819545997,0.4180854245047669,-0.22063498026047443,-0.6776407990495297,-0.4248265234528282,-0.014745606124032373,-0.028092836834547944,0.008067216388248536,-0.005286675089427508,0.0006575927748643947,1.4617250444190106e-06
-11.199999999999989,0.92,0.025,0.009797958971132711,0.5248792922602417,0.5278473586035246,0.9175373941218675,0.04757168293837838,0.5346029626515629,5.040461933905027e-05,0.007653468732997843,-0.004466951023553823,0.0003465873225289795,8.168456858258386e-07,0.7766036503847487,0.04026467243904346,0.45248794758828287,4.266246980857215e-05,0.7389322286654582,-0.34027849057660137,0.418129219165226,-0.22065799824474258,-0.6788756002223267,-0.42480113717266954,-0.014537827041824132,-0.02769966688622286,0.008067216387405776,-0.005286675087910921,0.000648308035452346,1.4668230834244576e-06
-11.039999999999964,0.92,0.025,0.009797958971132711,0.5248792922602417,0.5278473586035246,0.9187624370767433,0.04685599105072981,0.5346581167636255,5.050404782793579e-05,0.007659567787961478,-0.004479201067084872,0.0003416596263297329,8.19248132502945e-07,0.7776405267417555,0.03965891082533771,0.4525346300287327,4.2746626081564854e-05,0.739598156092625,-0.341343694355794,0.41817239537756534,-0.22068068890034997,-0.6801119742787882,-0.42477467228342963,-0.014330012877899787,-0.027306430160117856,0.00806721638624519,-0.005286675085822388,0.0006390246214456671,1.471921547215843e-06
-10.879999999999995,0.92,0.025,0.009797958971132711,0.5248792922602417,0.5278473586035246,0.9199884556806581,0.04613833747784066,0.5347124796774165,5.060426517606769e-05,0.007665664342465678,-0.004491472093183492,0.0003367311024089822,8.216487059965152e-07,0.7786782288881091,0.03905148884124433,0.45258064279896537,4.283145004502369e-05,0.7402640406670041,-0.34241082987746246,0.41821495298625777,-0.22070305210918906,-0.6813499223260107,-0.42474712605954423,-0.01412216398955892,-0.026913127285552632,0.008067216384646912,-0.005286675082946207,0.0006297425063945405,1.477020042035949e-06
-10.71999999999997,0.92,0.025,0.009797958971132711,0.5248792922602417,0.5278473586035246,0.9212154495318464,0.045418718860522816,0.5347660512410477,5.0705273471247244e-05,0.007671758375344927,-0.004503764126554979,0.0003318017586990149,8.240471623767355e-07,0.7797167564837548,0.038442403643546515,0.4526259857704228,4.291694346606367e-05,0.7409298805042942,-0.3434798966835049,0.4182568918239375,-0.22072508773506208,-0.6825894454663005,-0.42471849577075266,-0.013914280730875608,-0.02651975888568496,0.008067216382445883,-0.005286675078985343,0.0006204616637129447,1.4821181752288994e-06
-10.560000000000002,0.92,0.025,0.009797958971132711,0.5248792922602417,0.5278473586035246,0.9224434182251479,0.044697131835641835,0.534818831303991,5.080707472822598e-05,0.007677849865323076,-0.004516077191816016,0.00032687160305658493,8.264432580831836e-07,0.7807561091857652,0.03783165238568725,0.452670658815698,4.300310804997047e-05,0.7415956736484748,-0.34455089320846904,0.4182982117068811,-0.22074679561712462,-0.6838305447956827,-0.4246887786820106,-0.013706363452848527,-0.026126325577752907,0.00806721637941478,-0.005286675073530725,0.000611182066683555,1.4872155552363871e-06
-10.399999999999977,0.92,0.025,0.009797958971132711,0.5248792922602417,0.5278473586035246,0.9236723613519874,0.043973573036134216,0.5348708197170713,5.090967088806774e-05,0.007683938790989774,-0.004528411313455523,0.0003219406432656197,8.288367499289149e-07,0.7817962866483221,0.037219232217784004,0.45271466180852915,4.3089945439660534e-05,0.7422614180475405,-0.34562381635922573,0.4183389124289164,-0.22076817556104786,-0.6850732214018445,-0.42465797205337275,-0.013498412503562776,-0.025732827973324206,0.00806721637524057,-0.005286675066019021,0.0006019036884626043,1.4923117915933188e-06
-10.240000000000009,0.92,0.025,0.009797958971132711,0.5248792922602417,0.5278473586035246,0.9249022785003513,0.04324803909103204,0.5349220163324604,5.1013063817529746e-05,0.00769002513076801,-0.004540766515780656,0.00031700888703995654,8.31227395104709e-07,0.7828372885226974,0.03660514028664952,0.4527579946237945,4.317745721515718e-05,0.7429271115205326,-0.3466986609353323,0.4183789937532144,-0.22078922732710976,-0.6863174763613017,-0.4246260731398337,-0.013290428228369849,-0.025339266678559572,0.008067216369492146,-0.005286675055674445,0.0005926265020847913,1.4974064949236821e-06
-10.079999999999984,0.92,0.025,0.009797958971132711,0.5248792922602417,0.5278473586035246,0.9261331692547581,0.0425205266254975,0.534972421003671,5.111725530845548e-05,0.007696108862869483,-0.004553142822842302,0.0003120763420260602,8.336149511831042e-07,0.7838791144572272,0.03598937373582108,0.45280065713750717,4.326564489307672e-05,0.7435927517127626,-0.34777541882980517,0.4184184554012352,-0.2208099506141576,-0.6875633107354959,-0.424593079191117,-0.013082410970089497,-0.02494564229449022,0.00806721636157583,-0.005286675041428639,0.000583350480468147,1.5024992769359751e-06
-9.920000000000016,0.92,0.025,0.009797958971132711,0.5248792922602417,0.5278473586035246,0.9273650331962184,0.04179103226087171,0.5350220335855526,5.1222247077137347e-05,0.007702189965233139,-0.004565540258332319,0.00030714301580576946,8.359991761223985e-07,0.7849217640972793,0.035371929705601816,0.4528426492268117,4.335450992608905e-05,0.7442583360349939,-0.3488540779268647,0.4184572970378434,-0.2208303450380167,-0.6888107255654087,-0.424558987451387,-0.012874361069243563,-0.02455195541731876,0.008067216350674051,-0.005286675021810345,0.0005740755964189474,1.5075897504185574e-06
-9.759999999999991,0.92,0.025,0.009797958971132711,0.5248792922602417,0.5278473586035246,0.928597869902186,0.04105955261474316,0.5350708539342853,5.1328040763707474e-05,0.007708268415440611,-0.004577958845441764,0.00030220891589902285,8.38379828270672e-07,0.7859652370852103,0.034752805333118614,0.4528839707699791,4.344405370240201e-05,0.7449238615808815,-0.3499346205821514,0.4184955182512822,-0.22085041010244338,-0.690059721864143,-0.42452379515886296,-0.012666278864330159,-0.02415820663874693,0.008067216335660913,-0.0052866749947934515,0.0005648018226365821,1.5126775292349795e-06
-9.599999999999966,0.92,0.025,0.009797958971132711,0.5248792922602417,0.5278473586035246,0.9298316789464919,0.040326084301042016,0.5351188819073771,5.143463793152554e-05,0.007714344190599764,-0.004590398606665313,0.00029727404976661253,8.407566663696308e-07,0.7870095330603107,0.034131997752401964,0.452924621646404,4.353427754524322e-05,0.7455893250148939,-0.35101702152683756,0.4185331185262347,-0.22087014516006198,-0.6913103006066894,-0.4244874995452953,-0.012458164692154697,-0.02376439654634389,0.008067216314985902,-0.005286674957587734,0.0005555291317184691,1.5177622283189326e-06
-9.439999999999998,0.92,0.025,0.009797958971132711,0.5248792922602417,0.5278473586035246,0.9310664598992564,0.03959062393017283,0.5351661173636592,5.154204006656073e-05,0.007720417267184414,-0.004602859563531453,0.00029233842481292605,8.431294495584196e-07,0.7880546516587307,0.03350950409449829,0.45296460173660114,4.3625182712337e-05,0.7462547224202175,-0.3521012449774881,0.4185700972076148,-0.22088954935986702,-0.692562462715822,-0.42445009783525833,-0.0122500188882353,-0.023370525723965165,0.00806721628651377,-0.005286674906350707,0.00054625749616494,1.5228434636691156e-06
-9.279999999999973,0.92,0.025,0.009797958971132711,0.5248792922602417,0.5278473586035246,0.9323022123267697,0.03885316810919664,0.5352125601632832,5.165024857677152e-05,0.007726487620813625,-0.0046153417362302575,0.0002874020483886898,8.454979373774248e-07,0.7891005925133779,0.032885321487624034,0.45300391092220293,4.3716770395379414e-05,0.7469200490924061,-0.35318724065073964,0.4186064534519211,-0.22090862157671234,-0.6938162090426442,-0.4244115872451929,-0.012041841787308874,-0.022976594752241113,0.00806721624730401,-0.005286674835790777,0.0005369868883841228,1.5279208523440369e-06
-9.120000000000005,0.92,0.025,0.009797958971132711,0.5248792922602417,0.5278473586035246,0.9335389357913343,0.038113713442084265,0.5352582101677185,5.175926479151926e-05,0.007732555225947876,-0.004627845143099882,0.00028246492779373486,8.47861889771986e-07,0.7901473552537854,0.032259447057380125,0.4530425490859569,4.3809041719541904e-05,0.747585299259492,-0.3542749382675276,0.41864218616192234,-0.22092736031666466,-0.695071540339771,-0.42437196498211177,-0.011833633723973608,-0.022582604209160567,0.008067216193307155,-0.005286674738620737,0.0005277172806968622,1.5329940124565775e-06
-8.95999999999998,0.92,0.025,0.009797958971132711,0.5248792922602417,0.5278473586035246,0.9347766298510456,0.03737225653006608,0.5353030672397499,5.1869089960943304e-05,0.007738620055470691,-0.004640369799918137,0.0002775270702797367,8.502210670960533e-07,0.791194939505925,0.031631877927047934,0.4530805161117243,4.3901997742942416e-05,0.748250465702467,-0.35536423997485894,0.4186772938990288,-0.2209457635900535,-0.6963284572243446,-0.42433122824184527,-0.011625395033512169,-0.022188554670777856,0.008067216118946592,-0.005286674604805179,0.0005184486453415821,1.5380625631684477e-06
-8.800000000000011,0.92,0.025,0.009797958971132711,0.5248792922602417,0.5278473586035246,0.936015294059498,0.03662879397211613,0.5353471312434762,5.197972525536825e-05,0.007744682080112641,-0.004652915718925165,0.00027258848305298757,8.525752301158001e-07,0.7922433448919591,0.031002611217999094,0.4531178118844783,4.399563945614369e-05,0.7489155392407831,-0.35645500989532947,0.4187117747657894,-0.22096382874129658,-0.6975869601270391,-0.4242893742066704,-0.01141712605296053,-0.021794446712090958,0.008067216016542592,-0.005286674420524064,0.0005091809544792089,1.5431261246844903e-06
-8.639999999999986,0.92,0.025,0.009797958971132711,0.5248792922602417,0.5278473586035246,0.9372549279653793,0.03588332236561945,0.535390402044309,5.209117176470047e-05,0.007750741267658238,-0.004665482907475121,0.0002676491732771424,8.549241400131611e-07,0.7932925710298971,0.030371644050260303,0.45315443629030316,4.408996778164248e-05,0.7495805080351247,-0.3575470597167244,0.41874562624846934,-0.22098155222097957,-0.6988470492217425,-0.4242464000421014,-0.011208827122503345,-0.02140028090814369,0.008067215875519207,-0.00528667416674543,0.000499914180198036,1.5481843182468133e-06
-8.480000000000018,0.92,0.025,0.009797958971132711,0.5248792922602417,0.5278473586035246,0.9384955311119162,0.03513583830729538,0.5354328795089712,5.22034304978404e-05,0.007756797581853929,-0.0046780713661760814,0.000262709148075992,8.572675583893682e-07,0.7943426175331258,0.02973897354329481,0.45319038921639326,4.418498357337212e-05,0.7502453566427867,-0.3586401288202924,0.41877884500628987,-0.2209989292808142,-0.7001087243285902,-0.4242023028925471,-0.011000498587309946,-0.02100605783543356,0.00806721568131199,-0.005286673817259843,0.0004906482945186369,1.5532367661288648e-06
-8.319999999999993,0.92,0.025,0.009797958971132711,0.5248792922602417,0.5278473586035246,0.9397371030361155,0.034386338394470854,0.5354745635054983,5.231650238208744e-05,0.007762850980904524,-0.00469068108632386,0.0002577684145362138,8.596052472684037e-07,0.7953934840097682,0.029104596817080133,0.4532256705510538,4.428068761619881e-05,0.7509100647383199,-0.3597338568785475,0.418811426589501,-0.22101595356573847,-0.7013719847802575,-0.4241570798754405,-0.010792140799958116,-0.02061177807372439,0.00806721541386385,-0.0052866733359735645,0.00048138326939873053,1.5582830916293192e-06
-8.159999999999968,0.92,0.025,0.009797958971132711,0.5248792922602417,0.5278473586035246,0.9409796432677197,0.033634819226838426,0.535515453903237,5.243038826255606e-05,0.0077689014154029195,-0.004703312046361755,0.0002528269797101455,8.619369691004004e-07,0.7964451700617979,0.028468510993596045,0.4532602801836998,4.4377080625427455e-05,0.75157460538139,-0.36082774606883294,0.418843365062584,-0.22103261656896103,-0.7026368292375811,-0.4241107280732992,-0.010583754123647208,-0.0202174422084055,0.008067215045553605,-0.005286672673180917,0.00047211907673808573,1.5633229190658146e-06
-8.0,0.92,0.025,0.009797958971132711,0.5248792922602417,0.5278473586035246,0.9422231513277741,0.032881277408882546,0.5355555505728471,5.254508890158734e-05,0.007774948825479556,-0.004715964206996476,0.0002478848506185448,8.642624867650313e-07,0.7974976752838281,0.027830713198878188,0.4532942180048578,4.447416324630353e-05,0.7522389426723842,-0.36192110896717106,0.4188746525011216,-0.22104890690458273,-0.7039032554353153,-0.4240632445229957,-0.010375338936465337,-0.01982305083357869,0.00806721453834337,-0.005286671760430859,0.00046285568838339567,1.5683558737686356e-06
-7.839999999999975,0.92,0.025,0.009797958971132711,0.5248792922602417,0.5278473586035246,0.9434676267266544,0.03212570955322754,0.5355948533863024,5.2660604978187515e-05,0.007780993136877512,-0.004728637504460143,0.00024294203425334802,8.665815635748205e-07,0.7985509992614404,0.027191200565851795,0.4533274839061664,4.4571936053537915e-05,0.752903028580514,-0.3630129966964704,0.4189052783206491,-0.22106480933772646,-0.7051712598315395,-0.42401462620126135,-0.010166895637066195,-0.01942860455611979,0.008067213839850124,-0.005286670503457595,0.00045359307613314554,1.5733815820741856e-06
-7.680000000000007,0.92,0.025,0.009797958971132711,0.5248792922602417,0.5278473586035246,0.9447130689613564,0.03136811228525714,0.5356333622168923,5.277693708743802e-05,0.007787034255548319,-0.0047413318412146774,0.00023799853758044653,8.688939632784678e-07,0.7996051415688922,0.026549970238241644,0.4533600777803776,4.4670399550807544e-05,0.7535667986538631,-0.3641020998457742,0.4189352283823082,-0.2210803034927107,-0.7064408371242119,-0.4239648700051072,-0.009958424652229165,-0.019034104001043745,0.008067212877935789,-0.005286668772445166,0.0004443312117425103,1.578399671318467e-06
-7.519999999999982,0.92,0.025,0.009797958971132711,0.5248792922602417,0.5278473586035246,0.9459594775117657,0.03060848224948886,0.5356710769392242,5.2894085739954774e-05,0.007793072060210974,-0.004754047073127767,0.00023305436754243728,8.711994500640478e-07,0.8006601017659585,0.02590701937596737,0.4533919995213594,4.476955417029772e-05,0.7542301662195521,-0.3651866118428711,0.4189644838024278,-0.2210953621343955,-0.7077119795845219,-0.42391397272539216,-0.009749926446929907,-0.01863954981860553,0.008067211553257042,-0.005286666388620548,0.00043507006692820025,1.5834097698302508e-06
-7.360000000000014,0.92,0.025,0.009797958971132711,0.5248792922602417,0.5278473586035246,0.9472068518355238,0.029846816118368272,0.5357079974292258,5.3012051361307006e-05,0.007799106392106536,-0.004766782991781113,0.00022810953106139944,8.734977885622688e-07,0.8017158793935873,0.025262345162586908,0.45342324902409675,4.4869400272210254e-05,0.7548930145456877,-0.36626404055162587,0.4189930193699102,-0.22110994888448185,-0.7089846761376172,-0.42386193101115643,-0.009541401537759217,-0.0182449426937203,0.008067209729005532,-0.005286663105790733,0.00042580961337335306,1.5884115069243503e-06
-7.199999999999989,0.92,0.025,0.009797958971132711,0.5248792922602417,0.5278473586035246,0.9484551913609638,0.029083110604402832,0.5357441235641491,5.3130834291471954e-05,0.007805137040891368,-0.004779539300063348,0.00022316403504164234,8.757887438496361e-07,0.8027724739679198,0.02461594481556656,0.4534538261846959,4.496993814430186e-05,0.755555186253245,-0.367330948474594,0.41902080144493753,-0.2211240151910318,-0.71025891109498,-0.4238087413215142,-0.009332850510796645,-0.017850283358467434,0.008067207216778826,-0.005286658584917029,0.0004165498227323666,1.5934045128946433e-06
-7.039999999999964,0.92,0.025,0.009797958971132711,0.5248792922602417,0.5278473586035246,0.9497044954773863,0.028317362476901795,0.5357794552225726,5.3250434784290006e-05,0.007811163725213805,-0.004792315578498722,0.00021821788637247893,8.78072081451598e-07,0.8038298849720599,0.02396781560044968,0.4534837309003855,4.5071168001423065e-05,0.7562164690191735,-0.36838259450668626,0.419047785172874,-0.22113749631274376,-0.7115346624064379,-0.42375439986079894,-0.00912427404541007,-0.017455572608702168,0.008067203757123005,-0.00528665235910084,0.000407290666635781,1.598388419007037e-06
-6.8799999999999955,0.92,0.025,0.009797958971132711,0.5248792922602417,0.5278473586035246,0.9509547635216719,0.02754956858507169,0.5358139922844071,5.337085300692184e-05,0.007817186065970651,-0.00480511123879531,0.00021327109193097966,8.803475673456632e-07,0.8048881118447431,0.02331795485040468,0.45351296306952216,4.5173089985058646e-05,0.7568765762803877,-0.36941243993502176,0.419073910795737,-0.22115030600588223,-0.7128118992497952,-0.4236989024911765,-0.008915672945922519,-0.017060811326120653,0.008067198992737432,-0.005286643785365065,0.00039803211669511585,1.6033628574923186e-06
-6.71999999999997,0.92,0.025,0.009797958971132711,0.5248792922602417,0.5278473586035246,0.9522059947598519,0.02677972588987825,0.5358477346308986,5.349208903931199e-05,0.007823203549484835,-0.004817925459761938,0.0002083236585847238,8.826149679644676e-07,0.8059471539647387,0.022666359993192952,0.45354152259159264,4.527570416287367e-05,0.7575351212029363,-0.3704114672446273,0.41909909877685175,-0.22116232950645726,-0.7140905787070756,-0.4236422446149605,-0.008707048183713133,-0.016666000507563065,0.008067192431574548,-0.005286631978251703,0.00038877414450770543,1.6083274615388922e-06
-6.560000000000002,0.92,0.025,0.009797958971132711,0.5248792922602417,0.5278473586035246,0.9534581883617379,0.02600783150800382,0.5358806821446349,5.361414287367571e-05,0.007829215476806109,-0.004830757098902208,0.00020337559319456768,8.848740501988772e-07,0.807007010629375,0.022013028588374436,0.453569409367219,4.537901052827912e-05,0.7581915815831701,-0.37136724080093125,0.4191232433681873,-0.221173414277479,-0.7153706411812808,-0.42358442101621646,-0.00849840095313565,-0.01627114130390848,0.008067183396024013,-0.00528661571837883,0.0003795167216615596,1.6132818652855048e-06
-6.399999999999977,0.92,0.025,0.009797958971132711,0.5248792922602417,0.5278473586035246,0.9547113433659906,0.025233882772489603,0.5359128347095496,5.37370144139725e-05,0.007835220893905486,-0.004843604570454649,0.00019842690261738158,8.871245814009587e-07,0.8080676810249745,0.0213579583786352,0.45359662329816286,4.548300899998633e-05,0.7588452525466544,-0.37226261160809704,0.4191462041392359,-0.22118335783364373,-0.7166520040764177,-0.4235254256477012,-0.008289732745702499,-0.01587623507165481,0.008067170952933652,-0.005286593326514784,0.00037025981974016665,1.6182257038137195e-06
-6.240000000000009,0.92,0.025,0.009797958971132711,0.5248792922602417,0.5278473586035246,0.9559654586320278,0.02445787731639606,0.5359441922109291,5.3860703475390444e-05,0.007841218495563856,-0.004856465677145499,0.00019347759370881226,8.893663293870433e-07,0.8091291641861483,0.020701147360597628,0.45362316428733046,4.5587699421570474e-05,0.7594951828375704,-0.37307393129351235,0.41916779484493555,-0.22119189175493462,-0.7179345530827438,-0.4234652513444484,-0.008081045448378519,-0.015481283441256951,0.008067153817240965,-0.005286562490167737,0.00036100341032734034,1.6231586131405008e-06
-6.079999999999984,0.92,0.025,0.009797958971132711,0.5248792922602417,0.5278473586035246,0.9572205327738122,0.023679813188217373,0.5359747545354187,5.398520978385376e-05,0.007847206493042807,-0.004869337378089656,0.00018852767332601706,8.9159906244065e-07,0.8101914589397547,0.020042593882507186,0.4536490322387784,4.569308156105383e-05,0.7601400890554643,-0.37376858939297947,0.41918776883061226,-0.22119866074599043,-0.7192181301598672,-0.4234038894390103,-0.007872341473631828,-0.01508628840755169,0.008067130219264473,-0.0052865200247878595,0.0003517474650120137,1.6280802302104942e-06
-5.920000000000016,0.92,0.025,0.009797958971132711,0.5248792922602417,0.5278473586035246,0.9584765640686902,0.02289968901110003,0.5360045215710292,5.4110532975528995e-05,0.007853182431891783,-0.0048822154686128825,0.00018357714833041743,8.93822549315537e-07,0.8112545638277394,0.019382296778995067,0.4536742270577191,4.579915511048774e-05,0.7607782402766272,-0.3743016176016068,0.4192057999455893,-0.22120319527764354,-0.7205025169666247,-0.42334132924494794,-0.0076636239312356455,-0.014691252449244734,0.008067097721952823,-0.005286461544932076,0.000342491955393067,1.6329901928885076e-06
-5.759999999999991,0.92,0.025,0.009797958971132711,0.5248792922602417,0.5278473586035246,0.9597335503318788,0.022117504202488314,0.5360334932071446,5.423667259632168e-05,0.00785914294110592,-0.004895094138580838,0.0001786260255904255,8.960365592385026e-07,0.8123184770009022,0.018720255556986108,0.4536987486505272,4.590591968552668e-05,0.7614073029341517,-0.3746110076060831,0.41922145765422414,-0.22120487594722862,-0.7217874120127785,-0.42327755736398,-0.007454896854831288,-0.014296178686543565,0.008067052969224487,-0.005286381011453563,0.00033323685308410406,1.6378881399514934e-06
-5.599999999999966,0.92,0.025,0.009797958971132711,0.5248792922602417,0.5278473586035246,0.960991488743662,0.02133325927712505,0.5360616693345296,5.4363628101440326e-05,0.007865083387774635,-0.004907965363153344,0.00017367431198418777,8.982408619124484e-07,0.8133831960726355,0.01805647065215864,0.45372259692474587,4.6013374825059094e-05,0.7620241324122765,-0.37461125536649637,0.4192341746833226,-0.22120288720066414,-0.7230723991543435,-0.4232125567573257,-0.007246165500145527,-0.013901071088746967,0.008066991339420418,-0.005286270107995299,0.00032398212971826055,1.6427737110809463e-06
-5.439999999999998,0.92,0.025,0.009797958971132711,0.5248792922602417,0.5278473586035246,0.9622503756114759,0.02054695626503022,0.5360890498453378,5.449139885488745e-05,0.00787099740162517,-0.004920818062421104,0.0001687220144023111,9.004352275192285e-07,0.8144487179175532,0.01739094378272158,0.4537457717890939,4.6121519990776736e-05,0.7626244932583006,-0.37418446043529524,0.4192432051180375,-0.22119615745768892,-0.7243569041539186,-0.4231463055020481,-0.0070374367367081634,-0.013505934747073714,0.008066906468103865,-0.0052861173824774975,0.0003147277569529778,1.6476465468549084e-06
-5.279999999999973,0.92,0.025,0.009797958971132711,0.5248792922602417,0.5278473586035246,0.9635102060423557,0.019758599288069934,0.5361156346331206,5.461998412902735e-05,0.0078768762204689,-0.0049336369423201,0.00016376913975058033,9.026194267225311e-07,0.8155150383942499,0.016723678437422392,0.4537682731534733,4.623035456680875e-05,0.7632026838627639,-0.3731680550675893,0.4192475703463246,-0.22118328196007134,-0.7256401347864749,-0.42307877512707587,-0.006828719561213149,-0.013110776232436502,0.008066789590970323,-0.005285907065073028,0.00030547370647476005,1.6525062887399561e-06
-5.1200000000000045,0.92,0.025,0.009797958971132711,0.5248792922602417,0.5278473586035246,0.9647709734919839,0.018968195355255173,0.5361414235928359,5.474938310413165e-05,0.00788270778912887,-0.004946400896074595,0.00015881569495269026,9.04793230670747e-07,0.8165821519636153,0.01605468054868798,0.4537901009289763,4.633987785933703e-05,0.7637510334270843,-0.3713378883921903,0.4192459896517721,-0.22116242381519033,-0.7269209982611823,-0.42300992838902934,-0.006620025768611,-0.012715604063446,0.008066628639093772,-0.005285617440895771,0.0002962199500039595,1.6573525790831412e-06
-4.9599999999999795,0.92,0.025,0.009797958971132711,0.5248792922602417,0.5278473586035246,0.9660326691438675,0.018175755459684383,0.5361664166208581,5.487959486794317e-05,0.007888475519081993,-0.004959080799791302,0.00015386168695294533,9.069564109998921e-07,0.8176500511633695,0.015383959421076862,0.45381125502789427,4.64500890962271e-05,0.7642592284043332,-0.36838491000268253,0.41923679157305277,-0.22113118773978627,-0.7281979873745447,-0.42293971630242666,-0.006411370826962161,-0.012320429316900578,0.00806640699323682,-0.00528521860990841,0.0002869664592994998,1.6621850611039886e-06
-4.800000000000011,0.92,0.025,0.009797958971132711,0.5248792922602417,0.5278473586035246,0.9672952810546941,0.017381296091421625,0.5361906136149873,5.501061841525549e-05,0.00789415658120814,-0.004971636473062836,0.00014890712271898037,9.091087398364044e-07,0.8187187258846931,0.014711529011779264,0.4538317353637253,4.656098742667225e-05,0.7647134115596614,-0.3638830361024826,0.41921780141083154,-0.22108645994743703,-0.7294690235669901,-0.4228680741789083,-0.006202775014421566,-0.01192526642165953,0.00806610176889158,-0.005284669403780995,0.0002777132061636392,1.6670033788862197e-06
-4.639999999999986,0.92,0.025,0.009797958971132711,0.5248792922602417,0.5278473586035246,0.9685587929778691,0.01658484132379556,0.5362140144744606,5.514245264748161e-05,0.007899719556171227,-0.004984012489197736,0.00014395200924444837,9.112499898000198e-07,0.8197881623764685,0.014037409696460562,0.4538515418511835,4.667257192082844e-05,0.7650949783246757,-0.357244873188537,0.4191861995267285,-0.22102420652938845,-0.7307312405919159,-0.42279491635154137,-0.005994264891853618,-0.011530134187330846,0.008065681455538485,-0.005283913143332601,0.00026846016244667323,1.6718071773695983e-06
-4.480000000000018,0.92,0.025,0.009797958971132711,0.5248792922602417,0.5278473586035246,0.9698231827441858,0.015786425690037964,0.5362366190999622,5.527509637227431e-05,0.007905121201247183,-0.004996132401377362,0.00013899635355172943,9.133799340066174e-07,0.8208583418746789,0.013361630704048133,0.45387067440620804,4.678484156949298e-05,0.7653789709208831,-0.3476607288805606,0.4191383444536953,-0.22093922166757018,-0.7319806863687197,-0.4227201291576038,-0.005785875202900155,-0.011135057131863035,0.008065102667455634,-0.005282871802283068,0.00025920730005167666,1.6765961023416563e-06
-4.319999999999993,0.92,0.025,0.009797958971132711,0.5248792922602417,0.5278473586035246,0.9710884200331507,0.014986098148851377,0.536258427393635,5.540854830310422e-05,0.007910302002309988,-0.00500789078906171,0.00013404016269460487,9.154983460710147e-07,0.8219292387160587,0.012684233473187806,0.4538891329459727,4.6897795283747414e-05,0.7655319392043904,-0.33401463530096387,0.4190695545182757,-0.22082481629116796,-0.7332119121602508,-0.4226435616197748,-0.005577651315127743,-0.010740067186947574,0.008064305672678485,-0.005281437981929313,0.00024995459093918125,1.6813698004293225e-06
-4.159999999999968,0.92,0.025,0.009797958971132711,0.5248792922602417,0.5278473586035246,0.9723544633061403,0.014183927549582313,0.5362794392590922,5.5542807058904086e-05,0.007915180056324139,-0.005019142307872039,0.00012908344376094902,9.176050001098349e-07,0.8230008177423171,0.01200527627796647,0.4539069173888956,4.701143189465642e-05,0.7655090964285594,-0.3147687852476637,0.41897384199460974,-0.2206724376703571,-0.7344174066500317,-0.4225650130931283,-0.005369652341307686,-0.01034520587695459,0.008063208242460217,-0.005279463881870446,0.00024070200713188766,1.6861279190906198e-06
-4.0,0.92,0.025,0.009797958971132711,0.5248792922602417,0.5278473586035246,0.973621255587023,0.013380010161180806,0.5362996546014287,5.567787116367372e-05,0.007919642661154407,-0.005029686625647311,0.00012412620387539862,9.196996707443499e-07,0.8240730307288563,0.011324840600423434,0.4539240276546493,4.712575015293344e-05,0.765250545967367,-0.28780462219455993,0.4188435953150076,-0.2204712114434448,-0.7355868166624459,-0.4224842169240236,-0.005161955108707507,-0.00995052708522636,0.00806169719380409,-0.005276746154149235,0.00023144952071933682,1.6908701066063093e-06
-3.839999999999975,0.92,0.025,0.009797958971132711,0.5248792922602417,0.5278473586035246,0.9748887186587538,0.012574480038774214,0.5363190733272349,5.581373904615362e-05,0.007923534759932594,-0.005039247721258317,0.00011916845020201332,9.21782133103226e-07,0.8251458114727692,0.010643039904818494,0.4539404636641717,4.724074872866443e-05,0.76467628925809,-0.2502045578843802,0.41866920843606825,-0.2202074004703723,-0.7367058746561621,-0.42240081888598835,-0.00495465917575637,-0.009556100539447306,0.008059616766345427,-0.005273005126656195,0.0002221971038625658,1.695596012071291e-06
-3.680000000000007,0.92,0.025,0.009797958971132711,0.5248792922602417,0.5278473586035246,0.9761567450843456,0.011767523286879744,0.5363376953446083,5.5950409039443495e-05,0.007926643075813254,-0.005047445478563752,0.00011421018994694299,9.238521628254229e-07,0.8262190690393901,0.009960031710015017,0.4539562253396765,4.7356426210984974e-05,0.7636796439731106,-0.1979525754866081,0.4184386635082827,-0.2198637808375779,-0.737754923732212,-0.42231434880589774,-0.004747893127978507,-0.009162016162541824,0.008056752661094645,-0.005267856344808121,0.00021294472879877796,1.7003052853862877e-06
-3.519999999999982,0.92,0.025,0.009797958971132711,0.5248792922602417,0.5278473586035246,0.9774251872424121,0.010959397664109605,0.5363555205631676,5.608787938069736e-05,0.007928674353002627,-0.005053756787473182,0.00010925143036106597,9.259095360629987e-07,0.8272926784819776,0.00927603418290237,0.45397131260466506,4.7472781107822244e-05,0.7621186042600104,-0.1255244128605042,0.41813708573249264,-0.21941894595160535,-0.7387068911560715,-0.4222241833620161,-0.004541822415823699,-0.008768389441858215,0.008052810145438974,-0.005260771671617819,0.00020369236784596064,1.7049975772492962e-06
-3.3600000000000136,0.92,0.025,0.009797958971132711,0.5248792922602417,0.5278473586035246,0.978693842271231,0.010150459492106165,0.5363725488940658,5.622614821079213e-05,0.007929225558331402,-0.005057462427420112,0.00010429217874264067,9.279540294839283e-07,0.82836646809837,0.00859134891411866,0.45398572538393733,4.758981184561446e-05,0.7598045646573445,-0.02532819098959499,0.417746311161125,-0.21884656727690846,-0.7395245080713793,-0.4221294975213343,-0.004336659021387735,-0.00837536795826221,0.008047384063065268,-0.005251026267257779,0.00019443999340753006,1.7096725391470472e-06
-3.1999999999999886,0.92,0.025,0.009797958971132711,0.5248792922602417,0.5278473586035246,0.9799624314152661,0.009341200518741518,0.5363887802500047,5.636521357401368e-05,0.007927743155559826,-0.005057574823920622,9.933244243992404e-05,9.299854202749105e-07,0.8294402019498812,0.00790639211906282,0.453999463603604,4.770751676904518e-05,0.7564877158562863,0.11305607355762269,0.41724454457587823,-0.21811466813681013,-0.740156502347416,-0.4220292015001722,-0.0041326732520985355,-0.007983139173100161,0.008039917840283921,-0.00523762661106129,0.00018518757797691615,1.714329823346411e-06
-3.0399999999999636,0.92,0.025,0.009797958971132711,0.5248792922602417,0.5278473586035246,0.981230571732187,0.00853229828268185,0.5364042145452489,5.6505073417778606e-05,0.007923467601298667,-0.005052740336085094,9.437222885380583e-05,9.320034861442524e-07,0.8305135559141231,0.007221737266461919,0.4540125271910987,4.782589414080781e-05,0.7518383274415337,0.3039046557434253,0.4166062437397424,-0.21718500959601902,-0.7405323992152458,-0.4219218595244331,-0.003930207947415301,-0.0075919394701559565,0.008029647611178066,-0.005219213334912543,0.00017593509414217924,1.7189690828859127e-06
-2.8799999999999955,0.92,0.025,0.009797958971132711,0.5248792922602417,0.5278473586035246,0.9824977374083598,0.007724684668149066,0.5364188516956412,5.664572559234487e-05,0.007915357994225781,-0.0050411081316327445,8.941154544041494e-05,9.340080053247108e-07,0.8315860849424358,0.00653817310312137,0.45402491607519074,4.79449421413607e-05,0.7454231095282603,0.5667293723395466,0.41580246109601093,-0.21601275107695794,-0.7405554469372742,-0.4218055861417407,-0.0037296953359946755,-0.007202064251756302,0.00801552636154927,-0.005193931091063629,0.00016668251459057743,1.7235899715671454e-06
-2.7199999999999704,0.92,0.025,0.009797958971132711,0.5248792922602417,0.5278473586035246,0.98376320700517,0.006919638734961026,0.5364326916186177,5.6787167850548006e-05,0.007901990336134309,-0.005020156190850903,8.445039971371714e-05,9.359987565762729e-07,0.8326571784091759,0.005856782225271012,0.45403663018599805,4.806465886870384e-05,0.7366759879856984,0.928107122477615,0.4148020242035232,-0.21454664222966205,-0.7400930412285304,-0.4216779156196881,-0.0035316766778676865,-0.006813878528895421,0.007996121516649586,-0.005159256238580078,0.00015742981211312049,1.7281921439460418e-06
-2.5600000000000023,0.92,0.025,0.009797958971132711,0.5248792922602417,0.5278473586035246,0.9850259917808688,0.006118911503679887,0.5364457342332233,5.692939784753878e-05,0.007881421209146687,-0.004986464160430608,7.948879924811838e-05,9.379755191890945e-07,0.8337259994433274,0.005179046696714657,0.4540476694550002,4.8185042338156825e-05,0.7248631146874126,1.4240675127520857,0.41357417268983787,-0.21273014120358727,-0.7389638582851107,-0.42153564048170183,-0.003336824645541516,-0.0064278268215865976,0.007969477751485913,-0.00511177241162855,0.0001481769596091372,1.7327752553244158e-06
-2.3999999999999773,0.92,0.025,0.009797958971132711,0.5248792922602417,0.5278473586035246,0.9862847387901549,0.005324891967220072,0.5364579794601269,5.7072413140568846e-05,0.007851007079175945,-0.004935423933930551,7.45267516810339e-05,9.39938072986334e-07,0.8347914029119872,0.0045069885610550696,0.4540580338150514,4.830609048217748e-05,0.7090430806593724,2.1031341990560177,0.41209364061772025,-0.21050406345372943,-0.7369207428201547,-0.4213746172712061,-0.003145968106940076,-0.00604444013171476,0.007932935239108525,-0.005046885307348167,0.0001389239300907821,1.7373389617412795e-06
-2.240000000000009,0.92,0.025,0.009797958971132711,0.5248792922602417,0.5278473586035246,0.9875376008056311,0.004540824693786072,0.5364694272216394,5.7216211188742555e-05,0.007807168471279412,-0.004860884462277673,6.956426471547174e-05,9.418861983270129e-07,0.8358518253218862,0.0038433540208205313,0.45406772320039557,4.84278011501517e-05,0.6880256419526894,3.030056552759763,0.4103497556474266,-0.20781169506062938,-0.7336282852919577,-0.42118954257998503,-0.0029601185185335038,-0.005664335997160699,0.007882892666330113,-0.004958473775541011,0.00012967069668757213,1.7418829199641894e-06
-2.079999999999984,0.92,0.025,0.009797958971132711,0.5248792922602417,0.5278473586035246,0.9887820634159403,0.0037710889370540517,0.5364800774417291,5.736078935282391e-05,0.007745089106141914,-0.004754741936527068,6.46013461225778e-05,9.438196761089552e-07,0.8369051384752519,0.0031918496763225497,0.45407673754667954,4.855017210823016e-05,0.6603366664547815,4.290114806409689,0.4083620438881231,-0.20460786419376364,-0.7286340687742893,-0.4209737125640429,-0.0027804964115042278,-0.005288204739441868,0.00781450535938218,-0.004838488993932996,0.00012041723265085549,1.7464067874807228e-06
-1.920000000000016,0.92,0.025,0.009797958971132711,0.5248792922602417,0.5278473586035246,0.9900147183845599,0.0030215451706750752,0.5364899300460396,5.7506144895031935e-05,0.007658344967377512,-0.004606517823726276,5.963800374419964e-05,9.457382877716334e-07,0.8379484576406916,0.002557435832459384,0.45408507679096793,4.867320103915503e-05,0.6242047411951874,5.993553439156739,0.40620628323951957,-0.20087450239585597,-0.7213329767095757,-0.4207187983474289,-0.0026085552012225675,-0.004916770233480043,0.007721314071652108,-0.004676544739178646,0.00011116351135831883,1.7509102224897499e-06
-1.759999999999991,0.92,0.025,0.009797958971132711,0.5248792922602417,0.5278473586035246,0.991230972431244,0.0022999438577513544,0.5364989849619064,5.765227497887578e-05,0.007538471076939139,-0.004403027053884852,5.467424549540729e-05,9.476418152991838e-07,0.838977895065805,0.0019466724812007463,0.4540927408717576,4.879688554212046e-05,0.5775975898540076,8.279070838594736,0.40405726356479504,-0.19664732997807846,-0.7109250932112485,-0.4204147034736961,-0.0024459971095375545,-0.004550705582348188,0.00759481337271132,-0.004459601062918574,0.00010190950631841854,1.755392883893009e-06
-1.599999999999966,0.92,0.025,0.009797958971132711,0.5248792922602417,0.5278473586035246,0.9924246837539175,0.0016163673049657816,0.5365072421183752,5.7799176668982124e-05,0.007374500662056128,-0.0041283421272888575,4.971007936703055e-05,9.495300412232029e-07,0.8399882523293157,0.0013680932869230375,0.45409972972899276,4.892122313262647e-05,0.5183556634556495,11.314209117162955,0.40225817993852786,-0.19206287883480203,-0.6963701874716174,-0.4200496252965247,-0.0022947706145989705,-0.004190470754503962,0.007423996385630881,-0.00417194584142913,9.265519117484654e-05,1.7598544312862538e-06
-1.4399999999999977,0.92,0.025,0.009797958971132711,0.5248792922602417,0.5278473586035246,0.9935877277523575,0.0009836305342131042,0.5365147014462204,5.7946846930945647e-05,0.007152560867030731,-0.0037644184631962247,4.4745513428165386e-05,9.514027486258362e-07,0.8409726527695954,0.0008325448841579714,0.45410604330408094,4.90462112423524e-05,0.44449582156810374,15.288815522437286,0.4014321559916707,-0.1874455825794221,-0.6763463851323298,-0.4196105274019886,-0.0021570259067998244,-0.0038360167079381753,0.007194963230295956,-0.0037958355798674826,8.340053971094287e-05,1.7642945249509273e-06
-1.2799999999999727,0.92,0.025,0.009797958971132711,0.5248792922602417,0.5278473586035246,0.9947095128776955,0.00041749251431408974,0.5365213628779627,5.8095282631209023e-05,0.006855689760570536,-0.0032929523442768046,3.978055582866835e-05,9.5325972114265e-07,0.8419221316996816,0.0003533656641154456,0.45411168153990766,4.917184721905532e-05,0.35478444793299724,20.395584392066954,0.40265852204019603,-0.1834797365677453,-0.6492282893333696,-0.4190843465786475,-0.002034972045721118,-0.0034862626353155354,0.006890761945549494,-0.003313358466103491,7.414552585409053e-05,1.7687128258454193e-06
-1.1200000000000045,0.92,0.025,0.009797958971132711,0.5248792922602417,0.5278473586035246,0.9957765025836609,-6.357790383179958e-05,0.5365272263478889,5.824448053694092e-05,0.00646415218692457,-0.0026992205258680505,3.481521480165506e-05,9.55100742965682e-07,0.8428252317868107,-5.381233780323517e-05,0.45411664438085314,4.92981283264668e-05,0.2496894168091832,26.789812816996935,0.40773898598737257,-0.18157235987440587,-0.613110810734374,-0.41846038715668,-0.001930494157304819,-0.003138192527556708,0.006491742356296915,-0.00271025454757613,6.489012368012224e-05,1.7731089955966387e-06
-0.9599999999999795,0.92,0.025,0.009797958971132711,0.5248792922602417,0.5278473586035246,0.9967718537963008,-0.0004394574183225796,0.5365322917920698,5.839443731592681e-05,0.005956653279063872,-0.0019785905040169745,2.9849498665959344e-05,9.569255988464316e-07,0.8436676970531891,-0.00037195675886823144,0.45412093177280793,4.942505174420045e-05,0.1327770043636429,34.52108983462646,0.41954251167133194,-0.1846630822891012,-0.5659173618123193,-0.4177344329834804,-0.0018441642534354234,-0.0027853404576936446,0.005976818487233992,-0.0019823633053733854,5.56343074176592e-05,1.7774826964914689e-06
-0.8000000000000114,0.92,0.025,0.009797958971132711,0.5248792922602417,0.5278473586035246,0.9976753524121262,-0.0006906876513183714,0.5365365591483813,5.8545149536509595e-05,0.005312901905414463,-0.0011456962006273386,2.488341582860717e-05,9.587340740988745e-07,0.8444324182816237,-0.0005845980280758695,0.45412454366318994,4.9552614567701724e-05,0.012458918610531297,43.43679013374015,0.44218610631189426,-0.1990873159729746,-0.505637939096133,-0.41691500961239764,-0.0017726934231820182,-0.0024154407165511626,0.005326073765265193,-0.001144678521411349,4.637805145248191e-05,1.7818335914682496e-06
-0.6399999999999864,0.92,0.025,0.009797958971132711,0.5248792922602417,0.5278473586035246,0.9984638902759929,-0.0008023739857136442,0.5365400283565226,5.8696613667502876e-05,0.004517812163920076,-0.00024448140286120285,1.9916974787249367e-05,9.605259546025368e-07,0.8450998367296004,-0.0006791293415080284,0.45412748000096076,4.968081380817444e-05,-0.09641900920777628,53.075702579648784,0.4797390861250383,-0.23873664116313909,-0.43072944928621415,-0.4160320245576328,-0.0017024488290081849,-0.0020076748224754203,0.004524956543312928,-0.00024122123773328297,3.7121330331829665e-05,1.7861613441083634e-06
-0.4800000000000182,0.92,0.025,0.009797958971132711,0.5248792922602417,0.5278473586035246,0.9991127352416235,-0.000769473621347823,0.536542699358038,5.884882607815499e-05,0.0035670706325386646,0.0006455542428126558,1.495018413260647e-05,9.623010268055605e-07,0.8456490191085102,-0.0006512824731087975,0.45412974073664336,4.980964639255038e-05,-0.17280726798424614,62.599757938495316,0.5280828185652421,-0.3325321022011872,-0.3406588282144639,-0.41514960217747937,-0.0015940905355420355,-0.0015337145099328597,0.0035697386422606555,0.0006488767880395374,2.7864118768727942e-05,1.790465618627799e-06
-0.3199999999999932,0.92,0.025,0.009797958971132711,0.5248792922602417,0.5278473586035246,0.9995977207662596,-0.0006023229587542178,0.5365445720963353,5.9001783038106984e-05,0.0024728325523327567,0.0014139680817710017,9.98305255087303e-06,9.64059077727786e-07,0.8460595108565622,-0.00050980615228957,0.4541313258223382,4.993910916345375e-05,-0.19459202089989264,70.83985251135293,0.5450746733052464,-0.5253633246043713,-0.23648339176696,-0.41439196163646763,-0.0013550796548983507,-0.0009809661659622474,0.002472974472886216,0.0014160272494292902,1.860639164624592e-05,1.7947460798687474e-06
-0.15999999999996817,0.92,0.025,0.009797958971132711,0.5248792922602417,0.5278473586035246,0.9998981716327267,-0.0003301570645296568,0.5365456465167088,5.915548071738655e-05,0.0012672860485196079,0.0019402258511103836,5.0155888261324054e-06,9.657998949639006e-07,0.8463138124699399,-0.00027944493941790154,0.45413223521174234,5.006919887919598e-05,-0.13480314845785282,76.51841407832015,0.4023737758429502,-0.8128712821803824,-0.12130580036060808,-0.41393984998267996,-0.0008379661657962223,-0.0004385995574179738,0.0012667742594697148,0.0019408417183246248,9.348124021779004e-06,1.7990023932912988e-06
0.0,0.92,0.025,0.009797958971132711,0.5248792922602417,0.5278473586035246,1.0,6.092763912293774e-17,0.5365459225663581,5.930991518640545e-05,8.410316259390434e-07,0.002127919683347874,4.780184274026615e-08,9.675232666865877e-07,0.8464,5.156915375365451e-17,0.45413246886016556,5.019991221377358e-05,0.03179964091108589,78.55203820051128,0.001899494152647029,-0.9803072373092218,-0.00016353746879454933,-0.41377112118020676,-9.242738578518752e-06,-0.00018707572992967053,8.410316259391731e-07,0.002127919683347874,8.929113127923335e-08,1.8032342249651619e-06
0.160000000000025,0.92,0.025,0.009797958971132711,0.5248792922602417,0.5278473586035246,0.9998982234051146,0.0003302192698036422,0.5365454001944122,5.946508241598174e-05,-0.0012660223980031056,0.0019401115318881076,-4.9202994123076925e-06,9.69228981649666e-07,0.846313856290089,0.00027949758996180274,0.4541320267245505,5.033124575688695e-05,0.1681968750906394,76.4915600129447,-0.3994470059370171,-0.8145931707399862,0.12108681089561711,-0.41385142963819177,0.0008208851832070271,-0.00043412877129606205,-0.001265510331899701,0.0019407269483662434,-9.17013160653789e-06,1.8074412415613392e-06
0.3199999999999932,0.92,0.025,0.009797958971132711,0.5248792922602417,0.5278473586035246,0.9995978785065736,0.0006024987494938046,0.5365440793519481,5.9620978277372205e-05,-0.0024719918739639223,0.001414315095110969,-9.888705847006673e-06,9.709168291913257e-07,0.8460596443679639,0.0005099549415715563,0.45413090876348894,5.0463196013967835e-05,0.21261696190894921,70.82545094045956,-0.5435975641616175,-0.5274476368679554,0.23633257510441352,-0.41437050546481835,0.001340925964888708,-0.0009739930351303222,-0.002472132607992283,0.0014163741063867778,-1.8430168585977634e-05,1.811623110344008e-06
0.4800000000000182,0.92,0.025,0.009797958971132711,0.5248792922602417,0.5278473586035246,0.9991129995730736,0.0007697861351205031,0.5365419599920151,5.977759854233703e-05,-0.003566431339298888,0.0006463822200179633,-1.4857408262014046e-05,9.725865992373657e-07,0.8456492428386496,0.0006515469847659938,0.4541291149372416,5.059575940623407e-05,0.18897858498598682,62.59100867465298,-0.5275044267374411,-0.33420963442455237,0.340507222309771,-0.41518170842296437,0.0015826483304464231,-0.0015260300079560519,-0.00356909699522452,0.0006497059508555728,-2.769084401021909e-05,1.8157794991623876e-06
0.6399999999999864,0.92,0.025,0.009797958971132711,0.5248792922602417,0.5278473586035246,0.9984642379803291,0.0008028652367254109,0.5365390420696561,5.993493888321279e-05,-0.004517340648094715,-0.00024326276006398753,-1.9826397348310128e-05,9.742380823043864e-07,0.8451001310265506,0.0006795451363643878,0.4541266452077569,5.072893227075131e-05,0.11050357029522462,53.06902645690368,-0.47954386311514957,-0.23993121031503936,0.43056880635150846,-0.4160960965989098,0.0016929625640471878,-0.0020001739823236444,-0.004524481862184214,-0.00023999879189199984,-3.69521818871421e-05,1.819910076442537e-06
0.8000000000000114,0.92,0.025,0.009797958971132711,0.5248792922602417,0.5278473586035246,0.9976757579251572,0.0006914066651851141,0.5365353255419298,6.009299487298624e-05,-0.0053125999107216685,-0.0011441488113727507,-2.479566368490214e-05,9.75871069503186e-07,0.8444327615078531,0.0005852066014126806,0.4541234995386894,5.086271086049556e-05,-0.0007878910911047649,43.43149626429874,-0.44212302865708863,-0.1999190558924686,0.5054689806677257,-0.4170021442089274,0.001764509462556677,-0.0024084587482752834,-0.005325768649459721,-0.0011431234350156826,-4.6214206025227906e-05,1.8240145111795416e-06
0.9600000000000364,0.92,0.025,0.009797958971132711,0.5248792922602417,0.5278473586035246,0.9967722923422676,0.0004404497434838148,0.5365308103679348,6.025176198543095e-05,-0.0059565117830553205,-0.001976767774997488,-2.9765197736519016e-05,9.774853525419588e-07,0.8436680682384954,0.00037279666288470085,0.45411967789542007,5.099709134446876e-05,-0.12342488396167364,34.51691430597652,-0.4195132611606859,-0.18525014409643734,0.565741293852679,-0.417839196484208,0.0018368335509372506,-0.002778979336127935,-0.005976675065945627,-0.001980527915115778,-5.547694002943569e-05,1.8280924729293247e-06
1.1200000000000045,0.92,0.025,0.009797958971132711,0.5248792922602417,0.5278473586035246,0.9957769510884393,6.488221755606151e-05,0.5365254965088312,6.041123559522204e-05,-0.00646415281442574,-0.0026971734828870803,-3.473498985134072e-05,9.790807237297171e-07,0.8428256114012551,5.4916308939450466e-05,0.45411518024507475,5.1132069807795935e-05,-0.24238153470252846,26.78656726096209,-0.4077100245465788,-0.18199782531181685,0.6129289693012028,-0.41857865427278085,0.0019237273747388702,-0.00313247648734497,-0.0064917434779688254,-0.0027081890992021107,-6.474040729713652e-05,1.8321436318009073e-06
1.2800000000000296,0.92,0.025,0.009797958971132711,0.5248792922602417,0.5278473586035246,0.9947099509817835,-0.0004158448234164599,0.5365193839278645,6.057141097807285e-05,-0.006855810102644672,-0.00329072746641908,-3.970503025874315e-05,9.806569759796587e-07,0.8419225025109816,-0.00035197105853969167,0.4541100065565445,5.1267642251840864e-05,-0.34918121601309393,20.39309979104196,-0.40262093596756077,-0.18379787043996462,0.6490419384371433,-0.4192128883498301,0.002028586160274918,-0.003481198303931944,-0.006890886321554519,-0.0033111089343922395,-7.40046310140691e-05,1.8361676584485631e-06
1.4399999999999977,0.92,0.025,0.009797958971132711,0.5248792922602417,0.5278473586035246,0.993588138387186,-0.0009816147250830188,0.5365124725903897,6.073228331092468e-05,-0.007152778294048077,-0.0037620556618690373,-4.4675309067045714e-05,9.822139028125857e-07,0.8409730003309143,-0.0008308387033102672,0.45410415680050586,5.140380459436665e-05,-0.4402601324807939,15.28693781894436,-0.4013856040676684,-0.18769156328256503,0.6761565965579865,-0.4197468230877733,0.0021509065462864147,-0.0038316135252966354,-0.0071951891530539665,-0.0037934415879899174,-8.326963415029275e-05,1.8401642240640852e-06
1.6000000000000227,0.92,0.025,0.009797958971132711,0.5248792922602417,0.5278473586035246,0.9924250531698342,-0.001613964281963204,0.5365047624638947,6.089384767210868e-05,-0.00737479458671717,-0.00412587414972803,-4.964581626129847e-05,9.837512983603102e-07,0.8399885650029477,-0.0013660593682536558,0.45409763094944045,5.154055266967279e-05,-0.5151873621940468,11.312804244870138,-0.4022047899079431,-0.19225980369798196,0.6961778175536265,-0.42019172577925945,0.002288848099962763,-0.004186746376537103,-0.007424303967288712,-0.0041694399974418605,-9.253543945620704e-05,1.844133000369053e-06
1.759999999999991,0.92,0.025,0.009797958971132711,0.5248792922602417,0.5278473586035246,0.9912312898698235,-0.00229713911100192,0.5364962535180241,6.105609904156073e-05,-0.007538823990090978,-0.004400479890377493,-5.46165417010642e-05,9.852689573691607e-07,0.8389781637458186,-0.0019442985435520251,0.4540904289776556,5.1677882228777e-05,-0.5752461026349532,8.278027571142546,-0.4039994326083883,-0.19681062521229592,0.7107308040454173,-0.42056111935395607,0.0024402314178930276,-0.004547686001807038,-0.0075951856006012085,-0.004457009310971358,-0.00010180206945855384,1.848073659607295e-06
1.920000000000016,0.92,0.025,0.009797958971132711,0.5248792922602417,0.5278473586035246,0.9900149756010705,-0.0030183278028283146,0.5364869457246044,6.121903230104244e-05,-0.007658742646696185,-0.0046039116080621514,-5.958747511824172e-05,9.867666752035028e-07,0.8379486753487462,-0.0025547126523138854,0.4540825508613052,5.1815788939602325e-05,-0.6224694225501389,5.992782862929247,-0.4061459844887083,-0.2010146307691394,0.721137270218102,-0.4208684044348691,0.00260292637486031,-0.0049144883087765745,-0.007721737055858759,-0.004673887219629827,-0.00011106954645648862,1.8519858745374081e-06
2.079999999999984,0.92,0.025,0.009797958971132711,0.5248792922602417,0.5278473586035246,0.9887822541848135,-0.0037674508348864706,0.5364768390576679,6.138264223437396e-05,-0.007745520363931825,-0.0047520919926183425,-6.455860611488323e-05,9.88244247849271e-07,0.8369052999420261,-0.003188770386647909,0.4540739965784101,5.195426838717412e-05,-0.6590613303857843,4.289547739861994,-0.4083006970408409,-0.2047320056503873,0.7284373206285812,-0.4211256670386355,0.002774998286057456,-0.0052866984812009864,-0.00781496812247824,-0.004835781063585175,-0.00012033789251763244,1.855869318425311e-06
2.240000000000009,0.92,0.025,0.009797958971132711,0.5248792922602417,0.5278473586035246,0.9875377204751126,-0.004536759855852468,0.5364659334934776,6.154692352771358e-05,-0.007807624704338795,-0.004858202304114634,-6.95299241610554e-05,9.897014719175389e-07,0.8358519266101353,-0.0038399135419935294,0.45406476610887947,5.2093316073856775e-05,-0.6870910839285119,3.0296402003914182,-0.4102882909176567,-0.20792481480768607,0.7334307742428434,-0.42134322048539574,0.0029547545175377266,-0.005663647061779737,-0.007883386730100136,-0.004955726991577987,-0.00012960712947419719,1.8597236650369033e-06
2.400000000000034,0.92,0.025,0.009797958971132711,0.5248792922602417,0.5278473586035246,0.9862847839101371,-0.005320395975286713,0.5364542290105531,6.171187076980962e-05,-0.007851481777873634,-0.004932718132183332,-7.450141859269605e-05,9.911381446481539e-07,0.83479144110154,-0.004503183153482674,0.4540548594345321,5.223292741956686e-05,-0.7083595820761396,2.1028288253892446,-0.4120326118151499,-0.21060960896130565,0.7367226744593097,-0.4215295574049511,0.0031407483608769265,-0.00604461262943507,-0.007933454162635372,-0.0050441082848882495,-0.00013887727891909448,1.863548588630859e-06
2.5600000000000023,0.92,0.025,0.009797958971132711,0.5248792922602417,0.5278473586035246,0.9850259598055916,-0.006113981116316065,0.5364417255896948,6.187747845231511e-05,-0.007881909504826973,-0.004983741051525338,-7.947307860950411e-05,9.925540639133808e-07,0.8337259723794528,-0.005174873616849918,0.4540442765391177,5.2373097762039513e-05,-0.7243638190752191,1.4238435079169187,-0.41351386635719456,-0.21283050825182642,0.7387653836046804,-0.4216915040223229,0.003331763985277439,-0.0064289064235791655,-0.007970016699792939,-0.005108971528139036,-0.00014814836220209803,1.8673437639514782e-06
2.7200000000000273,0.92,0.025,0.009797958971132711,0.5248792922602417,0.5278473586035246,0.9837630960625422,-0.0069142715799519775,0.53642842321401,6.204374097011303e-05,-0.007902488617918807,-0.005017420436224025,-8.444489327285176e-05,9.939490282215702e-07,0.8326570845073358,-0.005852239465271354,0.45403301740833807,5.251382235710367e-05,-0.7363114305947603,0.9279425794302858,-0.4147425484278293,-0.2146434928062495,0.7398942707914131,-0.4218344545033202,0.003526793220557847,-0.006815911820794737,-0.007996676892226906,-0.00515643619108834,-0.00015742040042603857,1.8711088662216147e-06
2.8799999999999955,0.92,0.025,0.009797958971132711,0.5248792922602417,0.5278473586035246,0.9824975461244345,-0.00771887901233084,0.5364143218689386,6.221065262164092e-05,-0.007915863600458923,-0.00503836314812228,-8.941685150369626e-05,9.95322836720947e-07,0.8315859230397215,-0.0065332591960368235,0.4540210820298696,5.265509637895688e-05,-0.7451568814057659,0.5666081665379051,-0.4157438119325729,-0.21610723346895583,0.7403564615348254,-0.4219626192278627,0.0037250094808290272,-0.007205098276884288,-0.00801609550554406,-0.005191095325987625,-0.00016669341444298951,1.8748435711358482e-06
3.0400000000000205,0.92,0.025,0.009797958971132711,0.5248792922602417,0.5278473586035246,0.9812302990993924,-0.008526052861119585,0.536399421542279,6.237820760923981e-05,-0.007923978578914212,-0.005049988621616924,-9.438894208053945e-05,9.966752892032919e-07,0.8305133251577258,-0.007216451141651617,0.454008470393385,5.2796914920460574e-05,-0.7516437291085473,0.30381496304182815,-0.4165483522254885,-0.2172779123085101,0.7403332578013695,-0.42207925481536807,0.00392574165920793,-0.0075960214129152485,-0.008030228568921043,-0.005216364373970428,-0.00017596742485053246,1.878547554853503e-06
3.1999999999999886,0.92,0.025,0.009797958971132711,0.5248792922602417,0.5278473586035246,0.9799620766944135,-0.0093345144087047,0.5363837222242145,6.254640003956019e-05,-0.00792825807636895,-0.00505481820107947,-9.936115363737971e-05,9.98006186107787e-07,0.8294399017141516,-0.00790073299552766,0.4539951824905752,5.2939272993483744e-05,-0.7563452206850892,0.11298924668994535,-0.41718730854267955,-0.2182065281749735,0.7399572479031383,-0.4221868629749259,0.0041284495490898415,-0.007988316143023038,-0.008040509181270156,-0.0052347662954359735,-0.0001852424519879999,1.8822204939920165e-06
3.3600000000000136,0.92,0.025,0.009797958971132711,0.5248792922602417,0.5278473586035246,0.9786934049191263,-0.010143332020494998,0.5363672239073392,6.271522392392573e-05,-0.007929743380795653,-0.005054702224101272,-0.00010433347466171012,9.993153285248513e-07,0.8283660979235485,-0.008585316222146967,0.4539812183151719,5.3082165529210745e-05,-0.7596999197063071,-0.025378463599151014,-0.41768961582734876,-0.2189377465204055,0.7393251719179837,-0.4222873554385735,0.0043327016087965275,-0.008381686844717077,-0.008047984744785474,-0.005248155938976565,-0.0001945185159327943,1.8858620656203108e-06
3.519999999999982,0.92,0.025,0.009797958971132711,0.5248792922602417,0.5278473586035246,0.9774246668586375,-0.010951828339667336,0.536349926586685,6.288467317876836e-05,-0.007929194319280538,-0.005050993970077773,-0.00010930589349251089,1.0006025181999837e-06,0.8272922380291509,-0.009269627506694434,0.45396657786297023,5.3225587378509546e-05,-0.7620414206667383,-0.1255627314491572,-0.4180808163481637,-0.21950968502104523,0.7385074961159299,-0.42238218714584946,0.004538155423704332,-0.008775896817345823,-0.008053419411440933,-0.005257892307482033,-0.00020379563649668738,1.8894719472522348e-06
3.680000000000007,0.92,0.025,0.009797958971132711,0.5248792922602417,0.5278473586035246,0.9761561413722663,-0.011759511750668613,0.5363318302597478,6.305474162604895e-05,-0.007927164635626252,-0.0050446807497888935,-0.00011427839831828937,1.0018675575377235e-06,0.8262185580574862,-0.009953250745765915,0.4539512611318506,5.3369533312287835e-05,-0.7636223571254449,-0.19798228951694563,-0.4183827125664927,-0.21995423700533986,0.7375554864392475,-0.4224724618412153,0.004744540923745661,-0.0091707582187342,-0.008057369965224685,-0.005264968654860378,-0.00021307383322219904,1.8930498168402675e-06
3.840000000000032,0.92,0.025,0.009797958971132711,0.5248792922602417,0.5278473586035246,0.9748880313970198,-0.012566026028053524,0.5363129349265157,6.3225422993729e-05,-0.007924057514549722,-0.0050364815916750134,-0.00011925097717511652,1.0031102496055974e-06,0.8251452297744376,-0.010635884430144503,0.4539352681218029,5.351399802189223e-05,-0.7646333950987767,-0.25022810429686604,-0.41861347929352494,-0.22029767423992447,0.736506407241631,-0.42255901471856416,0.0049516462300776,-0.00956612304480284,-0.008060241716737441,-0.005270109626351133,-0.00022235312537895917,1.8965953527692373e-06
4.0,0.92,0.025,0.009797958971132711,0.5248792922602417,0.5278473586035246,0.9736204846087765,-0.013371113483093134,0.5362932405894943,6.339671091623062e-05,-0.00792016632232927,-0.005026919465977243,-0.00012422361794470001,1.0043303981380425e-06,0.8240723781728685,-0.01131731045209003,0.45391859883494806,5.3658976119497596e-05,-0.7652180418650392,-0.2878237730486239,-0.4187880035290571,-0.22056136508554966,0.7353873279833072,-0.42264247649033126,0.005159305899427694,-0.009961875356450425,-0.008062329511621896,-0.005273843217132476,-0.00023163353196012864,1.9001082338500504e-06
4.160000000000025,0.92,0.025,0.009797958971132711,0.5248792922602417,0.5278473586035246,0.9723536084838659,-0.014174588062000962,0.5362727472537357,6.356859893493337e-05,-0.007915704416271464,-0.005016374387107308,-0.00012919630835248072,1.0055278075405132e-06,0.8230000942207442,-0.011997371335677614,0.45390125327556197,5.380446213852761e-05,-0.7654840727446695,-0.3147848286136434,-0.4189183152781919,-0.22076250806378858,0.734217903183162,-0.4227233227029925,0.005367391284369074,-0.010357924759049038,-0.008063847731588006,-0.005276553778514004,-0.00024091507167885406,1.903588139313816e-06
4.319999999999993,0.92,0.025,0.009797958971132711,0.5248792922602417,0.5278473586035246,0.9710874812676462,-0.014976315746449094,0.5362514549268648,6.374108049868763e-05,-0.00791082691179521,-0.005005122302229518,-0.00013416903596573073,1.0067022828935681e-06,0.8219284441449358,-0.012675953647794514,0.45388323145009835,5.395045053408921e-05,-0.7655122814273004,-0.33402850717780497,-0.41901403191761066,-0.22091482374572635,0.7330123986529545,-0.42280191148840623,0.005575802714555656,-0.010754201038334636,-0.008064952197496903,-0.005278520907434573,-0.000250197762964715,1.9070347488059776e-06
4.480000000000018,0.92,0.025,0.009797958971132711,0.5248792922602417,0.5278473586035246,0.9698221599565393,-0.01577620029415826,0.5362293636191074,6.391414896435416e-05,-0.007905646553618455,-0.00499336348974573,-0.00013914178819170246,1.007853629956865e-06,0.8208574761872149,-0.013352975928975552,0.45386453336721255,5.409693568342936e-05,-0.7653631426914709,-0.34767310928487977,-0.41908277514258285,-0.22102917592722005,0.7317811663117163,-0.42287851233800805,0.005784463214179847,-0.011150649812293563,-0.00806575613656911,-0.005279947897158331,-0.00025948162396025645,1.9104477423803455e-06
4.639999999999986,0.92,0.025,0.009797958971132711,0.5248792922602417,0.5278473586035246,0.9685576861036247,-0.016574172875091324,0.5362064733433183,6.408779759734577e-05,-0.00790024527573361,-0.004981243254971334,-0.00014411455227577026,1.008981655173429e-06,0.819787225518108,-0.014028379921477298,0.4538451590377846,5.424391188639346e-05,-0.7650818635204736,-0.3572562560856585,-0.4191305414649099,-0.22111411080843285,0.7305317165631228,-0.4229533279584159,0.005993313494648719,-0.01154722904711458,-0.008066341809872082,-0.005280982508305129,-0.0002687666725174971,1.91382680049368e-06
4.800000000000011,0.92,0.025,0.009797958971132711,0.5248792922602417,0.5278473586035246,0.9672940900396113,-0.01737018454450603,0.5361827841150089,6.426201957220155e-05,-0.00789468261476522,-0.004968866990066753,-0.0001490873152996226,1.010086165673775e-06,0.8187177178095271,-0.014702124198469906,0.4538251084749435,5.43913733659114e-05,-0.7647021994332522,-0.36389378026884944,-0.419162020014484,-0.22117631360472156,0.7292694974813312,-0.42302651082461173,0.006202307991763414,-0.011943906291325053,-0.008066768972990447,-0.00528173211065135,-0.00027805292619452124,1.917171604000071e-06
4.960000000000036,0.92,0.025,0.009797958971132711,0.5248792922602417,0.5278473586035246,0.9660313939408404,-0.018164200779244986,0.536158295952375,6.443680797318372e-05,-0.007889001829785122,-0.004956311121235597,-0.00015406006417944979,1.0111669692801772e-06,0.8176489718315273,-0.015374179539552958,0.4538043816940902,5.453931426850271e-05,-0.7642493300750018,-0.36839527600242244,-0.4191808584796229,-0.2212209880179761,0.7279984606654354,-0.42309817568715746,0.006411411748883372,-0.012340656496763773,-0.00806708102890993,-0.005282274709448679,-0.00028734040225205287,1.9204818341456626e-06
5.1200000000000045,0.92,0.025,0.009797958971132711,0.5248792922602417,0.5278473586035246,0.9647696140588011,-0.018956197513231084,0.5361330088763256,6.461215579488385e-05,-0.007883234352006135,-0.004943631060195979,-0.00015903278566417367,1.012223874510916e-06,0.8165810013393693,-0.01604452557519879,0.45378297871292206,5.4687728664789694e-05,-0.7637420211870126,-0.3713480654499407,-0.4191898816189077,-0.2212521669448196,0.7267214720123614,-0.42316840900309854,0.006620597978802775,-0.012737460312809522,-0.00806730950077212,-0.00528266696859542,-0.0002966291176500959,1.9237571725633898e-06
5.28000000000003,0.92,0.025,0.009797958971132711,0.5248792922602417,0.5278473586035246,0.9635087623400744,-0.019746158261601705,0.5361069229105117,6.478805594285226e-05,-0.007877403019175961,-0.004930866976480472,-0.0001640054663336981,1.0132566905845727e-06,0.815513816444639,-0.016713148352619684,0.4537608995514571,5.483661055003015e-05,-0.763194247075155,-0.3731781805937128,-0.41919126829824144,-0.2212729638372806,0.7254406098277569,-0.4232372760346379,0.006829846165719192,-0.013134302758299203,-0.00806747728231809,-0.005282950045318222,-0.0003059190890446034,1.9269973012678752e-06
5.439999999999998,0.92,0.025,0.009797958971132711,0.5248792922602417,0.5278473586035246,0.9622488476032406,-0.020534072034970558,0.5360800380813535,6.496450123425513e-05,-0.00787152442608452,-0.004918047986084662,-0.00016897809259716753,1.0142652274244058e-06,0.8144474246113829,-0.017380038570399083,0.45373814423205766,5.498595384467355e-05,-0.7626164063171051,-0.3741946342099931,-0.419186693337009,-0.2212857740401587,0.7241573811307364,-0.4233048261840162,0.007039140593971497,-0.0135311721923172,-0.008067600999544873,-0.005283153831590617,-0.0003152103327841507,1.930201902650557e-06
5.600000000000023,0.92,0.025,0.009797958971132711,0.5248792922602417,0.5278473586035246,0.9609898763938459,-0.021319931826957742,0.5360523544180702,6.514148439852818e-05,-0.00786561063246058,-0.004905195190048923,-0.00017395065069127237,1.0152492956627624e-06,0.8133818313797512,-0.018045190298337035,0.45371471277945463,5.5135752394914255e-05,-0.7620162314676,-0.37462154984256835,-0.4191774401354,-0.22129243472080518,0.7228728785782516,-0.4233710969972809,0.007248469211944413,-0.013928059519828116,-0.00806769272633292,-0.005283300036445313,-0.0003245028649066855,1.933370659474941e-06
5.759999999999991,0.92,0.025,0.009797958971132711,0.5248792922602417,0.5278473586035246,0.9597318536054605,-0.02210373351754272,0.5360238719527083,6.531899807807541e-05,-0.007859670403798806,-0.004892323878272366,-0.00017892312667855143,1.0162087066454526e-06,0.8123170408916618,-0.01870860004924816,0.4536906052207723,5.5285999973283035e-05,-0.7613994689866862,-0.3746214753916337,-0.41916448943423873,-0.22129435100982128,0.7215878942981291,-0.42343611716531127,0.007457822757787311,-0.01432495758074192,-0.008067761230623912,-0.005283404425463355,-0.00033379670113625997,1.936503254871866e-06
5.920000000000016,0.92,0.025,0.009797958971132711,0.5248792922602417,0.5278473586035246,0.9584747829308012,-0.022885475077980846,0.5359945907201709,6.549703482898114e-05,-0.007853710112773126,-0.004879445127639901,-0.00018389550644574932,1.0171432724362336e-06,0.8112530562726302,-0.019370266106002988,0.45366582158555263,5.543669027924964e-05,-0.7607703868990364,-0.3743122968944284,-0.4191485888252274,-0.22129259488693132,0.7203030024572017,-0.4234999087706747,0.007667194088686871,-0.014721860681535083,-0.008067812879530633,-0.005283478447647195,-0.0003430918568798557,1.939599372335065e-06
6.079999999999984,0.92,0.025,0.009797958971132711,0.5248792922602417,0.5278473586035246,0.9572186671894083,-0.02366515599439068,0.5359645107582462,6.567558712171873e-05,-0.007847734394038089,-0.0048665669607955925,-0.0001888677757021597,1.0180528058213745e-06,0.8101898799091152,-0.020030188033652273,0.45364036190577967,5.558781693982273e-05,-0.7601321534747466,-0.3737795079268694,-0.41913030689372033,-0.22128798229189864,0.7190186191482255,-0.42356248896808046,0.007876577667731498,-0.015118764237165405,-0.008067852296686946,-0.005283530417126359,-0.00035238834722417,1.942658695716924e-06
6.240000000000009,0.92,0.025,0.009797958971132711,0.5248792922602417,0.5278473586035246,0.9559635085656495,-0.02444277684988836,0.5359336321076372,6.585464734191294e-05,-0.007841746619865208,-0.004853695186279155,-0.00019383991997803476,1.0189371203141314e-06,0.8091275136499657,-0.02068836632574551,0.4536142262159042,5.573937351019511e-05,-0.7594871194586313,-0.3730851092040491,-0.41911007519548316,-0.2212811329776036,0.7177350458242548,-0.42362387124000067,0.008085969172333597,-0.015515664498001028,-0.008067882839637617,-0.005283566371438118,-0.0003616861869325151,1.945680909224196e-06
6.400000000000034,0.92,0.025,0.009797958971132711,0.5248792922602417,0.5278473586035246,0.9547093087815903,-0.02521833902166969,0.5359019548119907,6.603420779109066e-05,-0.00783574924562503,-0.004840834007606993,-0.00019881192462298014,1.0197960301594107e-06,0.8080659589527381,-0.021344802147941225,0.45358741455286894,5.589135347437914e-05,-0.7588370282489124,-0.37227406351361886,-0.41908822066902557,-0.2212725167783584,0.7164525007994668,-0.42368406633401695,0.008295365196096768,-0.0159125583420459,-0.00806790694652406,-0.005283590694865329,-0.00037098539044167747,1.948665697414115e-06
6.560000000000002,0.92,0.025,0.009797958971132711,0.5248792922602417,0.5278473586035246,0.953456069222554,-0.025991844461424246,0.5358694789179261,6.621426068747099e-05,-0.007829744060724205,-0.004827986464823566,-0.00020378377480439965,1.0206293503383278e-06,0.8070052169899697,-0.021999497152149484,0.4535599269561327,5.604375024587545e-05,-0.7581831723048547,-0.3713789773136112,-0.41906499057318924,-0.22126248924733322,0.7151711420946734,-0.4237430829619821,0.008504763022305482,-0.016309443117174565,-0.008067926387845597,-0.005283606571124339,-0.0003802859718588603,1.951612745190429e-06
6.720000000000027,0.92,0.025,0.009797958971132711,0.5248792922602417,0.5278473586035246,0.9522037910283166,-0.026763295536160164,0.5358362044750663,6.639479816676897e-05,-0.007823732370867245,-0.004815154754592333,-0.00020875545550596173,1.0214368965729472e-06,0.8059452887263673,-0.022652453341805965,0.45353176346769614,5.619655716835326e-05,-0.7575265094605599,-0.37042349606769975,-0.41904057161277036,-0.22125131901696954,0.7138910840054145,-0.42380092832111244,0.008714160452159338,-0.016706316521559444,-0.008067942449284032,-0.005283616312111111,-0.00038958794495865255,1.9545217377998516e-06
6.8799999999999955,0.92,0.025,0.009797958971132711,0.5248792922602417,0.5278473586035246,0.9509524751593454,-0.02753269491282132,0.5358021315360657,6.657581228299724e-05,-0.007817715130435764,-0.004802340462231721,-0.00021372695152607304,1.022218485330936e-06,0.80488617497487,-0.023303672974211966,0.45350292413212606,5.634976751632887e-05,-0.7568677493673706,-0.36942476665949464,-0.41901510456499697,-0.22123920874376735,0.712612409117386,-0.4238576084820747,0.008923555674748366,-0.017103176513195154,-0.008067956064466046,-0.005283621596634248,-0.0003988913231800018,1.957392360828429e-06
7.0400000000000205,0.92,0.025,0.009797958971132711,0.5248792922602417,0.5278473586035246,0.9497021224449088,-0.02830004547464982,0.5357672601566407,6.675729500933356e-05,-0.007811693038636205,-0.004789544729916554,-0.0002186982474764049,1.0229739338303424e-06,0.8038278764373709,-0.02395315848974361,0.4534734089965807,5.6503374495899926e-05,-0.7562074176976777,-0.36839522318983825,-0.41898869543661593,-0.22122631109978433,0.7113351770201253,-0.4239131286778162,0.009132947168785353,-0.01750002124154575,-0.00806796791137088,-0.005283623643778312,-0.00040819611962327244,1.9602243001982755e-06
7.199999999999989,0.92,0.025,0.009797958971132711,0.5248792922602417,0.5278473586035246,0.9484527336180192,-0.029065350260560206,0.5357315903955991,6.6939238238944e-05,-0.007805666609331815,-0.00477676837860463,-0.00022366932778041513,1.0237030600444054e-06,0.8027703937342915,-0.02460091246053816,0.45344321811083516,5.66573712454422e-05,-0.755545903804183,-0.36734388206002183,-0.4189614239548082,-0.2212127409532309,0.7100594306262067,-0.4239674935183815,0.009342333628446354,-0.017896848995972103,-0.008067978482338024,-0.005283623338795384,-0.00041750234704728304,1.9630172421644093e-06
7.360000000000014,0.92,0.025,0.009797958971132711,0.5248792922602417,0.5278473586035246,0.9472043093408147,-0.029828612421194542,0.5356951223148704,6.712163378587633e-05,-0.0077996362217611125,-0.004764011996418555,-0.00022864017667192522,1.0244056827063644e-06,0.8017137274260656,-0.02524693755329906,0.4534123515273063,5.6811750836365726e-05,-0.7548834960788381,-0.3662772811742362,-0.4189333500154501,-0.2211985846262453,0.7087852007539205,-0.4240207071505828,0.009551713907482249,-0.018293658166870893,-0.008067988134903916,-0.005283621324523201,-0.00042681001786643626,1.965770873311734e-06
7.519999999999982,0.92,0.025,0.009797958971132711,0.5248792922602417,0.5278473586035246,0.9459568502229957,-0.030589835187068832,0.5356578559795349,6.730447338596039e-05,-0.007793602157374155,-0.004751276002711274,-0.00023361077819369217,1.025081621314288e-06,0.8006578780287436,-0.02589123650233506,0.4533808093010783,5.6966506273876876e-05,-0.7542204081725683,-0.36520016105033426,-0.4189045185706931,-0.22118390691726886,0.7075125094506196,-0.4240727733766094,0.009761086977149624,-0.018690447216419378,-0.00806799712871738,-0.005283618067769433,-0.0004361191441478255,1.9684848805521457e-06
7.680000000000007,0.92,0.025,0.009797958971132711,0.5248792922602417,0.5278473586035246,0.9447103568352156,-0.03134902184548401,0.5356197914578537,6.74877486976907e-05,-0.007787564626586159,-0.004738560694505132,-0.00023858111619603825,1.0257306961360311e-06,0.7996028460253266,-0.026533812090017664,0.45334859148992734,5.712163049772542e-05,-0.7535567984284514,-0.3641159587593167,-0.4188749633270572,-0.22116875641810366,0.7062413724027922,-0.4241236957420878,0.00997045189458138,-0.019087214656575705,-0.008068005652345974,-0.005283613907517129,-0.00044542973760843853,1.9711589511219636e-06
7.840000000000032,0.92,0.025,0.009797958971132711,0.5248792922602417,0.5278473586035246,0.94346482971881,-0.032106175723790875,0.5355809288212997,6.767145130317449e-05,-0.007781523788208173,-0.004725866280153937,-0.0002435511743354764,1.026352728214189e-06,0.7985486318740008,-0.027174667132616598,0.4533156981543481,5.727711638300689e-05,-0.752892784278227,-0.3630271661276235,-0.4188447095389793,-0.22115316953304645,0.7049718006838336,-0.4241734776014237,0.010179807779028273,-0.01948395903254383,-0.00806801384274147,-0.005283609089929373,-0.00045474180961233853,1.973792772579483e-06
8.0,0.92,0.025,0.009797958971132711,0.5248792922602417,0.5278473586035246,0.9422202693928632,-0.0328613001772594,0.5355412681445867,6.785557270907192e-05,-0.007775479763559166,-0.004713192903743326,-0.00024852093607338033,1.0269475393710305e-06,0.7974952360141194,-0.027813804470032354,0.4532821293575782,5.743295674095847e-05,-0.7522284529027552,-0.3619355895025395,-0.4188137761158949,-0.22113717351223022,0.7037038020215153,-0.42422212216626426,0.010389153794030048,-0.01988067891035543,-0.008068021799374834,-0.005283603793768018,-0.00046405537116791894,1.976386032802595e-06
8.160000000000025,0.92,0.025,0.009797958971132711,0.5248792922602417,0.5278473586035246,0.9409766763593441,-0.033614398580286815,0.5355008095056994,6.804010434755301e-05,-0.00776943264671531,-0.00470054066277765,-0.00025349038467468353,1.027514952213565e-06,0.7964426588705489,-0.028451226958354763,0.45324788516562403,5.758914431976887e-05,-0.7515638691225973,-0.36084253813164346,-0.4187821772093358,-0.22112078873769195,0.7024373817171421,-0.42426963254142186,0.010598489134046294,-0.02027737286754656,-0.00806802959450033,-0.00528359814885157,-0.00047337043292519805,1.978938419986764e-06
8.319999999999993,0.92,0.025,0.009797958971132711,0.5248792922602417,0.5278473586035246,0.9397340511068378,-0.03436547432002557,0.5354595529859246,6.822503757728292e-05,-0.007763382511953779,-0.004687909621000456,-0.00025845950320658296,1.0280547901385742e-06,0.7953909008568276,-0.029086937464469644,0.45321296564728664,5.774567180541227e-05,-0.7508990812360037,-0.35974896077333646,-0.4187499234068179,-0.22110403044396593,0.7011725433121183,-0.424316011751493,0.010807813014436824,-0.020674039486156676,-0.00806803728060883,-0.005283592249458394,-0.00048268700517310964,1.9814496226430484e-06
8.480000000000018,0.92,0.025,0.009797958971132711,0.5248792922602417,0.5278473586035246,0.9384923941132572,-0.03511453079176424,0.5354174986698804,6.841036368440524e-05,-0.007757329419158969,-0.004675299817687538,-0.0002634282745372979,1.0285668773377065e-06,0.794339962377461,-0.029720938862149257,0.4531773708741868,5.79025318224806e-05,-0.7502341253365675,-0.3586555447653532,-0.41871702262886057,-0.2210869100114809,0.6999092890713341,-0.42436126276057307,0.011017124663957803,-0.02107067734747368,-0.00806804489584004,-0.0052835861640594655,-0.0004920050978368855,1.98391932959636e-06
8.639999999999986,0.92,0.025,0.009797958971132711,0.5248792922602417,0.5278473586035246,0.9372517058478159,-0.03586157139558107,0.5353746466455465,6.859607388357813e-05,-0.007751273417748898,-0.0046627112743830605,-0.0002683966813348266,1.0290510388026549e-06,0.7932898438295914,-0.030353234029219817,0.4531411009207905,5.8059716935060534e-05,-0.7495690285052423,-0.3575627878676656,-0.41868348080219686,-0.22106943593769524,0.6986476203337136,-0.424405388486851,0.011226423319141856,-0.021467285028083954,-0.008068052467912604,-0.005283579942385806,-0.0005013247204754199,1.9863472299840126e-06
8.800000000000011,0.92,0.025,0.009797958971132711,0.5248792922602417,0.5278473586035246,0.9360119867724617,-0.03660659953391834,0.5353309970042953,6.878215931897702e-05,-0.007745214549526826,-0.004650143999782282,-0.000273364706065759,1.0295071003302437e-06,0.7922405456042116,-0.030983825845508482,0.4531041558644356,5.821721964758215e-05,-0.7489038111693441,-0.35647105036217946,-0.4186493023644886,-0.22105161456548722,0.6973875377664281,-0.42444839181341104,0.01143570822009149,-0.02186386109690366,-0.00806806001697795,-0.005283573620560511,-0.0005106458822787251,1.9887330132541835e-06
8.960000000000036,0.92,0.025,0.009797958971132711,0.5248792922602417,0.5278473586035246,0.9347732373429207,-0.037349618609824504,0.5352865498409216,6.89686110653462e-05,-0.007739152850752301,-0.004637597993270822,-0.00027833233099408886,1.0299348885277456e-06,0.7911920680870481,-0.031612717191355465,0.45306653578535605,5.8375032405709026e-05,-0.748238488845303,-0.35538059283448464,-0.41861449064234235,-0.22103345062891513,0.6961290415492506,-0.42449027559622327,0.011644978607328188,-0.022260404112940852,-0.008068067557692602,-0.005283567224825345,-0.0005199685920653768,1.9910763691649555e-06
9.120000000000005,0.92,0.025,0.009797958971132711,0.5248792922602417,0.5278473586035246,0.9335354580094583,-0.0380906320256816,0.5352413052536729,6.915542012908058e-05,-0.007733088353645311,-0.004625073247490124,-0.0002832995381800702,1.0303342308179714e-06,0.7901444116592055,-0.03223991094653691,0.4530282407667087,5.8533147597253806e-05,-0.7475730734257235,-0.35429160357265205,-0.4185790481341723,-0.2210149476617551,0.6948721315082472,-0.4245310426700532,0.011854233719432526,-0.022656912623607008,-0.008068075100722999,-0.005283560774246836,-0.0005292928582800237,1.9933769877830764e-06
9.28000000000003,0.92,0.025,0.009797958971132711,0.5248792922602417,0.5278473586035246,0.9322986492174322,-0.03882964318228205,0.5351952633442798,6.934257744926626e-05,-0.007727021087478703,-0.004612569750197044,-0.0002882663094791023,1.0307049554447275e-06,0.7890975766976347,-0.03286540998948353,0.45298927089459845,5.869155755305896e-05,-0.7469075741296003,-0.3532042184364882,-0.4185429767216795,-0.220996108303046,0.6936168072127318,-0.4245706958528304,0.012063472791274931,-0.0230533851634386,-0.008068082653838222,-0.005283554282681286,-0.0005386186889909427,1.995634559483475e-06
9.439999999999998,0.92,0.025,0.009797958971132711,0.5248792922602417,0.5278473586035246,0.9310628114076979,-0.039566655478161586,0.5351484242179866,6.95300738987964e-05,-0.007720951079371577,-0.00460008748561177,-0.0002932326265406236,1.031046891477996e-06,0.7880515635754756,-0.033489217196715965,0.45294962625810387,5.885025454794128e-05,-0.7462419982036108,-0.35211853526614156,-0.4185062778278271,-0.22097693452540684,0.6923630680455742,-0.42460923794887867,0.012272695052686787,-0.02344982025312361,-0.008068090222703486,-0.005283547760201661,-0.0005479460918875952,1.9978487749484485e-06
9.600000000000023,0.92,0.025,0.009797958971132711,0.5248792922602417,0.5278473586035246,0.9298279450169048,-0.04030167230911516,0.535100787983582,6.971790028547995e-05,-0.007714878354865523,-0.004587626435394893,-0.00029819847080706,1.0313598688193027e-06,0.7870063726623082,-0.034111335442435074,0.4529093069493038,5.900923080163023e-05,-0.745576351439565,-0.3510346243312837,-0.4184689525347677,-0.22095742780552294,0.6911109132541907,-0.42464667175130155,0.012481899727461915,-0.023846216398759133,-0.008068097811456303,-0.005283541214133737,-0.0005572750742782712,2.0000193251673085e-06
9.759999999999991,0.92,0.025,0.009797958971132711,0.5248792922602417,0.5278473586035246,0.9285940504777128,-0.04103469706784719,0.5350523547534285,6.99060473531512e-05,-0.007708802938343122,-0.004575186579355622,-0.0003031638235127708,1.0316437182071508e-06,0.7859620043243362,-0.03473176759822586,0.4528683130633019,5.916847847970718e-05,-0.7449106385560661,-0.34995253590839,-0.4184310016717992,-0.22093758925134038,0.689860341987522,-0.4246830000437463,0.01269108603260252,-0.02424257209127785,-0.008068105423124906,-0.005283534649808488,-0.0005666056430877188,2.002145901436273e-06
9.920000000000016,0.92,0.025,0.009797958971132711,0.5248792922602417,0.5278473586035246,0.9273611282189527,-0.041765733143719154,0.5350031246434938,7.009450578280767e-05,-0.007702724853331917,-0.004562767895965146,-0.00030812866568305497,1.03189827122235e-06,0.7849184589245216,-0.03535051653284389,0.4528266446982531,5.9327989694568414e-05,-0.7442448634799583,-0.34887230577582656,-0.41839242588093395,-0.22091741969690612,0.6886113533228492,-0.42471822560170724,0.012900253177749762,-0.02463888580600505,-0.00806811305993205,-0.005283528071108433,-0.00057593780485487,2.0042281953583116e-06
10.079999999999984,0.92,0.025,0.009797958971132711,0.5248792922602417,0.5278473586035246,0.9261291786657434,-0.04249478392256606,0.5349530977733805,7.028326619377062e-05,-0.007696644122725184,-0.004550370362728762,-0.0003130929781331495,1.0321233602935648e-06,0.7838757368226853,-0.03596758511205991,0.45278430195538927,5.948775650640745e-05,-0.7435790295538046,-0.3477939591986733,-0.4183532256657397,-0.22089691977302897,0.6873639462852438,-0.4247523511934877,0.013109400364749623,-0.02503515600230877,-0.008068120723515653,-0.005283521480864376,-0.0005852715657305405,2.0062658988435435e-06
10.240000000000009,0.92,0.025,0.009797958971132711,0.5248792922602417,0.5278473586035246,0.924898202239582,-0.04322185278656498,0.5349022742663574,7.047231914484774e-05,-0.00769056076894229,-0.004537993956455596,-0.00031805674146729256,1.0323188187027186e-06,0.7828338383755822,-0.0365829761985486,0.4527412849390449,5.964777092419913e-05,-0.7429131396888052,-0.34671751381850036,-0.41831340142770335,-0.22087608995989755,0.6861181198616726,-0.4247853795809121,0.013318526787322295,-0.025431381123324655,-0.008068128415088976,-0.005283514881143469,-0.0005946069314752368,2.0082587041095015e-06
10.400000000000034,0.92,0.025,0.009797958971132711,0.5248792922602417,0.5278473586035246,0.923668199358407,-0.04394694311414059,0.5348506542493886,7.066165513550148e-05,-0.007684474814045167,-0.004525638653454132,-0.00032301993607778274,1.0324844805905385e-06,0.7817927639369557,-0.0371966926518086,0.45269759375668256,5.9808024906688454e-05,-0.7422471964774706,-0.34564298174899394,-0.4182729534932886,-0.22085493062623707,0.6848738730112269,-0.42481731351985175,0.013527631630806381,-0.02582755959573231,-0.008068136135556965,-0.005283508273458432,-0.000603943907456943,2.0102063036817856e-06
10.560000000000002,0.92,0.025,0.009797958971132711,0.5248792922602417,0.5278473586035246,0.9224391704366506,-0.044670058279896244,0.5347982378531652,7.085126460706444e-05,-0.007678386279822934,-0.004513304429673944,-0.0003279825421440854,1.0326201809620355e-06,0.780752513857581,-0.037808737328104185,0.45265322851891904,5.9968510363419345e-05,-0.741581202276615,-0.34457037109555017,-0.4182318821340581,-0.22083344205843172,0.6836312046725436,-0.424848155760614,0.013736714071960837,-0.026223689829573835,-0.008068143885600731,-0.005283501658919442,-0.0006132824986489815,2.0121083903947783e-06
10.720000000000027,0.92,0.025,0.009797958971132711,0.5248792922602417,0.5278473586035246,0.921211115885276,-0.04539120165456566,0.5347450252121351,7.104113794391454e-05,-0.007672295187853354,-0.004500991260808433,-0.0003329445396319672,1.0327257556921896e-06,0.7797130884852976,-0.03841911308042437,0.45260818933955116,6.012921915572927e-05,-0.740915159268489,-0.34349968705739087,-0.41819018758163456,-0.22081162448217595,0.6823901137691871,-0.4248779090482306,0.013945773278809399,-0.02661977021810321,-0.008068151665738882,-0.005283495038344445,-0.0006226227096279128,2.0139646573928337e-06
10.879999999999995,0.92,0.025,0.009797958971132711,0.5248792922602417,0.5278473586035246,0.919984036111808,-0.04611037660497819,0.534691016464533,7.12312654747196e-05,-0.007666201559547506,-0.004488699122369298,-0.00033790590829264205,1.0328010415314708e-06,0.7786744881650344,-0.03902782275845354,0.4525624763355807,6.029014309780267e-05,-0.740249069505785,-0.34243093272669,-0.4181478700388155,-0.22078947807856047,0.6811505992135538,-0.42490657612267074,0.014154808410516275,-0.027015799137657722,-0.008068159476372065,-0.005283488412339257,-0.0006319645445714463,2.0157747981313677e-06
11.04000000000002,0.92,0.025,0.009797958971132711,0.5248792922602417,0.5278473586035246,0.9187579315203566,-0.04682758649403413,0.5346362117524115,7.142163747366708e-05,-0.007660105416182236,-0.004476427989740533,-0.00034286662766197187,1.0328458761114842e-06,0.7776367132388299,-0.03963486920855049,0.4525160896272411,6.045127395771182e-05,-0.7395829349447693,-0.34136410966813907,-0.41810492968783247,-0.22076700299602034,0.6799126599097051,-0.42493415971900084,0.014363818617286878,-0.02741177494754954,-0.00806816731781532,-0.00528348178135572,-0.0006413080072564343,2.017538506378301e-06
11.199999999999989,0.92,0.025,0.009797958971132711,0.5248792922602417,0.5278473586035246,0.9175328025116365,-0.04754283468068771,0.5345806112216707,7.161224416169307e-05,-0.007654006778923747,-0.00446417783821756,-0.000347826677059667,1.0328600979506366e-06,0.7765997640458492,-0.04024025527373408,0.4524690293380221,6.0612603458457014e-05,-0.7389167574696711,-0.3402992183392188,-0.41806136669648397,-0.22074419935920545,0.6786762947554221,-0.424960662567502,0.014572803040285472,-0.02780769598996887,-0.00806817519032156,-0.005283475145733946,-0.0006506531010568584,2.0192554762156785e-06
11.360000000000014,0.92,0.025,0.009797958971132711,0.5248792922602417,0.5278473586035246,0.916308649482984,-0.04825612451993551,0.5345242150220886,7.180307570775039e-05,-0.007647905668844757,-0.004451948643035611,-0.00035278603558854443,1.0328435464598335e-06,0.7755636409223977,-0.04084398379367342,0.4524212955946958,6.0774123279039935e-05,-0.7382505389106262,-0.3392362583949853,-0.4180171812226908,-0.2207210672755643,0.6774415026436988,-0.424986087393758,0.01478176081156776,-0.028203560589900416,-0.008068183094098619,-0.005283468505732987,-0.0006599998289419055,2.0209254020415373e-06
11.519999999999982,0.92,0.025,0.009797958971132711,0.5248792922602417,0.5278473586035246,0.9150854728283699,-0.04896745936280798,0.5344670233073523,7.199412223008334e-05,-0.00764180210693697,-0.004439740379390296,-0.0003577446821337843,1.032796061948196e-06,0.7745283442019324,-0.04144605760468068,0.45237288852734303,6.093582505554255e-05,-0.737584281056878,-0.33817522890904694,-0.4179723734178779,-0.220697606840228,0.6762082824638248,-0.4250104369187231,0.014990691054022686,-0.028599367055046034,-0.008068191029321659,-0.0052834618615530985,-0.0006693481934740288,2.022547978571946e-06
11.680000000000007,0.92,0.025,0.009797958971132711,0.5248792922602417,0.5278473586035246,0.9138632729384122,-0.04967684255636505,0.5344090362350866,7.218537379748963e-05,-0.007635696114120159,-0.004427553022452531,-0.0003627025953622475,1.032717485628833e-06,0.7734938742150721,-0.04204647953970738,0.45232380826937735,6.109770038219522e-05,-0.7369179856664926,-0.33711612853387324,-0.417926943429487,-0.22067381813963483,0.674976633102172,-0.4250337138587707,0.015199592881323708,-0.028995113675757092,-0.00806819899614214,-0.005283455213351924,-0.0006786981968071111,2.0241229008433016e-06
11.840000000000032,0.92,0.025,0.009797958971132711,0.5248792922602417,0.5278473586035246,0.912642050200387,-0.05038427744369249,0.5343502539668853,7.237682043062014e-05,-0.0076295877112487805,-0.004415386547379349,-0.00036765975372179385,1.032607659624536e-06,0.7724602312896076,-0.04264525242834133,0.4522740549575717,6.125974081247689e-05,-0.7362516544735005,-0.3360589556169988,-0.4178808914028433,-0.2206497012542179,0.6737465534427672,-0.4250559209257323,0.015408465397885138,-0.029390798724970302,-0.008068206994694366,-0.00528344856125623,-0.0006880498406846119,2.0256498642146464e-06
12.0,0.92,0.025,0.009797958971132711,0.5248792922602417,0.5278473586035246,0.911421804998239,-0.05108976736390081,0.5342906766683406,7.256845210329136e-05,-0.007623476919116808,-0.004403240929321754,-0.0003726161354406423,1.0324664269736608e-06,0.7714274157505095,-0.04324237909680565,0.45222362873208355,6.142193786022581e-05,-0.7355852891931542,-0.3350037082853418,-0.4178342174825443,-0.22062525626039992,0.6725180423677078,-0.4250770608269274,0.015617307698824051,-0.029786420458149564,-0.008068215025100214,-0.005283441905370431,-0.0006974031264377844,2.0271285643705196e-06
12.160000000000025,0.92,0.025,0.009797958971132711,0.5248792922602417,0.5278473586035246,0.9102025377125903,-0.051793315652124514,0.5342303045090743,7.276025874377731e-05,-0.007617363758461242,-0.004391116143430413,-0.0003775717185267702,1.0322936316359089e-06,0.7703954279199364,-0.04383786236795819,0.4521725297364805,6.158428300073312e-05,-0.7349188915257863,-0.33395038450625875,-0.4177869218134923,-0.22060048323207176,0.6712910987574647,-0.4250971362651855,0.01582611886992663,-0.030181977113232804,-0.008068223087472582,-0.005283435245782791,-0.0007067580549839459,2.0285586973237342e-06
12.319999999999993,0.92,0.025,0.009797958971132711,0.5248792922602417,0.5278473586035246,0.908984248720749,-0.05249492563952242,0.5341691376627662,7.295223023615076e-05,-0.007611248249964699,-0.004379012164859792,-0.00038252648076731393,1.0320891184981699e-06,0.769364268117242,-0.04443170506129178,0.4521207581177653,6.1746767671878e-05,-0.7342524631596571,-0.33289898213195546,-0.4177390045416661,-0.22057538224169276,0.6700657214911045,-0.4251161499388651,0.016034897987616602,-0.030577466910580383,-0.008068231181917901,-0.005283428582569917,-0.0007161146268247433,2.029939959418487e-06
12.480000000000018,0.92,0.025,0.009797958971132711,0.5248792922602417,0.5278473586035246,0.9077669383967188,-0.05319460065327876,0.534107176307185,7.314435642160422e-05,-0.007605130414257306,-0.004366928968771158,-0.0003874803997280316,1.031852733380417e-06,0.7683339366589829,-0.045023909992935145,0.45206831402640135,6.190938327524582e-05,-0.7335860057730412,-0.3318494989315747,-0.41769046581469577,-0.22054995336110492,0.6688419094464495,-0.42513410454186823,0.016243644118927827,-0.030972888052929477,-0.008068239308537936,-0.005283421915800029,-0.0007254728420445164,2.031272047333697e-06
12.639999999999986,0.92,0.025,0.009797958971132711,0.5248792922602417,0.5278473586035246,0.9065506071112065,-0.05389234401660417,0.5340444206242182,7.333662709979148e-05,-0.007599010271918084,-0.004354866530334757,-0.00039243345275276543,1.0315843230415698e-06,0.7673044338589252,-0.04561447997565377,0.4520151976163383,6.207212117726351e-05,-0.7329195210357651,-0.3308019326145012,-0.41764130578229486,-0.2205241966621407,0.6676196615001978,-0.4251510027636523,0.01645235632147801,-0.031368238725349246,-0.008068247467431107,-0.005283415245535321,-0.0007348327003086493,2.0325546580864574e-06
12.800000000000011,0.92,0.025,0.009797958971132711,0.5248792922602417,0.5278473586035246,0.90533525523163,-0.0545881590487372,0.5339808707999018,7.352903203018626e-05,-0.007592887843475997,-0.004342824824731409,-0.0003973856169629582,1.0312837351854745e-06,0.7662757600280518,-0.046203417818851164,0.45196140904503684,6.223497271034966e-05,-0.7322530106103382,-0.32975628084730385,-0.41759152459658516,-0.22049811221707508,0.6663989765280095,-0.42516684728924103,0.016661033643445473,-0.03176351709520084,-0.008068255658693449,-0.005283408571833696,-0.0007441942008620094,2.0337874890359012e-06
12.960000000000036,0.92,0.025,0.009797958971132711,0.5248792922602417,0.5278473586035246,0.9041208831221269,-0.05528204906494637,0.5339165270244494,7.372156093343967e-05,-0.007586763149410712,-0.0043308038271536575,-0.0004023368692571797,1.0309508184667343e-06,0.7652479154745683,-0.046790726328570606,0.45190694847349394,6.239792917406334e-05,-0.7315864761527862,-0.3287125412659552,-0.41754112241234265,-0.2204717000989628,0.6651798534045718,-0.4251816407992328,0.01686967512354705,-0.032158721312098675,-0.008068263882419316,-0.0052834018947500085,-0.0007535573425273896,2.0349702378869315e-06
13.120000000000005,0.92,0.025,0.009797958971132711,0.5248792922602417,0.5278473586035246,0.9029074911435617,-0.05597401737653214,0.5338513894922833,7.391420349273235e-05,-0.0075806362101531796,-0.004318803512806614,-0.0004072871863106924,1.0305854224967981e-06,0.7642209005039107,-0.04737640830749681,0.45185181606626856,6.256098183624867e-05,-0.7309199193132656,-0.32767071148477844,-0.4174900993871861,-0.22044496038189293,0.6639622910036468,-0.4251953859698082,0.017078279791017986,-0.032553849507875134,-0.00806827213870186,-0.005283395214336979,-0.0007629221237040118,2.036102602694595e-06
13.28000000000003,0.92,0.025,0.009797958971132711,0.5248792922602417,0.5278473586035246,0.9016950796535338,-0.056664067290828575,0.533785458402062,7.41069493551717e-05,-0.007574507046086082,-0.00430682385690858,-0.00041223654457505233,1.0301873978498386e-06,0.7631947154187511,-0.04796046655495731,0.4517960119915053,6.272412193421734e-05,-0.7302533417365099,-0.32663078910279997,-0.4174384556817189,-0.2204178931411755,0.6627462881981088,-0.42520808547273836,0.01728684666559373,-0.03294889979654832,-0.00806828042763343,-0.005283388530645848,-0.0007722885423660831,2.037184281868291e-06
13.439999999999998,0.92,0.025,0.009797958971132711,0.5248792922602417,0.5278473586035246,0.9004836490063856,-0.05735220211120595,0.5337187339567121,7.429978813318135e-05,-0.007568375677544164,-0.004294864834691494,-0.0004171849202777183,1.0297565960687418e-06,0.7621693605190047,-0.04854290386692472,0.45173953642096115,6.28873406759247e-05,-0.7295867450621718,-0.3255927717085311,-0.4173861914596448,-0.22039049845348951,0.6615318438599702,-0.42521974197539003,0.017495374757492296,-0.03334387027429061,-0.008068288749305812,-0.005283381843726862,-0.0007816565960613512,2.038214974176331e-06
13.600000000000023,0.92,0.025,0.009797958971132711,0.5248792922602417,0.5278473586035246,0.8992731995532092,-0.058038425137072754,0.5336512163634559,7.44927094058417e-05,-0.007562242124814509,-0.004282926421401273,-0.0004221322894217219,1.0292928696712295e-06,0.7611448361018363,-0.049123723036018384,0.4516823895300291,6.305062924110443e-05,-0.7289201309250628,-0.32455665688328844,-0.4173333068878545,-0.2203627763969902,0.6603189568604041,-0.42523035814073246,0.017703863067399333,-0.033738759019402265,-0.00806829710381044,-0.005283375153629619,-0.0007910262819097642,2.0391943787508575e-06
13.759999999999991,0.92,0.025,0.009797958971132711,0.5248792922602417,0.5278473586035246,0.8980637316418549,-0.05872273966387788,0.5335829058338413,7.46857027203599e-05,-0.007556106408136744,-0.00427100859229805,-0.00042707862778533154,1.0287960721558563e-06,0.7601211424616661,-0.04970292685150624,0.45162457149776325,6.321397878251262e-05,-0.7282535009553369,-0.3235224422036455,-0.41727980213649635,-0.22033472705139234,0.6591076260697603,-0.4252399366273432,0.017912310586453158,-0.03413356409228455,-0.008068305491238522,-0.005283368460403318,-0.0008003975966021011,2.0401221950928758e-06
13.920000000000016,0.92,0.025,0.009797958971132711,0.5248792922602417,0.5278473586035246,0.8968552456169385,-0.05940514898311292,0.5335138025837712,7.487875759342217e-05,-0.007549968547703224,-0.004259111322656373,-0.0004320239109217809,1.0282660580079546e-06,0.7590982798901768,-0.05028051809930678,0.451566082506904,6.337738042707253e-05,-0.7275868567786329,-0.32249012524330084,-0.417225677379038,-0.22030635049803993,0.6578978503575791,-0.42524848008941346,0.018120716296232523,-0.03452828353541818,-0.008068313911681153,-0.005283361764096953,-0.0008097705363987124,2.0409981230771856e-06
14.079999999999984,0.92,0.025,0.009797958971132711,0.5248792922602417,0.5278473586035246,0.8956477418198485,-0.060085656382314785,0.5334439068335326,7.507186351260619e-05,-0.007543828563659174,-0.004247234587765335,-0.0004369681141589978,1.0277026827058435e-06,0.7580762486763198,-0.05085649956199124,0.45150692274390203,6.354082527706989e-05,-0.7269202000161679,-0.3214597035742646,-0.41717093279231143,-0.2202776468199534,0.6566896285926029,-0.425255991176754,0.018329079168744506,-0.03492291537334173,-0.008068322365229382,-0.00528335506475944,-0.0008191450971282469,2.041821862958072e-06
14.240000000000009,0.92,0.025,0.009797958971132711,0.5248792922602417,0.5278473586035246,0.8944412205887542,-0.060764265145067574,0.5333732188078257,7.526500993784211e-05,-0.007537686476102819,-0.004235378362928678,-0.0004419112125993862,1.027105802726802e-06,0.7570550491063216,-0.0514308740187852,0.4514470923989437,6.370430441138957e-05,-0.7262535322848174,-0.3204311747678615,-0.41711556855655724,-0.2202486161018743,0.655482959642784,-0.4252624725347998,0.018537398166414705,-0.03531745761263443,-0.008068330851974274,-0.005283348362439712,-0.0008285212741864633,2.0425931153747967e-06
14.400000000000034,0.92,0.025,0.009797958971132711,0.5248792922602417,0.5278473586035246,0.8932356822586129,-0.061440978551005256,0.5333017387357923,7.545818630276696e-05,-0.00753154230508549,-0.00422354262346489,-0.0004468531811196182,1.0264752755532834e-06,0.75603468146369,-0.05200364424557085,0.45138659166597467,6.386780888666196e-05,-0.7255868551971769,-0.3194045363954327,-0.4170595848554612,-0.22021925843029963,0.6542778423752936,-0.4252679268046156,0.018745672242077866,-0.03571190824189976,-0.008068339372006935,-0.005283341657186798,-0.0008378990625350493,2.043311581357558e-06
14.560000000000002,0.92,0.025,0.009797958971132711,0.5248792922602417,0.5278473586035246,0.8920311271611772,-0.06211579987581414,0.5332294668510457,7.565138201619951e-05,-0.007525396070611735,-0.004211727344707256,-0.00045179399437046854,1.0258109596788864e-06,0.7550151460292204,-0.052574813014889095,0.4513254207427251,6.403132973851127e-05,-0.7249201703615986,-0.3183797860287512,-0.4170029818761849,-0.22018957389350755,0.6530742756565289,-0.4252723566229014,0.018953900338970306,-0.036106265231752345,-0.008068347925418554,-0.005283334949049868,-0.000847278456700504,2.0439769623333506e-06
14.720000000000027,0.92,0.025,0.009797958971132711,0.5248792922602417,0.5278473586035246,0.8908275556250032,-0.06278873239123471,0.533156403391698,7.584458646356214e-05,-0.007519247792639406,-0.004199932502003921,-0.0004567336267766798,1.0251127146146127e-06,0.7539964430810027,-0.053144383095941064,0.45126357983073323,6.419485798275899e-05,-0.7242534793822297,-0.3173569212404365,-0.4169457598093969,-0.22015956258158398,0.6518722583521194,-0.4252757646219969,0.019162081390723756,-0.03650052653480756,-0.008068356512300416,-0.005283328238078278,-0.0008566594507730666,2.044588960132467e-06
14.879999999999995,0.92,0.025,0.009797958971132711,0.5248792922602417,0.5278473586035246,0.8896249679754566,-0.06345977936506456,0.5330825486003905,7.603778900830475e-05,-0.007513097491079748,-0.004188158070717927,-0.0004616720525368448,1.0243804008949015e-06,0.7529785728944265,-0.05371235725459064,0.45120106913537056,6.435838461662915e-05,-0.7235867838590399,-0.3163359396042079,-0.41688791884930126,-0.22012922458644416,0.6506717893269326,-0.4252781534298871,0.01937021432135984,-0.03689469008567224,-0.008068365132743923,-0.005283321524321591,-0.0008660420384056621,2.045147276994756e-06
15.04000000000002,0.92,0.025,0.009797958971132711,0.5248792922602417,0.5278473586035246,0.8884233645347221,-0.06412894406116042,0.5330079027243204,7.623097899334465e-05,-0.007506945185797481,-0.004176404026227259,-0.00046660924562333546,1.023613880083842e-06,0.7519615357421888,-0.05427873825336618,0.4511378888658648,6.452190061996691e-05,-0.7229200853878422,-0.3153168386950761,-0.4168294591936612,-0.22009856000185077,0.6494728674450801,-0.4252795256702072,0.0195782980452865,-0.03728875380093929,-0.008068373786840591,-0.0052833148078296,-0.0008754262128129219,2.0456516155764234e-06
15.199999999999989,0.92,0.025,0.009797958971132711,0.5248792922602417,0.5278473586035246,0.887222745621809,-0.06479622973944082,0.5329324660152706,7.642414574251553e-05,-0.007500790896610885,-0.004164670343924867,-0.0004715451797822413,1.0228130147813061e-06,0.7509453318942992,-0.054843528851462715,0.451074039235325,6.468539695646516e-05,-0.7222533855603096,-0.3142996160894561,-0.4167703810438255,-0.2200675689234312,0.6482754915699224,-0.42527988396224736,0.019786331467294967,-0.037682715579183026,-0.00806838247468208,-0.0052833080886523455,-0.0008848119667702077,2.0461016789568776e-06
15.360000000000014,0.92,0.025,0.009797958971132711,0.5248792922602417,0.5278473586035246,0.8860231115525599,-0.06546163965588828,0.532856238729637,7.661727856201029e-05,-0.007494634643291874,-0.004152956999218705,-0.0004764798285333644,1.021977668629071e-06,0.7499299616180867,-0.05540673180474384,0.4510095204607648,6.484886457488552e-05,-0.7215866859639908,-0.31328426936529363,-0.416710684604752,-0.22003625144869485,0.6470796605640742,-0.425279230920958,0.01999431348255901,-0.03807657330095902,-0.008068391196360174,-0.005283301366840121,-0.0008941992926127286,2.04649717064574e-06
15.519999999999982,0.92,0.025,0.009797958971132711,0.5248792922602417,0.5278473586035246,0.8848244626396569,-0.06612517706255192,0.5327792211284577,7.681036674182181e-05,-0.007488476445566076,-0.004141263967531749,-0.0004814131651702137,1.0211077063170786e-06,0.7489154251782056,-0.05596834986574394,0.45094433276312657,6.501229441027798e-05,-0.7209199881823243,-0.3122707961021451,-0.4166503700850311,-0.2200046076770482,0.6458853732894092,-0.42527756915695514,0.02020224297663419,-0.03847032482880386,-0.008068399951966813,-0.005283294642443491,-0.000903588182234643,2.0468377945902766e-06
15.680000000000007,0.92,0.025,0.009797958971132711,0.5248792922602417,0.5278473586035246,0.8836267991926302,-0.06678684520754964,0.5327014134774394,7.700339955720302e-05,-0.007482316323112908,-0.004129591224302028,-0.00048634516276005934,1.020202993589593e-06,0.7479017228366422,-0.05652838578367002,0.4508784763673047,6.517567738521664e-05,-0.7202532937946446,-0.31125919388118006,-0.4165894376969063,-0.21997263770980707,0.6446926286070659,-0.42527490127652445,0.020410118825459626,-0.0388639680072398,-0.008068408741594068,-0.005283287915513289,-0.0009129786270882623,2.04712325518288e-06
15.840000000000032,0.92,0.025,0.009797958971132711,0.5248792922602417,0.5278473586035246,0.8824301215178652,-0.06744664733507054,0.5326228160469876,7.719636627010716e-05,-0.007476154295565645,-0.0041179387449826405,-0.0004912757941439874,1.0192633972513382e-06,0.746888854852721,-0.05708684230440371,0.4508119515021703,6.53390044110187e-05,-0.7195866043761987,-0.31024946028529077,-0.41652788765630006,-0.21994034165021473,0.6435014253774506,-0.42527122988162713,0.02061793989535985,-0.03925750066277934,-0.008068417565334163,-0.005283281186100622,-0.0009223706181832354,2.0473532572686414e-06
16.0,0.92,0.025,0.009797958971132711,0.5248792922602417,0.5278473586035246,0.881234429918609,-0.06810458668537774,0.532543429112232,7.738925613064389e-05,-0.007469990382511502,-0.004106306505041785,-0.0004962050319370071,1.01828878517374e-06,0.7458768214831107,-0.05764372217050372,0.45074475840059314,6.5502266388977e-05,-0.7189199214981479,-0.3092415928990476,-0.41646572018283157,-0.21990771960345085,0.6423117624602441,-0.42526655756990417,0.020825705043048752,-0.03965092060393404,-0.008068426423279467,-0.005283274454256882,-0.0009317641460858261,2.0475275061533595e-06
16.160000000000025,0.92,0.025,0.009797958971132711,0.5248792922602417,0.5278473586035246,0.8800397246949792,-0.06876066649481011,0.5324632529530553,7.758205837853683e-05,-0.007463824603491702,-0.004094694479962773,-0.0005011328485281841,1.017279026301083e-06,0.7448656229818303,-0.05819902812120728,0.45067689729946603,6.566545421159358e-05,-0.7182532467275827,-0.30823558930877804,-0.4164029354998404,-0.21987477167664807,0.6411236387144051,-0.425260886934682,0.021033413115634798,-0.04004422562122547,-0.008068435315522498,-0.0052832677200337404,-0.0009411592009182233,2.047645707611571e-06
16.319999999999993,0.92,0.025,0.009797958971132711,0.5248792922602417,0.5278473586035246,0.8788460061439696,-0.06941488999578521,0.5323822878541216,7.777476224457069e-05,-0.00745765697800155,-0.004083102645244056,-0.0005060592160807854,1.016233990656786e-06,0.7438552596002559,-0.05875276289243261,0.4506083684397285,6.582855876380463e-05,-0.7175865816275294,-0.3072314471025823,-0.41633953383440975,-0.21984149797890565,0.639937052998175,-0.4252542205649768,0.021241062950626523,-0.040437413487196976,-0.008068444242155925,-0.00528326098348316,-0.0009505557723578545,2.047707567894968e-06
16.480000000000018,0.92,0.025,0.009797958971132711,0.5248792922602417,0.5278473586035246,0.8776532745594591,-0.0700672604168016,0.5323005341049016,7.796735695204749e-05,-0.007451487525490512,-0.004071530976399242,-0.0005109841065324827,1.0151535493495667e-06,0.7428457315871262,-0.05930492921678088,0.45053917206638877,6.5991570924213e-05,-0.7169199277569522,-0.3062291638702747,-0.416275515417382,-0.21980789862129774,0.6387520041690836,-0.4252465610455004,0.02144865337594068,-0.04083048195643019,-0.008068453203272574,-0.005283254244657389,-0.0009599538496368062,2.0477127937408443e-06
16.639999999999986,0.92,0.025,0.009797958971132711,0.5248792922602417,0.5278473586035246,0.8764615302322182,-0.07071778098244125,0.5322179919997015,7.815983171824176e-05,-0.007445316265362272,-0.004059979448957116,-0.0005159074915955553,1.0140375745796353e-06,0.7418370391885495,-0.05985552982353828,0.45046930842854743,6.615448156631982e-05,-0.7162532866707684,-0.3052287372034756,-0.4162108804833844,-0.21977397371689064,0.6375684910839514,-0.42523791095666336,0.021656183209910265,-0.04122342876556147,-0.008068462198965402,-0.005283247503608962,-0.000969353421541221,2.0476610923807513e-06
16.80000000000001,0.92,0.025,0.009797958971132711,0.5248792922602417,0.5278473586035246,0.8752707734499163,-0.0713664549133718,0.5321346618376895,7.835217575585092e-05,-0.007439143216974819,-0.00404844803846166,-0.0005208293427571531,1.0128859396449192e-06,0.7408291826480092,-0.0604045674386779,0.45039877777942045,6.631728155975222e-05,-0.7155866599198504,-0.30423016469556763,-0.4161456292708486,-0.21973972338075318,0.6363865125988972,-0.4252282728745828,0.021863651261295115,-0.04161625163330324,-0.008068471229327533,-0.00528324076039071,-0.0009787544764107991,2.047552171549432e-06
16.960000000000036,0.92,0.025,0.009797958971132711,0.5248792922602417,0.5278473586035246,0.8740810044971296,-0.07201328542634931,0.5320505439229231,7.854437827443917e-05,-0.007432968399640515,-0.004036936720472072,-0.00052574963127956,1.0116985189473105e-06,0.7398221622063705,-0.06095204478486206,0.4503275803763621,6.647996177148531e-05,-0.7149200490510368,-0.30323344394174223,-0.4160797620220309,-0.2197051477299709,0.63520606756934,-0.4252176493710842,0.0220710563292925,-0.042008948260465195,-0.008068480294452238,-0.005283234015055755,-0.0009881570021382858,2.047385739493957e-06
17.120000000000005,0.92,0.025,0.009797958971132711,0.5248792922602417,0.5278473586035246,0.8728922236553472,-0.07265827573422054,0.5319656385643745,7.873642848190627e-05,-0.007426791832626163,-0.0040254454705627865,-0.0005306683282005067,1.0104751879987802e-06,0.7388159781018859,-0.06149796458144427,0.4502557164808866,6.664251306708547e-05,-0.7142534556071335,-0.3022385725389396,-0.4160132789830313,-0.21967024688365464,0.6340271548500046,-0.42520604301370885,0.02227839720354978,-0.04240151632997948,-0.008068489394432934,-0.0052832272676575105,-0.0009975609861690412,2.0471615049828705e-06
17.28000000000003,0.92,0.025,0.009797958971132711,0.5248792922602417,0.5278473586035246,0.8717044312029798,-0.07330142904592528,0.5318799460759596,7.892831558590824e-05,-0.007420613535153084,-0.0040139742643234945,-0.0005355854043335113,1.009215823427681e-06,0.7378106305702021,-0.062042329544471156,0.4501831863586922,6.680492631191273e-05,-0.713586881126926,-0.30124554808591125,-0.4159461804038164,-0.21963502096295676,0.6328497732949272,-0.42519345636571754,0.022485672664178325,-0.042793953506928294,-0.0080684985293632,-0.005283220518249696,-0.0010069664155006456,2.04687917731579e-06
17.439999999999998,0.92,0.025,0.009797958971132711,0.5248792922602417,0.5278473586035246,0.8705176274153662,-0.07394274856649884,0.5317934667765624,7.912002879532631e-05,-0.007414433526397185,-0.004002523077359156,-0.0005405008302682339,1.0079203029849334e-06,0.736806119844366,-0.06258514238668463,0.4501099902796824,6.69671923723642e-05,-0.7129203271451869,-0.3002543681832212,-0.4158784665382386,-0.21959947009108255,0.6316739217574577,-0.42517989198609557,0.022692881481767898,-0.04318625743857233,-0.008068507699336754,-0.005283213766886314,-0.00101637327668252,2.046538466333074e-06
17.600000000000023,0.92,0.025,0.009797958971132711,0.5248792922602417,0.5278473586035246,0.8693318125647804,-0.07458223749707471,0.5317062009900619,7.93115573217036e-05,-0.0074082518254890315,-0.0039910918852900275,-0.0005454145763708838,1.0065885055501984e-06,0.7358024461548301,-0.06312640581752403,0.45003612851798847,6.712930211708993e-05,-0.7122537951926766,-0.2992650304332003,-0.4158101376440547,-0.21956359439329953,0.6304995990902659,-0.42516535242955816,0.02290002241740333,-0.043578425754383546,-0.008068516904447468,-0.005283207013621674,-0.0010257815558156354,2.046139082425618e-06
17.75999999999999,0.92,0.025,0.009797958971132711,0.5248792922602417,0.5278473586035246,0.8681469869204393,-0.07521989903488678,0.5316181490453589,7.950289038067296e-05,-0.007402068451513918,-0.003979680663751674,-0.0005503266127846315,1.0052203111380912e-06,0.7347996097294599,-0.06366612254312817,0.44996160135199176,6.729124641820159e-05,-0.7115872867961528,-0.29827753243996386,-0.41574119398294646,-0.21952739399695093,0.6293268041453449,-0.4251498402465546,0.02310709422268141,-0.04397045606607841,-0.008068526144789367,-0.0052832002585103816,-0.0010351912385522131,2.0456807365448897e-06
17.920000000000016,0.92,0.025,0.009797958971132711,0.5248792922602417,0.5278473586035246,0.86696315074851,-0.07585573637327177,0.5315293112764011,7.969401719339928e-05,-0.007395883423511942,-0.003968289388394991,-0.0005552369094300753,1.003815600904376e-06,0.7337976107935389,-0.06420429526633722,0.44988640906434596,6.745301615249315e-05,-0.7109208034783834,-0.2972918718094735,-0.4156716358205424,-0.21949086903147041,0.6281555357740174,-0.42513335798327434,0.02331409563973005,-0.04436234596765531,-0.00806853542045663,-0.005283193501607343,-0.0010446023100955187,2.045163140213179e-06
18.079999999999984,0.92,0.025,0.009797958971132711,0.5248792922602417,0.5278473586035246,0.8657803043121167,-0.07648975270167187,0.5314396880222095,7.988492698799859e-05,-0.007389696760478077,-0.0039569180348862235,-0.0005601454360057119,1.0023742571521528e-06,0.7327964495697756,-0.06474092668669507,0.44981055194199815,6.761460220264201e-05,-0.7102543467581441,-0.29630804614946055,-0.4156014634264352,-0.21945401962838965,0.6269857928269373,-0.4251159081816511,0.02352102540122757,-0.04475409303543241,-0.008068544731543574,-0.005283186742967761,-0.001054014755199651,2.0445860055339728e-06
18.24000000000001,0.92,0.025,0.009797958971132711,0.5248792922602417,0.5278473586035246,0.8645984478713475,-0.07712195120563708,0.5313492796269039,8.007560900101145e-05,-0.0073835084813622335,-0.00394556657890698,-0.0005650521619884592,1.0008961633380055e-06,0.7317961262783086,-0.06527601950045123,0.4497340302762115,6.77759954584561e-05,-0.7095879181502263,-0.29532605306942955,-0.41553067707419983,-0.21941684592135002,0.6258175741540973,-0.42509749337936764,0.02372788223042428,-0.04514569482808963,-0.008068554078144679,-0.005283179982647148,-0.0010634285581694128,2.0439490452025797e-06
18.400000000000034,0.92,0.025,0.009797958971132711,0.5248792922602417,0.5278473586035246,0.863417581683263,-0.07775233506682769,0.531258086439728,8.026605247874662e-05,-0.0073773186050693435,-0.003934234996154256,-0.0005699570566341896,9.993812040782228e-07,0.7307966411367138,-0.06580957640056295,0.44965684436258585,6.793718681801114e-05,-0.7089215191654542,-0.29434589018076296,-0.4154592770414182,-0.21937934804612028,0.6246508786048304,-0.4250781161098612,0.023934664841164428,-0.04553714888671148,-0.00806856346035457,-0.005283173220701318,-0.0010728437028601954,2.0432519725168327e-06
18.560000000000002,0.92,0.025,0.009797958971132711,0.5248792922602417,0.5278473586035246,0.8622377060019016,-0.07838090746301664,0.5311661088150756,8.045624667877208e-05,-0.007371127150459422,-0.00392292326234045,-0.0005748600889783009,9.97829265154952e-07,0.7297979943600096,-0.06634160007669729,0.44957899450108,6.80981671889127e-05,-0.7082551513106775,-0.29336755509658813,-0.41538726360969275,-0.21934152614060054,0.6234857050278166,-0.4250577789023282,0.024141371937909818,-0.045928452734832946,-0.008068572878268026,-0.005283166457186384,-0.001082260172677914,2.042494501388159e-06
18.720000000000027,0.92,0.025,0.009797958971132711,0.5248792922602417,0.5278473586035246,0.8610588210782888,-0.07900767156809231,0.5310733471125147,8.0646180871271e-05,-0.0073649341363476424,-0.0039116313531933795,-0.0005797612278363219,9.962402335222905e-07,0.7288001861606637,-0.06687209321523334,0.4495004809960325,6.825892748944378e-05,-0.7075888160887845,-0.29239104543183714,-0.4153146370646674,-0.21930338034483696,0.6223220522710866,-0.42503648428172924,0.024348002215764757,-0.04631960387848797,-0.008068582331979966,-0.0052831596921587695,-0.0010916779505790036,2.0416763463524837e-06
18.879999999999995,0.92,0.025,0.009797958971132711,0.5248792922602417,0.5278473586035246,0.8598809271604423,-0.07963263055206049,0.5309798016968132,8.083584434048743e-05,-0.007358739581504406,-0.0039003592444563024,-0.0005846604418045326,9.94613997312528e-07,0.7278032167485984,-0.067401058499264,0.44942130415618275,6.841945864978856e-05,-0.7069225149987112,-0.29141635880327904,-0.4152413976960485,-0.21926491080103488,0.6211599191820253,-0.4250142347687939,0.024554554360501742,-0.046710599806259336,-0.00806859182158547,-0.005283152925675201,-0.001101097019070424,2.040797222581778e-06
19.04000000000002,0.92,0.025,0.009797958971132711,0.5248792922602417,0.5278473586035246,0.8587040244933805,-0.08025578758104741,0.5308854729379635,8.102522638608518e-05,-0.007352543504655413,-0.0038891069118879348,-0.0005895576992606264,9.929504458421716e-07,0.7268070863311973,-0.06792849860859854,0.44934146429469235,6.85797516131825e-05,-0.7062562495354454,-0.2904434928294898,-0.4151675457976218,-0.2192261176535686,0.6199993046073778,-0.4249910328800259,0.024761027048588853,-0.04710143798933171,-0.008068601347179764,-0.005283146157792719,-0.0011105173602097343,2.0398568458952513e-06
19.19999999999999,0.92,0.025,0.009797958971132711,0.5248792922602417,0.5278473586035246,0.8575281133191293,-0.08087714581730178,0.530790361211207,8.121431632457107e-05,-0.007346345924481734,-0.003877874331262465,-0.0005944529683643895,9.912494696181027e-07,0.7258117951133111,-0.06845441621976422,0.4492609617291657,6.873979733711695e-05,-0.7055900211900286,-0.2894724451308093,-0.4150930816672697,-0.21918700104899003,0.6188402073932527,-0.42496688112770736,0.024967418947217938,-0.04749211588154615,-0.008068610908858222,-0.005283139388568662,-0.0011199389556051887,2.0388549327711164e-06
19.360000000000014,0.92,0.025,0.009797958971132711,0.5248792922602417,0.5278473586035246,0.8563531938767291,-0.0814967084191973,0.5306944668970586,8.140310349065317e-05,-0.0073401468596198775,-0.0038666614783695753,-0.0005993462170584239,9.89510960343685e-07,0.7248173432972635,-0.0689788140060086,0.4491797967816704,6.889958679448885e-05,-0.7049238314495716,-0.2885032133294317,-0.41501800560699303,-0.21914756113604467,0.6176826263851266,-0.4249417820199046,0.025173728714334508,-0.04788263091945807,-0.008068620506716369,-0.005283132618060687,-0.0011293617864159004,2.0377912003583424e-06
19.519999999999982,0.92,0.025,0.009797958971132711,0.5248792922602417,0.5278473586035246,0.8551792664022421,-0.08211447854123546,0.5305977903813307,8.159157723863242e-05,-0.007333946328661868,-0.003855468329014459,-0.0006042374130688774,9.877348109248786e-07,0.7238237310828577,-0.0695016946373017,0.4490979697787583,6.905911097477848e-05,-0.7042576817972553,-0.2875357950493464,-0.4149423179229273,-0.21910779806567976,0.616526560427849,-0.4249157380604726,0.025379954998668082,-0.0482729805223958,-0.008068630140849884,-0.005283125846326759,-0.001138785833352008,2.036665366488685e-06
19.680000000000007,0.92,0.025,0.009797958971132711,0.5248792922602417,0.5278473586035246,0.8540063311287592,-0.08273045933404784,0.530500332055158,8.177972694377834e-05,-0.007327744350155303,-0.0038442948590178363,-0.0006091265239062275,9.859209154762393e-07,0.7228309586673819,-0.0700230607803381,0.44901548105148575,6.921836088521399e-05,-0.7035915737123389,-0.2865701879163542,-0.4148660189253616,-0.2190677119910558,0.6153720083656462,-0.4248887517490596,0.02558609643976469,-0.04866316209252337,-0.008068639811354583,-0.005283119073425155,-0.0011482110766749321,2.0354771496886906e-06
19.840000000000032,0.92,0.025,0.009797958971132711,0.5248792922602417,0.5278473586035246,0.8528343882864076,-0.08334465394439833,0.5304020923150206,8.196754200365834e-05,-0.007321540942603442,-0.0038331410442159724,-0.0006140135168660699,9.84069169327002e-07,0.7218390262456154,-0.07054291509853874,0.44893233093543344,6.937732755189642e-05,-0.7029255086701657,-0.2856063895580686,-0.4147891089287567,-0.21902730306755752,0.6142189690421258,-0.4248608255811127,0.025792151668019625,-0.049053173014903695,-0.008068649518326443,-0.005283112299414459,-0.0011576374961976266,2.034226269191955e-06
20.0,0.92,0.025,0.009797958971132711,0.5248792922602417,0.5278473586035246,0.8516634381023569,-0.08395706551518618,0.530303071562768,8.215501183950669e-05,-0.007315336124465258,-0.0038220068604606977,-0.0006188983590299485,9.821794690271098e-07,0.7208479340098349,-0.07106126025205359,0.4488485197707269,6.953600202095847e-05,-0.7022594881421708,-0.28464439760391597,-0.4147115882517629,-0.21898657145280506,0.6130674413002812,-0.42483196204788193,0.025998119304711933,-0.04944301065756516,-0.008068659261861585,-0.005283105524353579,-0.0011670650712848985,2.0329124449515724e-06
20.160000000000025,0.92,0.025,0.009797958971132711,0.5248792922602417,0.5278473586035246,0.8504934808008273,-0.08456769718544796,0.5302032702056423,8.234212589756599e-05,-0.007309129914155521,-0.003810892283619419,-0.0006237810172662178,9.802517123533507e-07,0.7198576821498203,-0.07157809889776316,0.44876404790205565,6.969437535969985e-05,-0.7015935135958865,-0.28368420968513713,-0.41463345721723754,-0.21894551730666395,0.6119174239824955,-0.4248021636364261,0.02620399796204026,-0.04983267237157062,-0.00806866904205628,-0.005283098748301731,-0.0011764937808537799,2.0315353976529543e-06
20.319999999999993,0.92,0.025,0.009797958971132711,0.5248792922602417,0.5278473586035246,0.8493245166030959,-0.08517655209036043,0.5301026886563021,8.252887365041741e-05,-0.007302922330044865,-0.0037997972895751427,-0.0006286614582309128,9.78285798315095e-07,0.7188682708528604,-0.07209343368928108,0.44867891567869406,6.98524386577133e-05,-0.7009275864949503,-0.28272582343478836,-0.4145547161522633,-0.21890414079125647,0.6107689159305463,-0.4247714328296168,0.026409786243159053,-0.05022215549108715,-0.008068678859006946,-0.005283091971318448,-0.0011859236033738947,2.0300948487260476e-06
20.480000000000018,0.92,0.025,0.009797958971132711,0.5248792922602417,0.5278473586035246,0.8481565457275042,-0.0857836333612426,0.5300013273328449,8.271524459828566e-05,-0.007296713390459852,-0.003788721854226492,-0.0006335396483686733,9.76281627160476e-07,0.7178797003037596,-0.07260726727695574,0.44859312345451996,7.001018302798898e-05,-0.7002617082991096,-0.2817692364877419,-0.41447536538816543,-0.2188624420709721,0.6096219159856099,-0.4247397721061439,0.026615482742216978,-0.05061145733346003,-0.008068688712810154,-0.005283085193463582,-0.001195354516867926,2.028590520358577e-06
20.639999999999986,0.92,0.025,0.009797958971132711,0.5248792922602417,0.5278473586035246,0.846989568389465,-0.08638894412555885,0.5298991866588307,8.290122827037596e-05,-0.007290503113683051,-0.003777665953487718,-0.0006384155539136713,9.742391003822946e-07,0.7168919706848432,-0.07311960230787301,0.44850667158803437,7.016759960804622e-05,-0.6995958804642306,-0.2808144464806871,-0.414395405260529,-0.21882042131247773,0.6084764229882654,-0.42470718394051993,0.026821086044395575,-0.05100057519928707,-0.008068698603562617,-0.005283078414797299,-0.0012047864989120707,2.027022135509011e-06
20.80000000000001,0.92,0.025,0.009797958971132711,0.5248792922602417,0.5278473586035246,0.8458235848014692,-0.08699248750692096,0.5297962670633042,8.308681422614912e-05,-0.0072842915179531014,-0.0037666295632887217,-0.0006432891408905868,9.721581207239486e-07,0.7159050821759636,-0.0736304414258579,0.4484195604423807,7.032467956101262e-05,-0.6989301044423023,-0.27986145105213145,-0.4143148361092164,-0.21877807868472823,0.6073324357784994,-0.42467367080308555,0.02702659472594986,-0.051389506372496715,-0.008068708531361202,-0.005283071635380089,-0.0012142195266365804,2.0253894179196797e-06
20.960000000000036,0.92,0.025,0.009797958971132711,0.5248792922602417,0.5278473586035246,0.8446585951730933,-0.08759426662509057,0.529692568980817,8.327199205662491e-05,-0.007278078621464786,-0.0037556126595750727,-0.0006481603751155907,9.700385921853226e-07,0.7149190349545061,-0.07413978727147666,0.44833179038536347,7.048141407672732e-05,-0.6982643816814451,-0.27891024784240154,-0.4142336582783837,-0.2187354143589765,0.6061899531957099,-0.4246392351600139,0.027232007354249285,-0.051778248120426786,-0.008068718496302921,-0.00528306485527276,-0.0012236535767262994,2.0236920921300597e-06
21.120000000000005,0.92,0.025,0.009797958971132711,0.5248792922602417,0.5278473586035246,0.8434945997110057,-0.08819428459598228,0.5295880928514515,8.345675138565545e-05,-0.007271864442369102,-0.003744615218308018,-0.0006530292221973745,9.678804200286414e-07,0.7139338291953953,-0.0746476424820394,0.44824336178946855,7.063779437281877e-05,-0.6975987136259162,-0.27796083449364356,-0.4141518721164994,-0.2186924285087846,0.6050489740787105,-0.4246038794733159,0.027437322487820645,-0.05216679769390687,-0.008068728498484933,-0.005283058074536441,-0.0012330886254212825,2.0219298834901476e-06
21.28000000000003,0.92,0.025,0.009797958971132711,0.5248792922602417,0.5278473586035246,0.8423315986189747,-0.0887925445316652,0.5294828391208406,8.364108187118311e-05,-0.007265648998773326,-0.0037336372154645105,-0.0006578956475381969,9.656835107843835e-07,0.7129494650711002,-0.07515400969160142,0.4481542750318795,7.07938116957694e-05,-0.6969331017161161,-0.27701320864982476,-0.4140694779763584,-0.2186491213100323,0.6039094972657355,-0.4245676062008446,0.02764253867639171,-0.05255515232734215,-0.008068738538004548,-0.005283051293232583,-0.0012425246485174364,2.0201025181741216e-06
21.439999999999998,0.92,0.025,0.009797958971132711,0.5248792922602417,0.5278473586035246,0.8411695920978745,-0.08938904954036644,0.5293768082401918,8.382497320649635e-05,-0.007259432308741087,-0.0037226786270372117,-0.0006627596163349512,9.634477722571071e-07,0.7119659427516409,-0.07565889153096617,0.4480645304944984,7.094945732197852e-05,-0.6962675473885961,-0.27606736795673414,-0.41398647621510126,-0.2186054929409286,0.6027715215944428,-0.42453041779630085,0.027847654460935744,-0.052943309238798815,-0.008068748614959223,-0.005283044511422959,-0.0012519616213671836,2.018209723194023e-06
21.600000000000023,0.92,0.025,0.009797958971132711,0.5248792922602417,0.5278473586035246,0.8400085803456925,-0.08998380272647317,0.5292700006663074,8.40084151214755e-05,-0.007253214390292438,-0.0037117394290345222,-0.0006676210935802808,9.611731135312237e-07,0.7109832624045942,-0.0761622906276869,0.44797412856396257,7.110472255881686e-05,-0.6956020520760641,-0.275123310061983,-0.41390286719422875,-0.21856154358202057,0.6016350459019195,-0.4244923167092372,0.028052668373718007,-0.05333126563009341,-0.008068758729446561,-0.005283037729169675,-0.001261399518880214,2.0162512264135494e-06
21.75999999999999,0.92,0.025,0.009797958971132711,0.5248792922602417,0.5278473586035246,0.838848563557537,-0.09057680719053493,0.5291624168616068,8.419139738381107e-05,-0.007246995261403921,-0.003700819597480589,-0.0006724800440636916,9.588594449767718e-07,0.7100014241950994,-0.07666420960606878,0.447883069631664,7.12595987456577e-05,-0.6949366172073903,-0.27418103261500654,-0.4138186512796194,-0.21851727341620397,0.6005000690246856,-0.42445330538506365,0.028257578938342225,-0.05371901868688182,-0.008068768881564312,-0.0052830309465351525,-0.0012708383155242142,2.0142267565619638e-06
21.920000000000016,0.92,0.025,0.009797958971132711,0.5248792922602417,0.5278473586035246,0.8376895419256429,-0.09116806602926647,0.5290540572941477,8.437390980022707e-05,-0.0072407749400086405,-0.003689919108415325,-0.0006773364323727215,9.565066782551513e-07,0.7090204282858642,-0.07716465108717115,0.44779135409376664,7.14140772549122e-05,-0.6942712442076153,-0.2732405332670641,-0.41373382884154514,-0.21847268262873254,0.5993665897986977,-0.4244133862650521,0.02846238466979934,-0.05410656557875285,-0.008068779071410377,-0.005283024163582145,-0.0012802779853256954,2.0121360432481715e-06
22.079999999999984,0.92,0.025,0.009797958971132711,0.5248792922602417,0.5278473586035246,0.8365315156393798,-0.09175758233555027,0.5289449224376463,8.455594221767668e-05,-0.007234553443996327,-0.0036790379378944258,-0.0006821902228941074,9.54114726324892e-07,0.708040274837171,-0.07766361768880975,0.4476989823512239,7.156814949304154e-05,-0.6936059344979562,-0.2723018096712404,-0.41364840025468685,-0.2184277714072276,0.5982346070593542,-0.42437256178634086,0.028667084074516284,-0.054493903459321674,-0.008068789299082798,-0.005283017380373731,-0.001289718501870813,2.0099788169749913e-06
22.24000000000001,0.92,0.025,0.009797958971132711,0.5248792922602417,0.5278473586035246,0.835374484885258,-0.09234535919843899,0.5288350127714997,8.473748452451072e-05,-0.007228330791213412,-0.003668176061989385,-0.0006870413798150103,9.516835034472309e-07,0.7070609640068825,-0.07816111202555877,0.44760595480979737,7.172180690154588e-05,-0.6929406894958116,-0.2713648594824465,-0.413562365898151,-0.21838253994168788,0.5971041196414986,-0.4243308343819402,0.028871675650407092,-0.054881029466327814,-0.008068799564679765,-0.00528301059697332,-0.0012991598383062747,2.0077548091532045e-06
22.400000000000034,0.92,0.025,0.009797958971132711,0.5248792922602417,0.5278473586035246,0.8342184498469358,-0.09293139970315786,0.5287243287808053,8.491852665167273e-05,-0.007222106999463098,-0.0036573334567875098,-0.0006918898671242296,9.49212925191894e-07,0.7060824959504465,-0.07865713670875282,0.44751227188007364,7.18750409579758e-05,-0.6922755106147699,-0.27042968035741993,-0.41347572615548533,-0.21833698842449886,0.5959751263794244,-0.42428820648073706,0.029076157886923647,-0.05526794072173235,-0.008068809868299618,-0.005283003813444649,-0.0013086019673402265,2.005463752116263e-06
22.560000000000002,0.92,0.025,0.009797958971132711,0.5248792922602417,0.5278473586035246,0.8330634107052269,-0.09351570693110746,0.5286128709563815,8.509905857385992e-05,-0.007215882086505422,-0.00364651009839194,-0.0006967356486134779,9.467029084425833e-07,0.7051048708209041,-0.07915169434648936,0.44741793397748136,7.202784317691504e-05,-0.691610399264615,-0.2694962699547268,-0.4133884814146931,-0.21829111705044182,0.5948476261068792,-0.42424468050749936,0.029280529265108927,-0.055654634331819844,-0.008068820210040843,-0.0052829970298517905,-0.0013180448612432425,2.003105379134572e-06
22.720000000000027,0.92,0.025,0.009797958971132711,0.5248792922602417,0.5278473586035246,0.8319093676381063,-0.09409828395986614,0.5285006397947881,8.527907031064035e-05,-0.007209656070057329,-0.0036357059629216616,-0.0007015786878786601,9.441533714026224e-07,0.7041280887688932,-0.0796447875436307,0.44732294152230867,7.2180205110926e-05,-0.6909453568513324,-0.26856462593476127,-0.41330063206824963,-0.2182449260167034,0.5937216176570687,-0.4242002588828816,0.02948478825765048,-0.05604110738730077,-0.008068830590002074,-0.005282990246259148,-0.0013274884918493101,2.0006794244301556e-06
22.879999999999995,0.92,0.025,0.009797958971132711,0.5248792922602417,0.5278473586035246,0.8307563208207183,-0.0946791338631924,0.5283876357983462,8.545855192759088e-05,-0.007203428967792737,-0.003624921026511524,-0.0007064189483211815,9.415642336005436e-07,0.703152149942656,-0.08013641890180606,0.4472272949397203,7.233211835151293e-05,-0.6902803847771164,-0.26763474595974773,-0.41321217851311726,-0.21819841552288463,0.5925970998626602,-0.4241549440234289,0.029688933328935043,-0.05642735696341608,-0.008068841008282078,-0.005282983462731452,-0.0013369328305568625,1.9981856231914746e-06
23.04000000000002,0.92,0.025,0.009797958971132711,0.5248792922602417,0.5278473586035246,0.829604270425382,-0.09525825971102779,0.5282738594751581,8.563749353741982e-05,-0.0071972007973426155,-0.0036141552653122543,-0.0007112563931492925,9.389354158955256e-07,0.7021770544880434,-0.08062659101941393,0.44713099465977385,7.248357453007213e-05,-0.6896154844403759,-0.26670662769374043,-0.4131231211507602,-0.2181515857710101,0.5914740715557885,-0.424108738341583,0.02989296293510483,-0.05681338012004484,-0.008068851464979793,-0.005282976679333779,-0.0013463778483298705,1.9956237115881277e-06
23.19999999999999,0.92,0.025,0.009797958971132711,0.5248792922602417,0.5278473586035246,0.8284532166215999,-0.09583566456949925,0.5281593113391266,8.581588530103823e-05,-0.007190971576295038,-0.003603408655490474,-0.0007160909853794377,9.362668404827957e-07,0.7012028025485222,-0.08111530649162417,0.44703404111743683,7.263456531879875e-05,-0.6889506572357413,-0.265780268802625,-0.4130334603871592,-0.21810443696553658,0.5903525315680582,-0.42406164424568565,0.030096875524113883,-0.057199173901812075,-0.008068861960194275,-0.0052829698961315286,-0.0013558235156989338,1.9929934267855573e-06
23.360000000000014,0.92,0.025,0.009797958971132711,0.5248792922602417,0.5278473586035246,0.8273031595760632,-0.09641135150092144,0.5280439919099745,8.599371742866537e-05,-0.007184741322195266,-0.003592681173228716,-0.000720922687837656,9.335584308993044e-07,0.7002293942651799,-0.08160256791037991,0.4469364347526025,7.278508243162238e-05,-0.6882859045540708,-0.2648556669541195,-0.4129431966328266,-0.21805696931336202,0.5892324787305493,-0.4240136641399846,0.030300669535786647,-0.0575847353382008,-0.008068872494024744,-0.005282963113190448,-0.0013652698027624593,1.9902945069605604e-06
23.519999999999982,0.92,0.025,0.009797958971132711,0.5248792922602417,0.5278473586035246,0.8261540994526594,-0.09698532356379969,0.5279279017132639,8.61709801808709e-05,-0.007178510052545809,-0.0035819727947254388,-0.0007257514631609763,9.308101120288775e-07,0.699256829776731,-0.08208837786440006,0.44683817601010656,7.293511762508913e-05,-0.6876212277824563,-0.2639328198177743,-0.4128523303028204,-0.2180091830238345,0.5881139118738201,-0.42396480042463774,0.030504343401876337,-0.05797006144366369,-0.008068883066570557,-0.005282956330576613,-0.0013747166791878223,1.9875266913158526e-06
23.680000000000007,0.92,0.025,0.009797958971132711,0.5248792922602417,0.5278473586035246,0.8250060364124793,-0.09755758381283229,0.5278110412804142,8.634766386964595e-05,-0.0071722777848065,-0.003571283496195042,-0.0007305772737988709,9.280218101076111e-07,0.6982851092195225,-0.08257273893918125,0.4467392653397426,7.308466269926834e-05,-0.6869566283042304,-0.2630117250649741,-0.41276086181675914,-0.21796107830876035,0.5869968298279126,-0.4239150554957189,0.030707895546125786,-0.05835514921773923,-0.008068893677931224,-0.005282949548356447,-0.0013841641142126292,1.984689720095367e-06
23.840000000000032,0.92,0.025,0.009797958971132711,0.5248792922602417,0.5278473586035246,0.8238589706138233,-0.09812813529891305,0.5276934111487223,8.652375885939206e-05,-0.007166044536394554,-0.0035606132538678835,-0.0007354000820147021,9.251934527293948e-07,0.6973142327275401,-0.08305565371700001,0.44663970319627855,7.323370949858945e-05,-0.6862921074989732,-0.2620923803689377,-0.41266879159883546,-0.21791265538241303,0.5858812314223553,-0.42386443174522104,0.030911324384327917,-0.05873999564516749,-0.008068904328206387,-0.005282942766596705,-0.0013936120766459554,1.9817833345997774e-06
24.0,0.92,0.025,0.009797958971132711,0.5248792922602417,0.5278473586035246,0.8227129022122085,-0.09869698106913405,0.5275750118613796,8.669925556796316e-05,-0.007159810324684648,-0.003549962043990292,-0.0007402198498872072,9.223249688508549e-07,0.6963442004324133,-0.08353712477691506,0.4465394900394717,7.338224991272402e-05,-0.6856276667425176,-0.2611747834047194,-0.4125761200778307,-0.2178639144615415,0.5847671154861684,-0.423812931561063,0.03111462832438793,-0.05912459769600885,-0.008068915017495848,-0.005282935985364489,-0.0014030605348696506,1.9788072772012657e-06
24.160000000000025,0.92,0.025,0.009797958971132711,0.5248792922602417,0.5278473586035246,0.8215678313603753,-0.09926412416678797,0.527455843967491,8.687414446766019e-05,-0.007153575167008979,-0.003539329842824586,-0.0007450365393120188,9.194162887968683e-07,0.6953750124634217,-0.08401715469476934,0.44643862633408443,7.353027587742759e-05,-0.684963307406956,-0.2602589318492094,-0.4124828476871284,-0.21781485576537835,0.5836544808478675,-0.4237605573270925,0.03131780576638692,-0.05950895232576553,-0.00806892574589954,-0.005282929204727239,-0.0014125094568397014,1.9757612913594466e-06
24.319999999999993,0.92,0.025,0.009797958971132711,0.5248792922602417,0.5278473586035246,0.8204237582082944,-0.09982956763137084,0.5273359080220924,8.704841608619813e-05,-0.007147339080657341,-0.0035287166266490854,-0.0007498501120031805,9.164673442655615e-07,0.6944066689475004,-0.08449574604319228,0.44633711254989905,7.36777793753581e-05,-0.6842990308606471,-0.25934482338113485,-0.41238897486472775,-0.21776547951564804,0.5825433263354673,-0.4237073114230925,0.031520855102645344,-0.0598930564755029,-0.008068936513517552,-0.005282922424752746,-0.0014219588100875783,1.9726451216364344e-06
24.480000000000018,0.92,0.025,0.009797958971132711,0.5248792922602417,0.5278473586035246,0.8192806829031738,-0.10039331449858431,0.5272152045861692,8.722206100766406e-05,-0.007141102082877188,-0.0035181223717581298,-0.000754660529494719,9.134780683335595e-07,0.6934391700092464,-0.08497290139160177,0.4462349491617337,7.382475243688686e-05,-0.6836348384682224,-0.2584324556810609,-0.4122945020532576,-0.21771578593657517,0.5814336507764866,-0.4236531962247852,0.03172377471778881,-0.06027690707197509,-0.008068947320450107,-0.005282915645509136,-0.0014314085617216773,1.9694585137125602e-06
24.639999999999986,0.92,0.025,0.009797958971132711,0.5248792922602417,0.5278473586035246,0.8181386055894649,-0.10095536780033863,0.527093734226673,8.739506987345691e-05,-0.0071348641908737,-0.0035075470544620913,-0.0007594677531422104,9.104483954610048e-07,0.6924725157709232,-0.08544862330620662,0.4461321366494561,7.397118714089394e-05,-0.6829707315905919,-0.25752182643139077,-0.41219942969998974,-0.21766577525489225,0.580325452997951,-0.4235982141038368,0.03192656298881374,-0.060660501027750266,-0.008068958166797575,-0.005282908867064887,-0.0014408586784287478,1.966201214401796e-06
24.80000000000001,0.92,0.025,0.009797958971132711,0.5248792922602417,0.5278473586035246,0.8169975264088702,-0.10151573056475482,0.5269714975165392,8.756743338321752e-05,-0.007128625421809861,-0.0034969906510873925,-0.0007642717441243903,9.073782614967084e-07,0.6915067063524678,-0.08592291435000848,0.44602867549799874,7.411707561555532e-05,-0.682306711584951,-0.2566129333163671,-0.41210375825685114,-0.21761544769984756,0.5792187318263987,-0.4235423674278628,0.032129218285154706,-0.061043835241339356,-0.008068969052660475,-0.00528290208948882,-0.0014503091264753938,1.9628729716676006e-06
24.960000000000036,0.92,0.025,0.009797958971132711,0.5248792922602417,0.5278473586035246,0.8158574455003488,-0.10207440581616743,0.526848495034704,8.77391422957262e-05,-0.007122385792806514,-0.003486453137976517,-0.0007690724634447758,9.042676036829858e-07,0.6905417418714952,-0.08639577708280412,0.4459245661973735,7.426241003910265e-05,-0.6816427798047863,-0.25570577402207245,-0.41200748818043825,-0.2175648035032129,0.578113486087883,-0.42348565856043224,0.03233173896875246,-0.061426906597325755,-0.008068979978139464,-0.005282895312850107,-0.0014597598717095873,1.9594735346382694e-06
25.120000000000005,0.92,0.025,0.009797958971132711,0.5248792922602417,0.5278473586035246,0.8147183630001242,-0.10263139657512725,0.5267247273661219,8.791018742978121e-05,-0.007116145320942443,-0.003475934491488028,-0.0007738698719333139,9.011163606608077e-07,0.6895776224433052,-0.0868672140611877,0.44581980924268555,7.440718264056682e-05,-0.6809789375998824,-0.2548003462364302,-0.4119106199320288,-0.21751384289929154,0.5770097146079775,-0.4234280898610735,0.032534123394122955,-0.06180971196649708,-0.008068990943335345,-0.005282888537218268,-0.0014692108795622267,1.956002653623021e-06
25.28000000000003,0.92,0.025,0.009797958971132711,0.5248792922602417,0.5278473586035246,0.8135802790416906,-0.10318670585840356,0.526600195101781,8.80805596650677e-05,-0.0071099040232544255,-0.003465434687996583,-0.0007786639302480568,8.979244724745047e-07,0.688614348180887,-0.08733722783855277,0.44571440513414745,7.455138570051331e-05,-0.6803151863163279,-0.2538966476492051,-0.411813153977595,-0.21746256612492518,0.5759074162117789,-0.4233696636852775,0.03273636990842752,-0.062192248205979114,-0.008069001948349063,-0.005282881762663173,-0.001478662115048743,1.9524600801274056e-06
25.439999999999998,0.92,0.025,0.009797958971132711,0.5248792922602417,0.5278473586035246,0.8124431937558197,-0.10374033667898698,0.5264748988387208,8.825024994302625e-05,-0.007103661916737313,-0.0034549537038929467,-0.0007834545988768452,8.946918805768228e-07,0.6876519191949259,-0.08780582096509458,0.4456083543770933,7.469501155177743e-05,-0.6796515272965227,-0.25299467595200414,-0.41171509078781565,-0.21741097341950186,0.5748065897239125,-0.4233103823845039,0.032938476851543434,-0.06257451215937038,-0.008069012993281704,-0.005282874989255046,-0.0014881135427707041,1.9488455668695575e-06
25.600000000000023,0.92,0.025,0.009797958971132711,0.5248792922602417,0.5278473586035246,0.8113071072705675,-0.1042922920460918,0.5263488391800469,8.841924926762844e-05,-0.007097419018344092,-0.003444491515584005,-0.0007882418381390365,8.914185278335285e-07,0.6866903355938084,-0.0882729959878121,0.4455016574819917,7.483805258012071e-05,-0.6789879618791826,-0.2520944288382775,-0.41161643083808847,-0.21735906502496302,0.5737072339685351,-0.4232502483061857,0.03314044255613635,-0.06295650065688027,-0.008069024078234498,-0.0052828682170644545,-0.0014975651269175075,1.9451588677955367e-06
25.75999999999999,0.92,0.025,0.009797958971132711,0.5248792922602417,0.5278473586035246,0.8101720197112806,-0.1048425749651589,0.5262220167349485,8.858754870622504e-05,-0.007091175344985953,-0.003434048099492782,-0.0007930256081872288,8.881043585283721e-07,0.6857295974836279,-0.0887387554505105,0.4453943149644604,7.498050122494888e-05,-0.6783244913993473,-0.2511959040033188,-0.41151717460854265,-0.21730684118581087,0.572609347769339,-0.4231892637937333,0.033342265347732526,-0.06333821051546693,-0.00806903520330882,-0.005282861446162331,-0.0015070168312680502,1.9413997380957213e-06
25.920000000000016,0.92,0.025,0.009797958971132711,0.5248792922602417,0.5278473586035246,0.8090379312006033,-0.10539118843785801,0.5260944321187122,8.87551393903362e-05,-0.0070849309135323614,-0.0034236234320584548,-0.00079780586900903,8.847493183674841e-07,0.6847697049681907,-0.08920310189380302,0.445286327345278,7.512234997998056e-05,-0.6776611171883851,-0.2502990991442662,-0.4114173225840497,-0.2172543021491152,0.5715129299495572,-0.42312743118653995,0.03354394354479302,-0.06371963853897854,-0.008069046368606185,-0.005282854676619959,-0.0015164686191924846,1.9375679342201644e-06
26.079999999999984,0.92,0.025,0.009797958971132711,0.5248792922602417,0.5278473586035246,0.8079048418584839,-0.10593813546209041,0.5259660859527391,8.892201251636236e-05,-0.007078685740811119,-0.003413217489736367,-0.0008025825804288288,8.813533544844529e-07,0.6838106581490208,-0.08966603785511333,0.4451776951503984,7.526359139384911e-05,-0.6769978405740004,-0.2494040119601028,-0.41131687525423655,-0.21720144816452058,0.570417979331966,-0.42306475281998646,0.03374547545878794,-0.06410078151829504,-0.008069057574228248,-0.005282847908508975,-0.0015259204536539658,1.9336632138951843e-06
26.24000000000001,0.92,0.025,0.009797958971132711,0.5248792922602417,0.5278473586035246,0.8067727518021822,-0.1064834190319915,0.5258369788645588,8.908815934640228e-05,-0.007072439843608436,-0.003402830248998041,-0.0008073557021096059,8.779164154444751e-07,0.682852457125367,-0.09012756586867761,0.4450684189109626,7.54042180707949e-05,-0.6763346628802405,-0.24851064015165816,-0.41121583311349597,-0.21714827948425305,0.5693244947388898,-0.4230012310254457,0.033946859394272354,-0.06448163623147271,-0.008069068820276807,-0.005282841141901374,-0.0015353722972104703,1.929685336138697e-06
26.400000000000034,0.92,0.025,0.009797958971132711,0.5248792922602417,0.5278473586035246,0.8056416611462747,-0.10702704213793364,0.5257071114878453,8.925357120892937e-05,-0.007066193238668999,-0.0033924616863311935,-0.0008121251935547456,8.744384512491329e-07,0.6818951019942069,-0.09058768846554703,0.4449584991633123,7.554422267123782e-05,-0.6756715854274994,-0.24761898142160768,-0.41111419666099863,-0.21709479636312703,0.5682324749922048,-0.4229368681302879,0.03414809364896231,-0.06486219944388916,-0.008069080106853808,-0.005282834376869511,-0.001544824112016612,1.925634061276502e-06
26.560000000000002,0.92,0.025,0.009797958971132711,0.5248792922602417,0.5278473586035246,0.8045115700026626,-0.10756900776652827,0.5255764844624309,8.941823949952303e-05,-0.0070599459426960295,-0.0033821117782397536,-0.0008168910141098842,8.709194133408718e-07,0.6809385928502537,-0.09104640817358953,0.4448479364490015,7.56835979123963e-05,-0.6750086095325271,-0.2467290334744744,-0.4110119664007042,-0.21704099905855184,0.5671419189133423,-0.42287166645788465,0.03434917651381229,-0.06524246790839087,-0.008069091434061326,-0.005282827613486102,-0.00155427585982552,1.9215091509583446e-06
26.720000000000027,0.92,0.025,0.009797958971132711,0.5248792922602417,0.5278473586035246,0.8033824784805778,-0.10810931890062887,0.5254450984343211,8.958215568153759e-05,-0.007053697972351364,-0.0033717805012438693,-0.0008216531229647759,8.67359254607345e-07,0.6799829297859611,-0.09150372751749228,0.4447367313148094,7.582233656885341e-05,-0.6743457365084337,-0.2458407940166292,-0.4109091428413722,-0.21698688783053824,0.5660528253232944,-0.42280562832761454,0.03455010627309356,-0.06562243836544251,-0.008069102802001585,-0.005282820851824217,-0.0015637275019907413,1.917310368173714e-06
26.879999999999995,0.92,0.025,0.009797958971132711,0.5248792922602417,0.5278473586035246,0.8022543866865897,-0.10864797851933346,0.5253129540557088,8.974531128676544e-05,-0.007047449344255511,-0.0033614678318799308,-0.0008264114791551681,8.637579293858429e-07,0.6790281128915295,-0.09195964901876384,0.44462488431275193,7.596043147311827e-05,-0.6736829676646966,-0.2449542607562917,-0.41080572649657293,-0.21693246294170476,0.5649651930426162,-0.42273875605486716,0.03475088120447275,-0.06600210754327664,-0.008069114210776945,-0.0052828140919572945,-0.0015731789994681612,1.913037477267964e-06
27.04000000000002,0.92,0.025,0.009797958971132711,0.5248792922602417,0.5278473586035246,0.8011272947246114,-0.10918498959798703,0.5251800519849877,8.990769791608922e-05,-0.007041200074987726,-0.0033511737467005745,-0.000831166041564713,8.60115393467558e-07,0.6780741422549111,-0.09241417519573623,0.4445123960000936,7.609787551617792e-05,-0.6730203043071665,-0.24406943140353096,-0.410701717884698,-0.2168777246572839,0.5638790208914306,-0.4226710519510489,0.034951499579092105,-0.06638147215804659,-0.008069125660489914,-0.005282807333959132,-0.0015826303128179855,1.9086902439582703e-06
27.19999999999999,0.92,0.025,0.009797958971132711,0.5248792922602417,0.5278473586035246,0.8000012026959069,-0.10972035510818458,0.5250463928867672,9.006930724009533e-05,-0.007034950181086072,-0.0033408982222747066,-0.000835916768926882,8.564316041018267e-07,0.6771210179618157,-0.09286730856356742,0.4443992669393598,7.623466164801669e-05,-0.6723577477380738,-0.24318630367026564,-0.4105971175289711,-0.21682267324512847,0.562794307689432,-0.42260251832358653,0.035151959661649815,-0.06676052891397942,-0.008069137151243138,-0.005282800577903896,-0.0015920814022067171,1.9042684353495805e-06
27.360000000000014,0.92,0.025,0.009797958971132711,0.5248792922602417,0.5278473586035246,0.7988761106990973,-0.11025407801777312,0.524911977431885,9.02301309996836e-05,-0.007028699679047485,-0.0033306412351875084,-0.000840663619826919,8.52706520000382e-07,0.6761687400957159,-0.09331905163424317,0.44428549769834746,7.637078287813221e-05,-0.6716952992560342,-0.24230487527026534,-0.41049192595745837,-0.2167673089757177,0.5617110522558902,-0.4225331574759325,0.03535225971048193,-0.06713927450353196,-0.008069148683139392,-0.00528279382386611,-0.0016015322274092083,1.8997718199507705e-06
27.519999999999982,0.92,0.025,0.009797958971132711,0.5248792922602417,0.5278473586035246,0.7977520188301676,-0.11078616129085482,0.5247768062974205,9.03901610066194e-05,-0.007022448585327853,-0.003320402762040458,-0.000845406552703787,8.489401013414294e-07,0.6752173087378539,-0.09376940691657952,0.44417108885013673,7.650623227600266e-05,-0.6710329601560565,-0.24142514391915107,-0.41038614370307813,-0.2167116321221629,0.5606292534096545,-0.4224629717075703,0.035552397977644076,-0.06751770560754648,-0.00806916025628161,-0.005282787071920675,-0.0016109827478106935,1.8952001676904383e-06
27.680000000000007,0.92,0.025,0.009797958971132711,0.5248792922602417,0.5278473586035246,0.7966289271824727,-0.11131660788778924,0.5246408801667078,9.05493891441303e-05,-0.0070161969163420644,-0.0033101827794513364,-0.0008501455258521659,8.45132309773703e-07,0.674266723967245,-0.09421837691622482,0.44405604097310153,7.664100297159189e-05,-0.6703707317295469,-0.2405471073343956,-0.4102797713036109,-0.21665564296021328,0.5595489099691574,-0.4223919633140179,0.03575237270899534,-0.06789581889541023,-0.008069171870772848,-0.0052827803221428505,-0.0016204329224089153,1.8905532499329791e-06
27.840000000000032,0.92,0.025,0.009797958971132711,0.5248792922602417,0.5278473586035246,0.7955068358467451,-0.11184542076519621,0.5245041997293487,9.070780736743006e-05,-0.007009944688464094,-0.003299981264054247,-0.0008548804974244353,8.412831084205391e-07,0.6733169858606851,-0.09466596413566208,0.44394035465092074,7.67750881557928e-05,-0.6697086152643161,-0.23967076323532444,-0.4101728093017096,-0.21659934176826207,0.5584700207524185,-0.42232013458683404,0.03595218214428143,-0.0682736110252139,-0.00806918352671631,-0.005282773574608268,-0.0016298827098162126,1.8858308394946227e-06
28.0,0.92,0.025,0.009797958971132711,0.5248792922602417,0.5278473586035246,0.7943857449111,-0.11237260287595832,0.5243667656812251,9.086540770417754e-05,-0.0070036919180270505,-0.0032897981924996248,-0.000859611425432701,8.373924618836717e-07,0.6723680944927551,-0.09511217107421113,0.44382403047258895,7.690848108081587e-05,-0.6690466120445859,-0.23879610934311638,-0.41006525824490847,-0.21654272882735132,0.5573925845770483,-0.4222474878136214,0.03615182451721979,-0.06865107864391358,-0.00806919522421534,-0.005282766829392932,-0.0016393320682616924,1.8810327106589151e-06
28.160000000000025,0.92,0.025,0.009797958971132711,0.5248792922602417,0.5278473586035246,0.7932656544610434,-0.11289815716922334,0.5242285787245115,9.102218225507145e-05,-0.00699743862132326,-0.0032796335414542544,-0.0008643382677508311,8.334603362473468e-07,0.6714200499358272,-0.09555700022803064,0.4437070690324265,7.704117506069247e-05,-0.6683847233509949,-0.23792314338080425,-0.40995711868563334,-0.21648580442117826,0.5563166002602524,-0.42217402527803294,0.036351298055585034,-0.06902821838749339,-0.008069206963373411,-0.005282760086573212,-0.0016487809555934146,1.8761586391933845e-06
28.319999999999993,0.92,0.025,0.009797958971132711,0.5248792922602417,0.5278473586035246,0.7921465645794769,-0.11342208659040737,0.5240896395676861,9.117812319421926e-05,-0.006991184814604324,-0.0032694872876012793,-0.0008690609821165011,8.294866990819075e-07,0.6704728522600693,-0.0960004540901208,0.4435894709300895,7.717316347158718e-05,-0.6677229504606045,-0.2370518630732751,-0.4098483911812097,-0.21642856883609984,0.5552420666188352,-0.4220997492597756,0.036550600981294874,-0.06940502688112897,-0.00806921874429415,-0.005282753346225858,-0.0016582293292805913,1.871208402364661e-06
28.480000000000018,0.92,0.025,0.009797958971132711,0.5248792922602417,0.5278473586035246,0.7910284753467057,-0.11394439408119678,0.523949948925544,9.133322276966491e-05,-0.006984930514081183,-0.0032593594076402175,-0.0008737795261332763,8.254715194476571e-07,0.6695265015334517,-0.09644253515032496,0.4434712367705805,7.730443975224439e-05,-0.6670612946469059,-0.23618226614727167,-0.40973907629387296,-0.2163710223611385,0.5541689824692035,-0.42202466203461503,0.03674973151049751,-0.06978150073935377,-0.008069230567081306,-0.005282746608427984,-0.0016676771464158473,1.8661817789547745e-06
28.639999999999986,0.92,0.025,0.009797958971132711,0.5248792922602417,0.5278473586035246,0.7899113868404442,-0.11446508257955135,0.5238095075192076,9.14874733037624e-05,-0.00697867573592419,-0.003249249878286974,-0.0008784938572726878,8.214147678985602e-07,0.668580997821752,-0.09688324589533226,0.44335236716425735,7.74349974043045e-05,-0.6663997571798247,-0.2353143503313919,-0.40962917459077614,-0.21631316528798694,0.5530973466273708,-0.4219487658743811,0.036948687853658825,-0.07015763656622499,-0.008069242431838779,-0.00528273987325709,-0.0016771243637174725,1.8610785492768191e-06
28.80000000000001,0.92,0.025,0.009797958971132711,0.5248792922602417,0.5278473586035246,0.788795299135823,-0.11498415501970681,0.5236683160761385,9.164086719360983e-05,-0.006972420496263171,-0.0032391586762738536,-0.0008832039328763495,8.173164164856875e-07,0.6676363411885606,-0.09732258880867985,0.44323286272684365,7.756482999267137e-05,-0.6657383393257293,-0.2344481133560906,-0.40951868664399954,-0.21625499791101324,0.5520271579089604,-0.4218720630469721,0.03714746821565128,-0.07053343095549262,-0.008069254338670596,-0.005282733140791041,-0.0016865709375317429,1.855898495190476e-06
28.960000000000036,0.92,0.025,0.009797958971132711,0.5248792922602417,0.5278473586035246,0.787680212305395,-0.11550161433217715,0.5235263753301482,9.17933969114076e-05,-0.006966164811187497,-0.003229085778349575,-0.0008879097101580678,8.131764387610763e-07,0.6666925316952863,-0.09776056637075474,0.44311272407943747,7.769393114581539e-05,-0.6650770423474353,-0.23358355295367936,-0.4094076130305584,-0.21619652052726562,0.5509584151292104,-0.42179455581635944,0.037346070795842526,-0.07090888049076811,-0.008069266287680935,-0.00528272641110809,-0.0016960168238352273,1.8506414001182313e-06
29.120000000000005,0.92,0.025,0.009797958971132711,0.5248792922602417,0.5278473586035246,0.786566126419142,-0.11601746344375763,0.5233836860214093,9.194505500483516e-05,-0.006959908696746142,-0.003219031161279283,-0.0008926111462059874,8.089948097808639e-07,0.6657495694011618,-0.09819718105879646,0.44299195184852086,7.782229455609249e-05,-0.6644158675042117,-0.23272066685832746,-0.40929595433241206,-0.21613773343647738,0.5498911171029764,-0.42171624644259254,0.037544493788185564,-0.07128398174569574,-0.008069278278974091,-0.005282719684286858,-0.0017054619782371596,1.8453070490604241e-06
29.28000000000003,0.92,0.025,0.009797958971132711,0.5248792922602417,0.5278473586035246,0.7854530415444815,-0.11653170527752714,0.5232402488964654,9.209583409740583e-05,-0.006953652168947756,-0.0032089948018445623,-0.0008973081979847487,8.047715061089841e-07,0.6648074543632492,-0.09863243534689897,0.4428705466659683,7.79499139800443e-05,-0.6637548160517885,-0.23185945280606252,-0.40918371113647095,-0.2160786369410712,0.5488252626447359,-0.42163713718180357,0.037742735381309324,-0.0716587312841249,-0.008069290312654517,-0.005282712960406355,-0.0017149063559818295,1.8398952286114487e-06
29.439999999999998,0.92,0.025,0.009797958971132711,0.5248792922602417,0.5278473586035246,0.7843409577462723,-0.11704434275285114,0.523096064708242,9.224572688874681e-05,-0.006947395243760729,-0.0031989766768434494,-0.0009020008223376459,8.0050650582031e-07,0.6638661866364449,-0.09906633170601321,0.44274850916905606,7.80767832386353e-05,-0.6630938892423615,-0.2309999085347706,-0.4090708840346057,-0.21601923134616405,0.5477608505685918,-0.4215572302862123,0.037940793758609356,-0.07203312566028261,-0.008069302388826787,-0.005282706239545967,-0.0017243499119509705,1.8344057269747888e-06
29.600000000000023,0.92,0.025,0.009797958971132711,0.5248792922602417,0.5278473586035246,0.7832298750868221,-0.11755537878538377,0.5229511342160564,9.23947261549171e-05,-0.006941137937113254,-0.003188976763090447,-0.0009066889759888311,7.961997885040808e-07,0.6629257662734862,-0.09949887260394884,0.44262584000047017,7.820289621752185e-05,-0.6624330883245985,-0.2301420317841976,-0.40895747362365376,-0.21595951695957114,0.5466978796882767,-0.4214765280041305,0.03813866709834045,-0.07240716141894957,-0.00806931450759562,-0.005282699521785462,-0.0017337926006662353,1.8288383339788815e-06
29.75999999999999,0.92,0.025,0.009797958971132711,0.5248792922602417,0.5278473586035246,0.7821197936258927,-0.11806481628707102,0.5228054581856276,9.254282474868049e-05,-0.006934880264893397,-0.0031789950374165325,-0.0009113726155454932,7.918513352669296e-07,0.6619861933249556,-0.09993006050537692,0.4425025398083152,7.832824686728317e-05,-0.661772414543646,-0.22928582029594918,-0.4088434805054282,-0.21589949409181053,0.5456363488171555,-0.42139503257996697,0.038336353573708126,-0.07278083509563416,-0.008069326669065869,-0.005282692807204993,-0.0017432343762916207,1.8231928410921933e-06
29.920000000000016,0.92,0.025,0.009797958971132711,0.5248792922602417,0.5278473586035246,0.7810107134207076,-0.11857265816615323,0.5226590373890851,9.269001559974847e-05,-0.0069286222429491605,-0.003169031476669177,-0.0009160516975000966,7.874611287362001e-07,0.6610474678392869,-0.1003598978718321,0.4423786092461217,7.845282920362711e-05,-0.6611118691411355,-0.22843127181349143,-0.4087289052867237,-0.21583916305610706,0.544576256768231,-0.4213127462542322,0.0385338513529628,-0.0731541432167513,-0.008069338873342515,-0.005282686095885095,-0.001752675192636003,1.8174690414389085e-06
30.079999999999984,0.92,0.025,0.009797958971132711,0.5248792922602417,0.5278473586035246,0.7799026345259573,-0.11907890732716744,0.5225118726049794,9.283629171501093e-05,-0.006922363887088547,-0.003159086057712354,-0.0009207261782325939,7.830291530628464e-07,0.6601095898627704,-0.10078838716171452,0.44225404897285464,7.857663730758526e-05,-0.6604514533551882,-0.2275783840821517,-0.40861374857932475,-0.21577852416839627,0.5435176023541459,-0.4212296712635428,0.03873115859949268,-0.07352708229979925,-0.008069351120530687,-0.005282679387906694,-0.001762115003155621,1.8116667298138975e-06
30.24000000000001,0.92,0.025,0.009797958971132711,0.5248792922602417,0.5278473586035246,0.7787955569938065,-0.11958356667095041,0.5223639646182902,9.298164617872442e-05,-0.006916105213079631,-0.003149158757426552,-0.000925396014012686,7.7855539392458e-07,0.6591725594395579,-0.10121553083029243,0.4421288596529208,7.869966532567235e-05,-0.6597911684204227,-0.226727154849119,-0.40849801100001226,-0.21571757774732872,0.5424603843871879,-0.42114580984062694,0.03892827347191881,-0.07389964885354003,-0.008069363410735641,-0.005282672683351098,-0.0017715537609566505,1.8057857026981673e-06
30.400000000000034,0.92,0.025,0.009797958971132711,0.5248792922602417,0.5278473586035246,0.7776894808739003,-0.12008663909464097,0.5222153142204351,9.31260721527549e-05,-0.006909846236650617,-0.003139249552708788,-0.000930061161002071,7.740398385285564e-07,0.6582363766116692,-0.10164133132970413,0.4420030419561763,7.882190747009174e-05,-0.6591310155679608,-0.22587758186344462,-0.4083816931705704,-0.21565632411427335,0.5414046016792924,-0.4210611642143281,0.03912519412418958,-0.07427183937817919,-0.008069375744062772,-0.005282665982300005,-0.0017809914187977539,1.7998257582737388e-06
30.560000000000002,0.92,0.025,0.009797958971132711,0.5248792922602417,0.5278473586035246,0.7765844062133702,-0.12058812749168295,0.5220659222092794,9.32695628766484e-05,-0.00690358697348991,-0.0031293584204726186,-0.0009347215752567192,7.694824756145434e-07,0.6573010414189966,-0.10206579110896045,0.4418765965579341,7.894335801879521e-05,-0.6584709960254324,-0.22502966287604237,-0.4082647957177934,-0.21559476359332144,0.5403502530420466,-0.4209757366096107,0.039321918705676334,-0.07464365036554742,-0.008069388120617603,-0.005282659284835504,-0.0017904279290926759,1.7937866964389942e-06
30.720000000000027,0.92,0.025,0.009797958971132711,0.5248792922602417,0.5278473586035246,0.7754803330568408,-0.12108803475182757,0.5219157893891423,9.3412111667866e-05,-0.006897327439246177,-0.0031194853376481538,-0.00093937721272917,7.648832954572709e-07,0.6563665538993101,-0.10248891261394685,0.44174952413897006,7.906401131568179e-05,-0.6578111110169829,-0.22418339563968967,-0.40814731927349124,-0.21553289651128965,0.5392973372866939,-0.4208895292475638,0.03951844536126996,-0.07501507829928403,-0.008069400540505794,-0.005282652591040069,-0.001799863243912888,1.7876683188231571e-06
30.879999999999995,0.92,0.025,0.009797958971132711,0.5248792922602417,0.5278473586035246,0.7743772614464363,-0.12158636376113621,0.5217649165708073,9.355371192182109e-05,-0.006891067649528417,-0.0031096302811820693,-0.0009440280292708182,7.602422898694881e-07,0.6554329140882637,-0.10291069828742569,0.4416218253855313,7.918386177062938e-05,-0.6571513617632787,-0.22333877790902754,-0.40802926447449733,-0.2154707231977242,0.5382458532241367,-0.42080254434540715,0.03971477223147695,-0.0753861196550196,-0.008069413003833145,-0.005282645900996574,-0.0018092973149901994,1.781470428801559e-06
31.04000000000002,0.92,0.025,0.009797958971132711,0.5248792922602417,0.5278473586035246,0.7732751914217861,-0.12208311740198309,0.5216133045715277,9.369435711205468e-05,-0.006884807619906023,-0.003099793228037617,-0.0009486739806342413,7.555594522043393e-07,0.6545001220193998,-0.1033311505690385,0.44149350098934104,7.930290385964308e-05,-0.6564917494815133,-0.22249580744056144,-0.4079106319626729,-0.21540824398490338,0.5371957996649402,-0.4207147841164946,0.03991089745251735,-0.0757567709005618,-0.008069425510705585,-0.005282639214788283,-0.001818730093719457,1.775192831510216e-06
31.19999999999999,0.92,0.025,0.009797958971132711,0.5248792922602417,0.5278473586035246,0.7721741230200325,-0.12257829855305774,0.5214609542150361,9.38340407902289e-05,-0.006878547365908844,-0.003089974155194639,-0.0009533150224755091,7.508347773581105e-07,0.6535681777241555,-0.10375027189530808,0.44136455164760663,7.942113212484974e-05,-0.6558322753854137,-0.22165448199266205,-0.40779142238491406,-0.21534545920784134,0.5361471754193369,-0.42062625077031934,0.04010681915642176,-0.07612702849608,-0.008069438061229166,-0.005282632532498852,-0.0018281615311612027,1.7688353338605955e-06
31.360000000000014,0.92,0.025,0.009797958971132711,0.5248792922602417,0.5278473586035246,0.7710740562758354,-0.123071910089368,0.5213078663315508,9.397275658626635e-05,-0.006872286903027259,-0.0030801730396495764,-0.0009579511103565416,7.460682617724241e-07,0.652637081231867,-0.10416806469964109,0.44123497806302464,7.953854117461585e-05,-0.6551729406852457,-0.220814799325565,-0.4076716363931572,-0.2152823692042908,0.5350999792972292,-0.420536946512519,0.04030253547113052,-0.07649688889429328,-0.008069450655510095,-0.005282625854212337,-0.0018375915780444265,1.7623977445539673e-06
31.519999999999982,0.92,0.025,0.009797958971132711,0.5248792922602417,0.5278473586035246,0.7699749912213797,-0.12356395488224223,0.5211540417577823,9.411049820829377e-05,-0.006866026246712233,-0.003070389858415487,-0.0009625821997474399,7.412599034368345e-07,0.6517068325697758,-0.10458453141232983,0.441104780943787,7.965512568349986e-05,-0.6545137465878206,-0.21997675720137216,-0.4075512746443839,-0.21521897431474596,0.5340542101081941,-0.4204468735448796,0.04049804452059179,-0.07686634854065695,-0.008069463293654692,-0.005282619180013187,-0.0018470201847692682,1.75587987409594e-06
31.680000000000007,0.92,0.025,0.009797958971132711,0.5248792922602417,0.5278473586035246,0.7688769278863814,-0.12405443579933254,0.5209994813369414,9.424725944272831e-05,-0.006859765412375387,-0.0030606245885220506,-0.0009672082460288664,7.364097018910595e-07,0.6507774317630333,-0.10499967446055507,0.4409739610035872,7.977088039232525e-05,-0.6538546942965012,-0.2191403533840517,-0.4074303378006273,-0.2151552748824456,0.5330098666614859,-0.4203560340653406,0.04069334442486156,-0.07723540387355242,-0.008069475975769414,-0.005282612509986249,-0.0018564473014098107,1.749281534810929e-06
31.840000000000032,0.92,0.025,0.009797958971132711,0.5248792922602417,0.5278473586035246,0.7677798662980936,-0.12454335570461673,0.5208441859187445,9.43830341541974e-05,-0.0068535044153890615,-0.0030508772070155865,-0.0009718292044944049,7.31517658227262e-07,0.6498488788347064,-0.10541349626838761,0.44084251896162535,7.988580010811268e-05,-0.6531957850112075,-0.2183055856394388,-0.40730882652897604,-0.2150912712533754,0.531966947766041,-0.42026443026799987,0.04088843330020298,-0.07760405132447566,-0.008069488701960857,-0.005282605844216776,-0.0018658728777168345,1.7426025408562336e-06
32.0,0.92,0.025,0.009797958971132711,0.5248792922602417,0.5278473586035246,0.7666838064813133,-0.12503071745840158,0.5206881563594206,9.451781628557141e-05,-0.006847243271086378,-0.003041147690959062,-0.0009764450303529527,7.265837750919728e-07,0.6489211738057836,-0.1058259992567911,0.44071045554261357,7.999987970410765e-05,-0.6525370199284231,-0.21747245173523627,-0.40718674150158024,-0.21502696377627087,0.5309254522304807,-0.42017206434311755,0.04108330925918694,-0.0779722873182284,-0.00806950147233574,-0.00528259918279041,-0.0018752968631206395,1.735842708235945e-06
32.160000000000025,0.92,0.025,0.009797958971132711,0.5248792922602417,0.5278473586035246,0.7655887484583868,-0.12551652391732526,0.520531393521717,9.465159985787833e-05,-0.006840981994761313,-0.003031436017432102,-0.0009810556787311154,7.216080566885795e-07,0.6479943166951786,-0.10623718584362411,0.44057777147678123,8.011311411970823e-05,-0.6518784002412004,-0.21664094944101447,-0.40706408339565536,-0.2149623528026194,0.5298853788631147,-0.42007893847712185,0.04127797041079282,-0.07834010827310925,-0.00806951428700092,-0.0052825925257932085,-0.0018847192067338648,1.7290018548156259e-06
32.31999999999999,0.92,0.025,0.009797958971132711,0.5248792922602417,0.5278473586035246,0.7644946922492167,-0.12600077793436001,0.5203738982749055,9.47843789702458e-05,-0.0068347206016687485,-0.003021742163531008,-0.0009856611046756105,7.165905087788215e-07,0.6470683075197371,-0.10664705844364232,0.4404444674998801,8.022549836041606e-05,-0.6512199271391678,-0.21581107652821246,-0.4069408528934876,-0.21489743868666314,0.5288467264719454,-0.4199850548526128,0.04147241486050963,-0.07870751060110563,-0.00806952714606338,-0.005282585873311624,-0.0018941398573543297,1.7220798003352817e-06
32.48000000000002,0.92,0.025,0.009797958971132711,0.5248792922602417,0.5278473586035246,0.7634016378712684,-0.12648348235881463,0.5202156714947873,9.491614779975175e-05,-0.006828459107024549,-0.003012066106368763,-0.0009902612631556887,7.115311386851861e-07,0.6461431462942415,-0.1070556194685007,0.440310544353188,8.033702749770988e-05,-0.650561601808535,-0.21498283077013833,-0.4068170506824372,-0.21483222178540043,0.5278094938646717,-0.41989041564836715,0.04166664071043778,-0.07907449070808723,-0.00806954004963023,-0.005282579225432512,-0.001903558763467912,1.7150763664238425e-06
32.639999999999986,0.92,0.025,0.009797958971132711,0.5248792922602417,0.5278473586035246,0.762309585339575,-0.12696464003633773,0.5200567140636988,9.504690060139478e-05,-0.006822197526005622,-0.003002407823075044,-0.0009948561090655562,7.064299552922358e-07,0.6452188330314164,-0.10746287132675626,0.4401760027835147,8.044769666902055e-05,-0.6499034254320988,-0.21415620994196893,-0.40669267745494375,-0.21476670245858864,0.5267736798486914,-0.4197950230393436,0.04186064605939115,-0.0794410449939993,-0.008069552997808725,-0.005282572582243143,-0.0019129758732514227,1.7079913766121154e-06
32.80000000000001,0.92,0.025,0.009797958971132711,0.5248792922602417,0.5278473586035246,0.7612185346667453,-0.12744425380891958,0.5198970268705163,9.517663170787745e-05,-0.006815935873749977,-0.0029927672907962347,-0.0009994455972268173,7.012869690488704e-07,0.6442953677419332,-0.10786881642386953,0.44004084354320505,8.055750107754748e-05,-0.6492453991892494,-0.21333121182075176,-0.4065677339085294,-0.21470088106874574,0.5257392832311061,-0.41969887919668664,0.04205442900299972,-0.07980716985305786,-0.008069565990706233,-0.005282565943831184,-0.0019223911345755279,1.7008246563469641e-06
32.960000000000036,0.92,0.025,0.009797958971132711,0.5248792922602417,0.5278473586035246,0.7601284858629684,-0.1279223265148954,0.5197366108106608,9.530533552948246e-05,-0.006809674165356801,-0.002983144486695437,-0.0010040296823909097,6.961021919695688e-07,0.6433727504344166,-0.10827345716220747,0.43990506739014335,8.066643599215396e-05,-0.6485875242559769,-0.21250783418540403,-0.4064422207458029,-0.2146347579811522,0.5247063028187241,-0.4196019862877321,0.04224798763381215,-0.08017286167394397,-0.008069579028430264,-0.005282559310284713,-0.0019318044950076532,1.6935760330039478e-06
33.120000000000005,0.92,0.025,0.009797958971132711,0.5248792922602417,0.5278473586035246,0.7590394389360213,-0.12839886098894793,0.5195754667861027,9.543300655392891e-05,-0.006803412415886509,-0.0029735393879524847,-0.0010086083192415666,6.908756376361336e-07,0.6424509811154485,-0.10867679594104553,0.4397686750877573,8.077449674724544e-05,-0.647929801804876,-0.21168607481671403,-0.40631613867446303,-0.2145683335638527,0.5236747374180645,-0.4195043464760105,0.04244132004139929,-0.0805381168400005,-0.008069592111088441,-0.005282552681692224,-0.0019412159018149433,1.6862453359009604e-06
33.28000000000003,0.92,0.025,0.009797958971132711,0.5248792922602417,0.5278473586035246,0.757951393891274,-0.1288738600621099,0.5194135957053658,9.555963934610192e-05,-0.006797150640360822,-0.0029639519717639473,-0.001013181462397285,6.856073211992172e-07,0.6415300597895743,-0.10907883515656983,0.43963166740502163,8.088167874254067e-05,-0.6472722330051531,-0.2108659314973411,-0.40618948840730257,-0.21450160818765776,0.5226445858353603,-0.4194059619212534,0.04263442431245818,-0.08090293172942914,-0.00806960523878854,-0.005282546058142616,-0.001950625301967235,1.6788323963110675e-06
33.44,0.92,0.025,0.009797958971132711,0.5248792922602417,0.5278473586035246,0.7568643507316959,-0.12934732656176678,0.519250998483532,9.568522854790188e-05,-0.0067908888537628175,-0.002954382215343147,-0.001017749066413782,6.802972593798307e-07,0.6406099864593074,-0.10947957720187941,0.43949404511646145,8.098797744294416e-05,-0.6466148190226314,-0.21004740201181624,-0.40606227066221084,-0.2144345822261454,0.521615846876562,-0.41930683477939684,0.042827298530915325,-0.0812673027154865,-0.008069618411638443,-0.005282539439725201,-0.0019600326421400083,1.6713370474758348e-06
33.60000000000002,0.92,0.025,0.009797958971132711,0.5248792922602417,0.5278473586035246,0.7557783094578627,-0.12981926331165966,0.5190876760422435,9.58097688779548e-05,-0.006784627071037005,-0.0029448300959201684,-0.0010223110857864933,6.749454704702987e-07,0.639690761125135,-0.10987902446698875,0.43935580900215493,8.109338837830095e-05,-0.6459575610197579,-0.20923048414654266,-0.4059344861621769,-0.21436725605566204,0.5205885193473415,-0.41920696720258627,0.04301994077803193,-0.08163122616668367,-0.008069631629746173,-0.0052825328265297036,-0.001969437868717423,1.6637591246171753e-06
33.75999999999999,0.92,0.025,0.009797958971132711,0.5248792922602417,0.5278473586035246,0.754693270067962,-0.13028967313188766,0.5189236293097079,9.593325513141128e-05,-0.006778365307089385,-0.0029352955907418713,-0.0010268674749530447,6.695519743359892e-07,0.6387723837855231,-0.11027717933882972,0.4392169598477368,8.119790714322652e-05,-0.645300460155608,-0.20841517568979614,-0.40580613563529255,-0.21429963005532426,0.5195626020530957,-0.4191063613391815,0.0432123491325079,-0.08199469844698345,-0.008069644893219872,-0.005282526218646263,-0.0019788409277953023,1.6560984649510876e-06
33.920000000000016,0.92,0.025,0.009797958971132711,0.5248792922602417,0.5278473586035246,0.7536092325577993,-0.13075855883891088,0.5187588592207005,9.605568217958245e-05,-0.006772103576787511,-0.0029257786770718972,-0.0010314181882957632,6.641167924161676e-07,0.6378548544369214,-0.11067404420125418,0.43907749844440097,8.130152939679859e-05,-0.6446435175858929,-0.20760147443172516,-0.40567721981475485,-0.21423170460701935,0.5185380937989496,-0.419005019333761,0.04340452167058752,-0.08235771591600098,-0.00806965820216782,-0.00528251961616544,-0.0019882417651842007,1.6483549076991865e-06
34.079999999999984,0.92,0.025,0.009797958971132711,0.5248792922602417,0.5278473586035246,0.7525261969208042,-0.13122592324555274,0.5185933667165682,9.61770449697435e-05,-0.006765841894960556,-0.0029162793321906855,-0.00103596318014416,6.586399477251327e-07,0.6369381730737688,-0.11106962143503585,0.43893742558890336,8.14042508623909e-05,-0.6439867344629638,-0.20678937816435192,-0.405547739438869,-0.2141634800954072,0.5175149933897603,-0.4189029433271267,0.04359645646616406,-0.08272027492920184,-0.008069671556698415,-0.005282513019178208,-0.001997640326412411,1.6405282941014753e-06
34.24000000000001,0.92,0.025,0.009797958971132711,0.5248792922602417,0.5278473586035246,0.7514441631480372,-0.13169176916100314,0.518427152745231,9.629733852476058e-05,-0.006759580276399377,-0.0029067975333954784,-0.0010405024047774622,6.531214648533315e-07,0.6360223396884988,-0.11146391341787307,0.4387967420835635,8.150606732735735e-05,-0.6433301119358198,-0.20597888468157197,-0.40541769525105,-0.21409495690792016,0.5164932996301201,-0.4188001354563088,0.0437881515908863,-0.0830823718381043,-0.00806968495692018,-0.0052825064277759555,-0.0020070365567290797,1.6326184674285032e-06
34.400000000000034,0.92,0.025,0.009797958971132711,0.5248792922602417,0.5278473586035246,0.750363131228195,-0.13215609939082068,0.5182602182611853,9.641655794274364e-05,-0.0067533187358565765,-0.0028973332580003374,-0.0010450358164271118,6.475613699680585e-07,0.6351073542715443,-0.11185692252439063,0.4386554487362673,8.160697464273821e-05,-0.6426736511501123,-0.20516999177915562,-0.4052870879998247,-0.21402613543476445,0.5154730113243609,-0.41869659785457003,0.04397960511426383,-0.08344400299047873,-0.008069698402941777,-0.005282499842050499,-0.0020164304011072542,1.6246252729928764e-06
34.56,0.92,0.025,0.009797958971132711,0.5248792922602417,0.5278473586035246,0.7492831011476169,-0.13261891673693565,0.518092564225506,9.653469839674309e-05,-0.006747057288046565,-0.002887886483336149,-0.0010495633692792906,6.419596908144979e-07,0.634193216811343,-0.11224865112614234,0.4385135463604683,8.170696872300335e-05,-0.6420173532481511,-0.2043626972547474,-0.4051559184388345,-0.21395701606892056,0.5144541272765562,-0.41859233265141055,0.04417081510377327,-0.08380516473054928,-0.008069711894871979,-0.00528249326209407,-0.0020258218042469886,1.6165485581616754e-06
34.72000000000003,0.92,0.025,0.009797958971132711,0.5248792922602417,0.5278473586035246,0.748204072890291,-0.1330802239976526,0.5179241916058485,9.66517551343075e-05,-0.006740795947645629,-0.00287845718675064,-0.0010540850174774628,6.363164567162946e-07,0.6332799272943423,-0.11263910159161317,0.43837103577519015,8.180604554567786e-05,-0.6413612193689111,-0.20355699890786705,-0.40502418732683615,-0.2138875992061439,0.5134366462905261,-0.41848734197257265,0.04436177962496536,-0.08416585339919673,-0.008069725432819693,-0.0052824866879993245,-0.0020352107105784784,1.6083881723675e-06
34.879999999999995,0.92,0.025,0.009797958971132711,0.5248792922602417,0.5278473586035246,0.7471260464378605,-0.13354002396765294,0.51775510137645,9.676772347721571e-05,-0.006734534729291991,-0.0028690453456083845,-0.0010586007151248834,6.306316985763215e-07,0.6323674857050051,-0.11302827628622145,0.4382279178050273,8.190420115111538e-05,-0.6407052506480373,-0.20275289453990966,-0.40489189542770365,-0.21381788524496506,0.5124205671698403,-0.41838162794004524,0.044552496741570705,-0.0845260653341589,-0.00806973901689395,-0.005282480119859343,-0.002044597064265149,1.6001439671206335e-06
35.04000000000002,0.92,0.025,0.009797958971132711,0.5248792922602417,0.5278473586035246,0.7460490217696294,-0.13399831943799795,0.5175852945181315,9.68825988209162e-05,-0.00672827364758587,-0.0028596509372908153,-0.001063110416287166,6.249054488771397e-07,0.6314558920258143,-0.11341617757232147,0.4380841932801465,8.200143164202348e-05,-0.6400494482178517,-0.20195038195414622,-0.40475904351042963,-0.21374787458669028,0.5114058887178211,-0.41827519267206814,0.044742964515607754,-0.08488579687023554,-0.0080697526472039,-0.005282473557767627,-0.0020539808092068447,1.5918157960195396e-06
35.19999999999999,0.92,0.025,0.009797958971132711,0.5248792922602417,0.5278473586035246,0.7449729988625681,-0.13445511319613127,0.5174147720182988,9.699637663418989e-05,-0.0067220127170895564,-0.0028502739391962338,-0.0010676140749948018,6.191377416815268e-07,0.6305451462372776,-0.11380280780920551,0.4379398630362881,8.209773318317832e-05,-0.6393938132073573,-0.20114945895572367,-0.40462563234912624,-0.21367756763540136,0.5103926097375479,-0.41816803828313787,0.04493318100748905,-0.08524504433948943,-0.00806976632385883,-0.005282467001818117,-0.002063361889042938,1.583403514762417e-06
35.360000000000014,0.92,0.025,0.009797958971132711,0.5248792922602417,0.5278473586035246,0.7438979776913209,-0.13491040802588158,0.5172435348709434,9.710905245871823e-05,-0.006715751952327458,-0.0028409143287398226,-0.0010721116452457261,6.133286126329639e-07,0.629635248317934,-0.11418816935310618,0.43779492791476654,8.219310200105912e-05,-0.6387383467422466,-0.20035012335166566,-0.4044916627230264,-0.21360696479795596,0.5093807290318595,-0.41806016688401065,0.045123144276129214,-0.08560380407145128,-0.008069780046968133,-0.0052824604521051624,-0.0020727402471555348,1.5749069811583812e-06
35.51999999999998,0.92,0.025,0.009797958971132711,0.5248792922602417,0.5278473586035246,0.742823958228211,-0.13536420670746524,0.5170715840766434,9.722062190854725e-05,-0.006709491367786177,-0.002831572083353652,-0.0010766030810078586,6.074780989556985e-07,0.6287261982443578,-0.11457226455719859,0.437649388762471,8.22875343833944e-05,-0.6380830499449051,-0.19955237295087294,-0.4043571354164841,-0.21353606648398737,0.5083702454033583,-0.4179515805817082,0.04531285237905202,-0.0859620723933225,-0.008069793816641342,-0.005282453908723553,-0.0020821158266726278,1.5663260551374484e-06
35.68000000000001,0.92,0.025,0.009797958971132711,0.5248792922602417,0.5278473586035246,0.7417509404432465,-0.1358165120174892,0.5168989206425637,9.733108066969624e-05,-0.006703230977914567,-0.002822247180486695,-0.0010810883362216764,6.015862394552133e-07,0.6278179959911638,-0.11495509577160287,0.43750324643186594,8.238102667883091e-05,-0.6374279239344184,-0.19875620556412343,-0.4042220512189755,-0.21346487310590456,0.507361157654414,-0.4178422814795221,0.04550230337249879,-0.08631984563018062,-0.008069807632988103,-0.005282447371768513,-0.0020914885704713263,1.5576605987619582e-06
35.84000000000003,0.92,0.025,0.009797958971132711,0.5248792922602417,0.5278473586035246,0.7406789243041269,-0.1362673267289536,0.5167255455824561,9.74404244996057e-05,-0.006696970797123799,-0.002812939597604833,-0.001085567364802759,5.956530745181858e-07,0.626910641531013,-0.11533666534338634,0.43735650178099084,8.247357529646628e-05,-0.6367729698265776,-0.19796161900407272,-0.40408641092509856,-0.21339338507889127,0.5063534645871663,-0.4177322716770182,0.04569149531153558,-0.0866771201051824,-0.00806982149611819,-0.005282440841335686,-0.0021008584211810294,1.5489104762364022e-06
36.0,0.92,0.025,0.009797958971132711,0.5248792922602417,0.5278473586035246,0.7396079097762488,-0.1367166536112544,0.51655145991666,9.754864922662749e-05,-0.00669071083978742,-0.0028036493121908657,-0.00109004012064436,5.896786461126559e-07,0.626004134834617,-0.11571697561656573,0.437209155673461,8.256517670541752e-05,-0.6361181887338858,-0.19716861108525438,-0.40395021533457426,-0.21332160282090662,0.5053471650035287,-0.4176215532700413,0.045880426250161574,-0.08703389213976916,-0.008069835406141496,-0.005282434317521159,-0.0021102253211866566,1.5400755539178813e-06
36.160000000000025,0.92,0.025,0.009797958971132711,0.5248792922602417,0.5278473586035246,0.7385378968227122,-0.1371644954301863,0.5163766646721006,9.76557507495284e-05,-0.006684451120241421,-0.002794376301744527,-0.001094506557619982,5.836629977877857e-07,0.6250984758707436,-0.11609602893210968,0.437061208978466,8.265582743440084e-05,-0.6354635817655626,-0.19637717962408038,-0.40381346525224515,-0.21324952675268327,0.5043422577051924,-0.41751012835071993,0.046069094241417516,-0.08739015805387224,-0.008069849363168036,-0.005282427800421446,-0.0021195892126318963,1.5311557003258856e-06
36.31999999999999,0.92,0.025,0.009797958971132711,0.5248792922602417,0.5278473586035246,0.7374688854043263,-0.13761085494794523,0.5162011608822903,9.776172503691652e-05,-0.006678191652784294,-0.002785120543782488,-0.0010989666295859357,5.776061746739457e-07,0.6241936646062218,-0.11647382762794084,0.43691266257077055,8.274552407124615e-05,-0.6348091500275516,-0.1955873224388416,-0.40367616148807656,-0.213177157297728,0.5033387414936286,-0.41739799900747054,0.04625749733749363,-0.08774591416611735,-0.008069863367307945,-0.005282421290133504,-0.0021289500374224207,1.5221507861524191e-06
36.48000000000002,0.92,0.025,0.009797958971132711,0.5248792922602417,0.5278473586035246,0.7364008754796155,-0.1380557349231311,0.5160249495873261,9.78665681266942e-05,-0.0066719324516771004,-0.0027758820158383713,-0.0011034202903839215,5.7150822348227e-07,0.6232897010059466,-0.11685037403893818,0.4367635173307129,8.283426326243397e-05,-0.6341548946225246,-0.19479903734970774,-0.4035383048571552,-0.21310449488231997,0.5023366151700933,-0.41728516732500287,0.04644563358983831,-0.08810115679403054,-0.008069877418671486,-0.005282414786754722,-0.0021383077372291565,1.5130606842712645e-06
36.639999999999986,0.92,0.025,0.009797958971132711,0.5248792922602417,0.5278473586035246,0.7353338670048253,-0.13849913811075062,0.5158480318338898,9.797027612544785e-05,-0.00666567353114353,-0.002766660695462757,-0.0011078674938435952,5.653691925045612e-07,0.6223865850328841,-0.11722567049693934,0.4366137741442044,8.292204171257906e-05,-0.6335008166498887,-0.19401232217872802,-0.40339989617968935,-0.21303153993551052,0.5013358775356296,-0.4171716353843235,0.04663350104926636,-0.08845588225424308,-0.008069891517369036,-0.005282408290382927,-0.0021476622534915253,1.503885269747696e-06
36.80000000000001,0.92,0.025,0.009797958971132711,0.5248792922602417,0.5278473586035246,0.7342678599339285,-0.1389410672622198,0.5156704086752458,9.807284520795073e-05,-0.0066594149053699645,-0.0027574565602231974,-0.0011123081937851617,5.591891316127633e-07,0.6214843166480771,-0.11759971933074284,0.43646343390272807,8.30088561840095e-05,-0.6328469172057911,-0.19322717474983153,-0.4032609362810072,-0.21295829288912183,0.5003365273910717,-0.41705740526274143,0.046821097766068215,-0.08881008686269842,-0.008069905663511096,-0.005282401801116389,-0.0021570135274207513,1.4946244198478722e-06
36.960000000000036,0.92,0.025,0.009797958971132711,0.5248792922602417,0.5278473586035246,0.7332028542186311,-0.13938152512536717,0.5154920811712401,9.817427161641631e-05,-0.0066531565885055415,-0.002748269587704221,-0.0011167423440219403,5.529680922584396e-07,0.6205828958106494,-0.11797252286611078,0.43631249750333767,8.309470349613477e-05,-0.6321931973831256,-0.192443592888827,-0.4031214259915564,-0.2128847541777457,0.499338563537048,-0.41694247903387227,0.047008421790118105,-0.08916376693485689,-0.008069919857208282,-0.005282395319053819,-0.002166361500003111,1.4852780140472285e-06
37.120000000000005,0.92,0.025,0.009797958971132711,0.5248792922602417,0.5278473586035246,0.7321388498083784,-0.13982051444443577,0.5153130503882981,9.827455165999267e-05,-0.006646898594662212,-0.002739099755507347,-0.001121169898362949,5.467061274722237e-07,0.6196823224778115,-0.11834408342577045,0.43616096584865555,8.31795805250178e-05,-0.6315396582715385,-0.19166157442340417,-0.4029813661469031,-0.21281092423874262,0.4983419847739847,-0.4168268587676423,0.047195471170982994,-0.0895169187859021,-0.008069934098571327,-0.0052823888442943626,-0.0021757061120032356,1.4758459340398604e-06
37.28000000000003,0.92,0.025,0.009797958971132711,0.5248792922602417,0.5278473586035246,0.7310758466503603,-0.14025803796008643,0.5151333173994226,9.837368171408838e-05,-0.00664064093791481,-0.0027299470412510927,-0.001125590810615493,5.404032918630823e-07,0.618782596604865,-0.11871440332941716,0.4360088398468713,8.32634842028044e-05,-0.6308863009574334,-0.19088111718313297,-0.4028407575877297,-0.21273680351224,0.49734678990210923,-0.4167105465302942,0.04738224395803169,-0.08986953873094738,-0.008069948387711098,-0.00528238237693762,-0.0021850473039674223,1.4663280637468767e-06
37.44,0.92,0.025,0.009797958971132711,0.5248792922602417,0.5278473586035246,0.7300138446895181,-0.14069409840940025,0.514952883284192,9.847165821968258e-05,-0.006634383632301108,-0.0027208114225709804,-0.0011300050345877345,5.340596416176828e-07,0.6178837181452081,-0.11908348489371638,0.4358561204117401,8.334641151713933e-05,-0.6302331265239778,-0.19010221899946453,-0.4026996011598347,-0.21266239244113128,0.49635297772145304,-0.4165935443843907,0.04756873820054319,-0.09022162308524097,-0.008069962724738563,-0.005282375917083629,-0.002194385016226915,1.4567242893248988e-06
37.60000000000002,0.92,0.025,0.009797958971132711,0.5248792922602417,0.5278473586035246,0.7289528438685495,-0.14112869852588134,0.5147717491287567,9.856847768272884e-05,-0.006628126691821884,-0.002711692877119554,-0.0011344125240912882,5.276752344995648e-07,0.6169856870503404,-0.11945133043230596,0.4357028084625797,8.34283595106617e-05,-0.6295801360511086,-0.18932487770573117,-0.40255789771412936,-0.21258769147107376,0.49536054703185606,-0.4164758543888194,0.04775495194781606,-0.09057316816437312,-0.008069977109764821,-0.005282369464832882,-0.002203719188901248,1.4470344991746302e-06
37.75999999999999,0.92,0.025,0.009797958971132711,0.5248792922602417,0.5278473586035246,0.7278928441279159,-0.1415618410394598,0.5145899160258371,9.86641366734091e-05,-0.006621870130440983,-0.00270259138256638,-0.0011388132329437967,5.212501298479948e-07,0.6160885032698681,-0.11981794225579877,0.43554890492426857,8.350932528037347e-05,-0.6289273306155384,-0.18854909113714702,-0.40241564810663705,-0.21251270105048722,0.49436949663296886,-0.4163574785987978,0.04794088324927709,-0.09092417028448166,-0.008069991542901077,-0.0052823630202863065,-0.0022130497619015535,1.4372585839481752e-06
37.920000000000016,0.92,0.025,0.009797958971132711,0.5248792922602417,0.5278473586035246,0.7268338454058466,-0.14199352867649387,0.5144073850747204,9.875863182551501e-05,-0.006615613962085373,-0.0026935069165980614,-0.0011432071149715182,5.147843885769314e-07,0.6151921667515086,-0.12018332267178441,0.4353944107272434,8.35893059771159e-05,-0.6282747112907603,-0.187774857130808,-0.4022728531984903,-0.21243742163055204,0.4933798253242568,-0.4162384190658769,0.04812653015459038,-0.0912746257624584,-0.00807000602425866,-0.005282356583545288,-0.0022223766749339,1.4273964365571561e-06
38.079999999999984,0.92,0.025,0.009797958971132711,0.5248792922602417,0.5278473586035246,0.725775847638346,-0.14242376415977326,0.5142241573812566,9.885195983568274e-05,-0.006609358200645215,-0.0026844394569182457,-0.0011475941240119026,5.082780731742798e-07,0.6142966774410961,-0.1205474739848321,0.4352393268074956,8.366829880492187e-05,-0.6276222791470538,-0.1870021735256922,-0.4021295138559288,-0.21236185366520716,0.49239153190500273,-0.4161186778379468,0.04831189071376594,-0.09162453091615494,-0.008070020553949012,-0.00528235015471166,-0.0022316998675026155,1.4174479521807753e-06
38.24000000000001,0.92,0.025,0.009797958971132711,0.5248792922602417,0.5278473586035246,0.7247188507591987,-0.1428525502085216,0.5140402340578557,9.894411746267051e-05,-0.0066031028599739215,-0.002675388981247637,-0.0011519742139161795,5.017312477000887e-07,0.6134020352825859,-0.1209103984964927,0.4350836541065691,8.374630102040433e-05,-0.6269700352514918,-0.18623103816266015,-0.40198563095029705,-0.21228599761114822,0.4914046151743114,-0.41599825695924064,0.048496962977268875,-0.09197388206458891,-0.0080700351320837,-0.005282343733887712,-0.0022410192789136495,1.4074130282720305e-06
38.400000000000034,0.92,0.025,0.009797958971132711,0.5248792922602417,0.5278473586035246,0.723662854699976,-0.1432798895383991,0.5138556162234837,9.90351015267096e-05,-0.006596847953888218,-0.0026663554673239985,-0.0011563473385519374,4.951439777858531e-07,0.6125082402180597,-0.121272098505301,0.4349273935715567,8.3823309932207e-05,-0.6263179806679443,-0.18546144888445523,-0.40184120535804135,-0.21220985392782532,0.4904190739311115,-0.4158771584703396,0.04868174499612811,-0.09232267552815002,-0.008070049758774395,-0.005282337321176179,-0.0022503348482779103,1.3972915645664103e-06
38.56,0.92,0.025,0.009797958971132711,0.5248792922602417,0.5278473586035246,0.7226078593900412,-0.14370578486150545,0.5136703050036585,9.912490890865684e-05,-0.006590593496168205,-0.002657338892902169,-0.0011607134518057023,4.885163306326363e-07,0.6116152921877309,-0.12163257630677822,0.4347705461550966,8.389932290028716e-05,-0.6256661164570859,-0.18469340353570377,-0.40169623796070736,-0.21213342307744087,0.4894349069741598,-0.41575538440817683,0.04886623482204521,-0.09267090762880574,-0.008070064434132891,-0.0052823309166802595,-0.0022596465145146233,1.387083463087452e-06
38.72000000000003,0.92,0.025,0.009797958971132711,0.5248792922602417,0.5278473586035246,0.7215538647565558,-0.14413023888638243,0.5134843015304446,9.921353654931736e-05,-0.00658433950055742,-0.002648339235754065,-0.0011650725075855158,4.818483750098579e-07,0.6107231911299489,-0.1219918341934341,0.4346131128153683,8.397433733534222e-05,-0.6250144436764006,-0.18392689996291534,-0.40155072964493604,-0.21205670552494682,0.48845211310204417,-0.4156329368060428,0.04905043050750307,-0.093018574690307,-0.008070079158271093,-0.005282324520503601,-0.0022689542163546934,1.3767886281543433e-06
38.879999999999995,0.92,0.025,0.009797958971132711,0.5248792922602417,0.5278473586035246,0.7205008707244854,-0.1445532543180168,0.5132976069424501,9.930098144861078e-05,-0.0065780859807629,-0.002639356473668695,-0.0011694244598235092,4.751401812536237e-07,0.6098319369812045,-0.12234987445476943,0.43445509451608977,8.404835069810416e-05,-0.6243629633801879,-0.18316193601448336,-0.40140468130246143,-0.21197970173804245,0.48747069111318675,-0.41550981769358913,0.04923433010587454,-0.09336567303839367,-0.008070093931301021,-0.005282318132750308,-0.0022782578923440607,1.3664069663879593e-06
39.04000000000002,0.92,0.025,0.009797958971132711,0.5248792922602417,0.5278473586035246,0.7194488772166052,-0.14497483385784282,0.5131102223848208,9.93872406648575e-05,-0.006571832950455238,-0.0026303905844521657,-0.0011737692624784826,4.6839182126497273e-07,0.6089415296761347,-0.12270669937727817,0.4342964922265124,8.412136049873539e-05,-0.6237116766195678,-0.18239850954068462,-0.40125809383010685,-0.211902412187172,0.4864906398058477,-0.4153860290968336,0.04941793167153119,-0.09371219900100028,-0.00807010875333481,-0.005282311753524952,-0.002287557480847084,1.3559383867172767e-06
39.19999999999999,0.92,0.025,0.009797958971132711,0.5248792922602417,0.5278473586035246,0.7183978841535062,-0.1453949802037451,0.5129221490092357,9.947231131399314e-05,-0.006565580423268653,-0.002621441545927692,-0.0011781068695384707,4.6160336850840087e-07,0.6080519691475277,-0.12306231124444987,0.4341373069214171,8.419336429616379e-05,-0.6230605844424878,-0.18163661839368042,-0.40111096812978103,-0.21182483734552146,0.4855119579781282,-0.4152615730381645,0.04960123325995154,-0.0940581489084608,-0.008070123624484707,-0.005282305382932551,-0.0022968529200499024,1.345382800386016e-06
39.360000000000014,0.92,0.025,0.009797958971132711,0.5248792922602417,0.5278473586035246,0.7173478914536005,-0.14581369605006148,0.5127333879739009,9.9556190568706e-05,-0.006559328412801046,-0.0026125093359356025,-0.0011824372350233141,4.547748980096518e-07,0.6071632553263274,-0.12341671233677204,0.43397753958110974,8.426435969735277e-05,-0.6224096878937269,-0.18087626042751578,-0.4009633051084744,-0.211746977689016,0.4845346444279731,-0.4151364515363455,0.049784232927829644,-0.09440351909371378,-0.008070138544863074,-0.0052822990210786005,-0.0023061441479638157,1.33474012095752e-06
39.51999999999998,0.92,0.025,0.009797958971132711,0.5248792922602417,0.5278473586035246,0.7162988990331278,-0.14623098408758536,0.5125439404435446,9.963887565767003e-05,-0.006553076932614059,-0.002603593932333353,-0.0011867603129872236,4.4790648635399667e-07,0.6062753881416394,-0.12376990493173226,0.43381719119141615,8.433434435665191e-05,-0.621758988014903,-0.180117433498121,-0.40081510567825496,-0.2116688336963171,0.48355869795317563,-0.41501066660651953,0.04996692873318317,-0.09474830589250699,-0.00807015351458238,-0.005282292668069045,-0.0023154311024286673,1.324010264321008e-06
39.68000000000001,0.92,0.025,0.009797958971132711,0.5248792922602417,0.5278473586035246,0.7152509068061605,-0.14664684700356895,0.5123538075894111,9.97203638647073e-05,-0.006546825996233142,-0.002594695312995532,-0.0011910760575213454,4.409982116842916e-07,0.6053883675207343,-0.12412189130382076,0.4336562627436775,8.440331597508827e-05,-0.6211084858444771,-0.1793601354633105,-0.40066637075626416,-0.21159040584881922,0.48258411735137935,-0.414884220260214,0.05014931873546168,-0.0950925056436021,-0.008070168533755213,-0.005282286324010301,-0.002324713721116226,1.3131931486970854e-06
39.84000000000003,0.92,0.025,0.009797958971132711,0.5248792922602417,0.5278473586035246,0.7142039146846102,-0.14706128748172573,0.5121629905892547,9.980065252799067e-05,-0.0065405756171476115,-0.002585813455813869,-0.0011953844227563142,4.340501536985571e-07,0.6045021933890541,-0.12447267372453266,0.43349475523474523,8.44712722996913e-05,-0.6204581824177601,-0.17860436418278408,-0.4005171012647125,-0.2115116946306469,0.48161090142008206,-0.414757114505345,0.05033140099565445,-0.09543611468897825,-0.008070183602494266,-0.00528227998900925,-0.002333991941533567,1.3022886946424987e-06
40.0,0.92,0.025,0.009797958971132711,0.5248792922602417,0.5278473586035246,0.7131579225782329,-0.147474308202233,0.5119714906273337,9.987973903915325e-05,-0.0065343258088107125,-0.002576948338697245,-0.0011996853628648129,4.270623936480064e-07,0.6036168656702163,-0.12482225446237002,0.43333266966697526,8.453821112273931e-05,-0.6198080787669177,-0.17785011751812685,-0.40036729813087507,-0.2114327005286514,0.4806390489566387,-0.4146293513462221,0.05051317357639839,-0.09577912937403653,-0.008070198720912351,-0.005282273663173239,-0.002343265701026464,1.2912968250553445e-06
40.160000000000025,0.92,0.025,0.009797958971132711,0.5248792922602417,0.5278473586035246,0.7121129303946347,-0.14788591184173513,0.5117793088944029,9.995762084252254e-05,-0.006528076584639674,-0.002568099939571698,-0.0012039788320641215,4.2003501433473436e-07,0.6027323842860188,-0.12517063578284462,0.43317000704822267,8.460413028111109e-05,-0.6191581759209763,-0.17709739333280913,-0.4002169622870861,-0.2113534240324073,0.4796685587582648,-0.41450093278355216,0.05069463454208565,-0.0961215460478031,-0.00807021388912238,-0.005282267346610081,-0.002352534936782781,1.280217465180177e-06
40.31999999999999,0.92,0.025,0.009797958971132711,0.5248792922602417,0.5278473586035246,0.7110689380392785,-0.14829610107334582,0.5115864465877081,0.00010003429543414572,-0.006521827958015781,-0.002559268236380435,-0.001208264784618661,4.1296810010917684e-07,0.6018487491564454,-0.1255178199484799,0.43300676839183616,8.466902765546094e-05,-0.6185084749058289,-0.17634618949218708,-0.40006609467073484,-0.21127386563420913,0.4786994296220398,-0.4143718608144449,0.05087578195897105,-0.0964633610631323,-0.008070229107237384,-0.005282261039428062,-0.002361799585835851,1.2690505426117018e-06
40.48000000000002,0.92,0.025,0.009797958971132711,0.5248792922602417,0.5278473586035246,0.7100259454154885,-0.14870487856665124,0.5113929049109772,0.00010010976036105851,-0.006515579942284424,-0.0025504532070838365,-0.0012125431748425395,4.0586173686773603e-07,0.6009659601996695,-0.12586380921881363,0.43284295471665113,8.473290116959994e-05,-0.6178589767442405,-0.17559650386350278,-0.3999146962242595,-0.21119402582906738,0.4777316603449099,-0.41424213743241656,0.051056613895279476,-0.09680457077690965,-0.008070244375370494,-0.0052822547417359375,-0.0023710595850678904,1.2577959872999134e-06
40.639999999999986,0.92,0.025,0.009797958971132711,0.5248792922602417,0.5278473586035246,0.7089839524244562,-0.14911224698771255,0.5111986850744151,0.00010018401322028022,-0.006509332550755167,-0.0025416548296594674,-0.0012168139571020842,3.9871601205037787e-07,0.6000840173320597,-0.12620860585039992,0.432678567046985,8.479574878964519e-05,-0.6172096824558531,-0.17484833431588404,-0.3997627678951428,-0.2111139051147053,0.47676524972369155,-0.414111764627395,0.05123712842131281,-0.09714517155025403,-0.008070259693634963,-0.0052822484536429425,-0.0023803148712133637,1.246453731553891e-06
40.80000000000001,0.92,0.025,0.009797958971132711,0.5248792922602417,0.5278473586035246,0.7079429589652476,-0.1495182089990686,0.5110037882946941,0.0001002570516580314,-0.006503085796701805,-0.0025328730821020835,-0.0012210770858183764,3.9153101463750255e-07,0.5992029204681856,-0.12655221209681167,0.4325136064126291,8.485756852335778e-05,-0.6165605930571927,-0.17410167872034554,-0.3996103106359056,-0.21103350399155474,0.4758001965550746,-0.4139807443857238,0.05141732360955699,-0.0974851597487197,-0.008070275062144137,-0.005282242175258773,-0.0023895653808624017,1.2350237100452056e-06
40.960000000000036,0.92,0.025,0.009797958971132711,0.5248792922602417,0.5278473586035246,0.7069029649348064,-0.14992276725973888,0.5108082157949468,0.00010032887336881857,-0.006496839693362428,-0.0025241079424236407,-0.0012253325154697728,3.8430683514775684e-07,0.5983226695208201,-0.126894630208643,0.43234807384884305,8.491835841936804e-05,-0.615911709561674,-0.173356534949788,-0.3994573254041011,-0.21095282296275222,0.47483649963562563,-0.4138490786901673,0.05159719753478836,-0.09782453174249761,-0.008070290481011487,-0.005282235906693615,-0.002398811050464177,1.223505859812528e-06
41.120000000000005,0.92,0.025,0.009797958971132711,0.5248792922602417,0.5278473586035246,0.7058639702279623,-0.150325924425226,0.5106119688047593,0.00010039947609449461,-0.006490594253939477,-0.002515359388653302,-0.0012295802005944272,3.7704356563477804e-07,0.5974432644009473,-0.1272358624335113,0.4321819703963483,8.497811656638024e-05,-0.6152630329796059,-0.1726129008789993,-0.39930381316231045,-0.21087186253413537,0.4738741577617907,-0.4137167695199143,0.051776748274180225,-0.09816328390661656,-0.008070305950350574,-0.005282229648058115,-0.0024080518163302977,1.2119001202640206e-06
41.28000000000003,0.92,0.025,0.009797958971132711,0.5248792922602417,0.5278473586035246,0.7048259747374342,-0.15072768314751886,0.5104150485601603,0.00010046885762344153,-0.006484349491599806,-0.002506627398837447,-0.0012338200957928065,3.6974129968440276e-07,0.5965647050177644,-0.12757591101605997,0.4320152971013197,8.503684109248092e-05,-0.6146145643181977,-0.17187077438465354,-0.3991497748781341,-0.210790623214238,0.47291316972989905,-0.41358381885058326,0.051955973907409095,-0.09850141262114372,-0.008070321470275076,-0.005282223399463418,-0.002417287614638212,1.2002064331811978e-06
41.44,0.92,0.025,0.009797958971132711,0.5248792922602417,0.5278473586035246,0.7037889783538384,-0.15112804607509506,0.510217456303615,0.00010053701578956436,-0.006478105419474747,-0.0024979119510396765,-0.0012380521557301958,3.6240013241179435e-07,0.5956869912786888,-0.12791477819796046,0.43184805501537976,8.509453016428728e-05,-0.6139663045815642,-0.17113015334531234,-0.3989952115241876,-0.21070910551428657,0.4719535343361658,-0.4134502286542267,0.052134872516760404,-0.09883891427138475,-0.008070337040898776,-0.005282217161021129,-0.0024265183814345843,1.1884247427217147e-06
41.60000000000002,0.92,0.025,0.009797958971132711,0.5248792922602417,0.5278473586035246,0.702752980965692,-0.15152701585292358,0.5100191932840146,0.00010060394847143748,-0.0064718620506601645,-0.0024892130233408255,-0.0012422763351392018,3.5502016045805653e-07,0.5948101230893618,-0.12825246621791453,0.43168024519558995,8.515118198622469e-05,-0.6133182547707317,-0.1703910356414246,-0.3988401240780938,-0.21062730994819528,0.4709952503766957,-0.41331600089933557,0.05231344218723432,-0.09917578524808321,-0.00807035266233556,-0.005282210932843345,-0.0024357440526386956,1.1765549954218516e-06
41.75999999999999,0.92,0.025,0.009797958971132711,0.5248792922602417,0.5278473586035246,0.7017179824594202,-0.15192459512246795,0.5098202607566682,0.00010066965359137665,-0.006465619398216517,-0.002480530593838966,-0.00124649258882224,3.4760148198729365e-07,0.5939341003536532,-0.1285889773116569,0.43151186870444397,8.520679479974121e-05,-0.6126704158836425,-0.16965341915532625,-0.3986845135224773,-0.21054523703256223,0.4700383166474855,-0.4131811375508435,0.05249168100665076,-0.09951202194761921,-0.008070368334699428,-0.005282204715042647,-0.0024449645640458114,1.1645971401994954e-06
41.920000000000016,0.92,0.025,0.009797958971132711,0.5248792922602417,0.5278473586035246,0.700683982719361,-0.15232078652168868,0.509620659983293,0.00010073412911450487,-0.006459377475168919,-0.0024718646406494166,-0.0012507008716540328,3.401441966831699e-07,0.5930589229736672,-0.1289243137119573,0.4313429266098592,8.526136688251693e-05,-0.6120227889151624,-0.16891730177124104,-0.39852838084495606,-0.21046288728666407,0.46908273194442796,-0.4130456405701319,0.05266958706575489,-0.09984762077220849,-0.008070384058104466,-0.00528219850773209,-0.0024541798513305966,1.152551128356096e-06
42.079999999999984,0.92,0.025,0.009797958971132711,0.5248792922602417,0.5278473586035246,0.6996509816277717,-0.15271559268504614,0.5094203922320052,0.00010079737304779628,-0.0064531362945072,-0.0024632151419047513,-0.0012549011385840762,3.3264840574550704e-07,0.5921845908497461,-0.12925847764862305,0.4311734199851692,8.531489654765478e-05,-0.6113753748570848,-0.1681826813752805,-0.39837172703813584,-0.21038026123245213,0.46812849506331394,-0.41290951191503383,0.05284715845832135,-0.10018257813009927,-0.00807039983266488,-0.005282192311025224,-0.002463389850050462,1.1404169135785514e-06
42.24000000000001,0.92,0.025,0.009797958971132711,0.5248792922602417,0.5278473586035246,0.6986189790648335,-0.1531090162435033,0.5092194587773095,0.00010085938343920444,-0.006446895869185966,-0.002454582075754806,-0.0012590933446391273,3.2511421188701646e-07,0.5913111038804751,-0.12959147134850119,0.43100334990911476,8.536738214294264e-05,-0.6107281746981365,-0.16744955585544377,-0.3982145530996017,-0.21029735939454694,0.46717560479983694,-0.41277275353983905,0.05302439328125932,-0.10051689043577063,-0.00807041565849498,-0.0052821861250360825,-0.002472594495648985,1.1281944519417549e-06
42.400000000000034,0.92,0.025,0.009797958971132711,0.5248792922602417,0.5278473586035246,0.6975879749086579,-0.1535010598245284,0.5090178609000896,0.00010092015837663077,-0.006440656212124659,-0.0024459654203666864,-0.0012632774449256494,3.175417193296538e-07,0.590438461962688,-0.12992329703548086,0.43083271746583585,8.54188220499803e-05,-0.6100811894239832,-0.16671792310161826,-0.3980568600319113,-0.21021418230023398,0.466224059949595,-0.41263536739529816,0.05320128963471581,-0.10085055411012751,-0.00807043153570917,-0.005282179949879191,-0.0024817937234592373,1.115883701909581e-06
42.56,0.92,0.025,0.009797958971132711,0.5248792922602417,0.5278473586035246,0.6965579690352921,-0.15389172605209786,0.5088155998875987,0.00010097969598707462,-0.006434417336207613,-0.002437365153924772,-0.0012674533946322854,3.099310338007968e-07,0.5895666649914713,-0.13025395693049563,0.4306615237448636,8.546921468345997e-05,-0.6094344200172356,-0.1659877810055796,-0.3978986488425876,-0.21013073047945827,0.4652738593080938,-0.412497355428627,0.053377845622180266,-0.10118356558069808,-0.008070447464421959,-0.005282173785669553,-0.002490987468707197,1.1034846243363907e-06
42.72000000000003,0.92,0.025,0.009797958971132711,0.5248792922602417,0.5278473586035246,0.6955289613187245,-0.15428101754669896,0.5086126770334467,0.00010103799443559515,-0.006428179254284123,-0.0024287812546307306,-0.0012716211490322983,3.0228226252982374e-07,0.5886957128601685,-0.130583453251526,0.4304897698411093,8.551855849028774e-05,-0.6087878674574544,-0.16525912746099147,-0.3977399205441091,-0.21004700446481933,0.46432500167075114,-0.41235871958351156,0.05355405935058753,-0.10151592128182825,-0.008070463444747964,-0.005282167632522677,-0.002500175666515108,1.0909971824683742e-06
42.879999999999995,0.92,0.025,0.009797958971132711,0.5248792922602417,0.5278473586035246,0.6945009516308909,-0.15466893692533262,0.5084090936375918,0.00010109505192441287,-0.006421941979168494,-0.00242021370070352,-0.0012757806634860081,2.945955142441308e-07,0.5878256054603861,-0.13091178821360153,0.4303174568548577,8.556685194882305e-05,-0.6081415327211561,-0.16453196036340637,-0.39758067615390447,-0.2099630047915662,0.46337748583289845,-0.412219461800112,0.05372992893042095,-0.10184761765487614,-0.008070479476801895,-0.005282161490554555,-0.00250935825190483,1.0784213419444309e-06
43.04000000000002,0.92,0.025,0.009797958971132711,0.5248792922602417,0.5278473586035246,0.6934739398416788,-0.1550554868015163,0.508204851006328,0.00010115086669193542,-0.0064157055236401085,-0.002411662470379397,-0.001279931893443228,2.868708991652258e-07,0.586956342681997,-0.1312389640288034,0.430144585891756,8.561409356805414e-05,-0.6074954167818183,-0.16380627761026498,-0.3974209166943421,-0.2098787319975918,0.4624313105897848,-0.41207958401506734,0.053905452475815296,-0.10217865114840637,-0.008070495560698568,-0.00528215535988168,-0.002518535159801219,1.065757070796806e-06
43.19999999999999,0.92,0.025,0.009797958971132711,0.5248792922602417,0.5278473586035246,0.6924479258189344,-0.15544066978528645,0.5079999504522748,0.00010120543701183377,-0.006409469900443484,-0.0024031275419119247,-0.0012840747944456723,2.79108529004781e-07,0.5860879244131462,-0.13156498290626645,0.4299711580628054,8.566028188681611e-05,-0.6068495206098854,-0.16308207710089712,-0.39726064319272336,-0.2097941866234281,0.46148647473657955,-0.4119390881615,0.0540806281046585,-0.102509018218382,-0.008070511696552903,-0.005282149240621037,-0.0025277063250354454,1.053004339451849e-06
43.360000000000014,0.92,0.025,0.009797958971132711,0.5248792922602417,0.5278473586035246,0.6914229094284676,-0.1558244884832016,0.5077943932943653,0.00010125876119199909,-0.006403235122288329,-0.0023946088935719785,-0.001288209322129394,2.7130851696061035e-07,0.585220350540255,-0.13188984705218185,0.4297971744843508,8.570541547290804e-05,-0.6062038451727744,-0.1623593567365213,-0.39709985668127307,-0.20970936921224015,0.4605429770683758,-0.4117979761690201,0.05425545393869474,-0.10283871532835902,-0.008070527884479905,-0.005282143132890101,-0.0025368716823484065,1.0401631207300169e-06
43.51999999999998,0.92,0.025,0.009797958971132711,0.5248792922602417,0.5278473586035246,0.6903988905340569,-0.15620694549834505,0.5075881808578339,0.00010131083757364959,-0.006397001201849608,-0.002386106503647755,-0.0012923354322271557,2.6347097771240364e-07,0.5843536209480258,-0.13221355866979925,0.4296226362780706,8.574949292233702e-05,-0.605558391434879,-0.16163811442024462,-0.39693855819713036,-0.2096242803098203,0.45960081638019307,-0.41165624996373,0.05442992810362467,-0.10316773894967543,-0.008070544124594695,-0.005282137036806861,-0.0025460311663940026,1.0272333898460764e-06
43.68000000000001,0.92,0.025,0.009797958971132711,0.5248792922602417,0.5278473586035246,0.6893758689974562,-0.15658804343032745,0.5073813144742053,0.00010136166453034462,-0.0063907681517676,-0.0023776203504447782,-0.0012964530805708516,2.5559602741752777e-07,0.5834877355194469,-0.13253611995942916,0.4294475445709674,8.579251285848369e-05,-0.6049131603575774,-0.16091834805706381,-0.39677674878234104,-0.2095389204645833,0.4586599914669807,-0.4115139114682289,0.05460404872920771,-0.10349608556164434,-0.008070560417012481,-0.0052821309524897905,-0.00255518471174253,1.0142151244089632e-06
43.84000000000003,0.92,0.025,0.009797958971132711,0.5248792922602417,0.5278473586035246,0.6883538446783996,-0.1569677848752898,0.507173795481282,0.00010141124046699244,-0.0063845359846479545,-0.0023691504122859077,-0.0013005622230938668,2.476837837067421e-07,0.5826226941357974,-0.1328575331184453,0.42927190049535713,8.58344739312624e-05,-0.6042681528992359,-0.16020005555386455,-0.3966144294838473,-0.20945329022755962,0.4577205011236206,-0.41137096260161693,0.05477781394936193,-0.10382375165174212,-0.008070576761848575,-0.005282124880057874,-0.002564332252883974,1.0011083044213825e-06
44.0,0.92,0.025,0.009797958971132711,0.5248792922602417,0.5278473586035246,0.6873328174346066,-0.15734617242590615,0.5069656252231315,0.00010145956381893848,-0.006378304713061753,-0.0023606966675113424,-0.0013046628158334597,2.3973436567964753e-07,0.581758496676651,-0.13317780034128698,0.42909570518885853,8.587537481634953e-05,-0.6036233700152147,-0.1594832348194217,-0.39645160135347873,-0.20936739015239017,0.45678234414493063,-0.41122740527950014,0.05495122190226469,-0.10415073371579837,-0.008070593159218384,-0.005282118819630597,-0.002573473724231349,9.879129122792593e-07
44.160000000000025,0.92,0.025,0.009797958971132711,0.5248792922602417,0.5278473586035246,0.6863127871217889,-0.15772320867138637,0.5067568050500738,0.00010150663305090393,-0.00637207434954557,-0.00235225909447863,-0.0013087548149331328,2.3174789390044335e-07,0.5808951430198821,-0.13349692381946143,0.4289189597943825,8.59152142142851e-05,-0.6029788126578746,-0.15876788376439965,-0.39628826544794316,-0.20928122079532008,0.4558455193256673,-0.41108324141399427,0.05512427073045293,-0.10447702825818507,-0.008070609609237408,-0.0052821127713279445,-0.0025826090601240373,9.746289327709974e-07
44.31999999999999,0.92,0.025,0.009797958971132711,0.5248792922602417,0.5278473586035246,0.6852937535936545,-0.1580988961974789,0.5065473363186687,0.00010155244665610084,-0.006365844906601526,-0.002343837671562674,-0.0013128381766449617,2.2372449039304047e-07,0.5800326330416692,-0.13381490574154617,0.42874166546012116,8.595399084972376e-05,-0.6023344817765809,-0.15805400030135225,-0.3961244228288161,-0.20919478271519243,0.45491002546052883,-0.41093847291373,0.05529695858092166,-0.10480263179200218,-0.00807062611202125,-0.005282106735270412,-0.0025917381948310577,9.612563530763062e-07
44.48000000000002,0.92,0.025,0.009797958971132711,0.5248792922602417,0.5278473586035246,0.6842757167019138,-0.15847323758647364,0.5063372203917024,0.00010159700315523486,-0.006359616396697357,-0.002335432377155739,-0.0013169128573319597,2.1566427863650333e-07,0.5791709666164998,-0.1341317482931913,0.4285638233395369,8.599170347059079e-05,-0.6016903783177093,-0.15734158234472265,-0.39596007456253196,-0.20910807647344237,0.45397586134415874,-0.41079310168385663,0.05546928360522395,-0.10512754083926619,-0.00807064266768561,-0.0052821007115790046,-0.0026008610625544142,9.477951627650797e-07
44.639999999999986,0.92,0.025,0.009797958971132711,0.5248792922602417,0.5278473586035246,0.6832586762962856,-0.15884623541720444,0.5061264586381737,0.00010164030109548818,-0.006353388832266461,-0.0023270431896674575,-0.0013209788134703878,2.0756738356042183e-07,0.5783101436171761,-0.13444745365712185,0.42838543459135026,8.60283508472212e-05,-0.6010465032246525,-0.15663062781084416,-0.39579522172037274,-0.20902110263409063,0.45304302577114797,-0.410647129626047,0.05564124395956866,-0.10545175193109439,-0.00807065927634627,-0.005282094700375225,-0.002609977597432359,9.342453537959773e-07
44.80000000000001,0.92,0.025,0.009797958971132711,0.5248792922602417,0.5278473586035246,0.6822426322245015,-0.15921789226505234,0.5059150524332813,0.00010168233904961714,-0.00634716222570797,-0.0023186700875248386,-0.0013250360016520857,1.9943393153989602e-07,0.5774501639148182,-0.1347620240131403,0.4282065003795293,8.606393177159595e-05,-0.6004028574378237,-0.15592113461793933,-0.39562986537845873,-0.20893386176373707,0.45211151753603857,-0.410500558638502,0.05581283780491899,-0.10577526160789069,-0.008070675938119118,-0.005282088701781101,-0.0026190877335427036,9.206069205147839e-07
44.960000000000036,0.92,0.025,0.009797958971132711,0.5248792922602417,0.5278473586035246,0.6812275843323126,-0.15958821070194792,0.5057030031584095,0.00010172311561492305,-0.006340936589386795,-0.0023103130491722713,-0.0013290843785867712,1.9126405039070422e-07,0.5765910273788694,-0.13507546153812874,0.42802702187327785,8.609844505647087e-05,-0.5997594418946639,-0.1552131006861208,-0.39546400661773795,-0.20884635443155466,0.4511813354333263,-0.4103533906159544,0.05598406330708985,-0.10609806641952892,-0.008070692653120133,-0.00528208271591916,-0.002628191404906084,9.06879859652434e-07
45.120000000000005,0.92,0.025,0.009797958971132711,0.5248792922602417,0.5278473586035246,0.6802135324634937,-0.1599571932963743,0.5054903122011136,0.00010176262941229703,-0.006334711935633698,-0.002301972053071535,-0.0013331239011043349,1.8305786936432372e-07,0.5757327338771011,-0.1353877684060512,0.4278470002470226,8.61318895345682e-05,-0.5991162575296459,-0.15450652393739092,-0.39529764652397475,-0.2087585812092821,0.4502524782574641,-0.41020562744967404,0.05615491863684483,-0.10642016292553581,-0.008070709421465382,-0.005282076742912449,-0.00263728854548924,8.930641703230778e-07
45.28000000000003,0.92,0.025,0.009797958971132711,0.5248792922602417,0.5278473586035246,0.6792004764598497,-0.16032484261336982,0.505276980955106,0.00010180087908528537,-0.006328488276745343,-0.0022936470777018,-0.0013371545261571275,1.7481551914264413e-07,0.5748752832756169,-0.13569894678795622,0.4276664366804017,8.616426405778554e-05,-0.5984733052742804,-0.15380140229564204,-0.39513078618773967,-0.2086705426712177,0.4493249448028643,-0.41005727102747175,0.05632540196999308,-0.10674154769527344,-0.008070726243271039,-0.005282070782884528,-0.0026463790892082774,8.791598540215957e-07
45.44,0.92,0.025,0.009797958971132711,0.5248792922602417,0.5278473586035246,0.6781884161612212,-0.16069116121453106,0.5050630108202419,0.00010183786329908364,-0.006322265624984356,-0.002285338101559641,-0.0013411762108222257,1.6653713183315553e-07,0.5740186754388577,-0.1360089988519791,0.4274853323582527,8.619556749634439e-05,-0.597830586057122,-0.15309773368665663,-0.3949634267043987,-0.20858223939421272,0.44839873386390244,-0.409908323233704,0.056495511487485134,-0.10706221730811971,-0.008070743118653346,-0.0052820648359594696,-0.002655462969931918,8.651669146216324e-07
45.60000000000002,0.92,0.025,0.009797958971132711,0.5248792922602417,0.5278473586035246,0.6771773514054886,-0.16105615165801518,0.5048484032025037,0.0001018735807395702,-0.006316043992579385,-0.0022770451031590396,-0.001345188912303695,1.5822284096330662e-07,0.5731629102296056,-0.13631792676334406,0.42730368847059913,8.622579873797222e-05,-0.5971881008037728,-0.15239551603810692,-0.3947955691741011,-0.2084936719576639,0.44747384423491976,-0.40975878594927734,0.056665245375508655,-0.1073821683536489,-0.00807076004772866,-0.00528205890226187,-0.002664540121484752,8.510853583721443e-07
45.75999999999999,0.92,0.025,0.009797958971132711,0.5248792922602417,0.5278473586035246,0.6761672820285792,-0.16141981649854317,0.5046331595139866,0.00010190803011234914,-0.006309823391725157,-0.0022687680610313883,-0.0013491925879348275,1.49872781475535e-07,0.5723079875089895,-0.13662573268436695,0.4271215062126383,8.625495668709232e-05,-0.59654585043689,-0.15169474727955556,-0.39462721470176876,-0.20840484094350697,0.44655027471022596,-0.40960866105165245,0.05683460182558322,-0.10770139743181,-0.008070777030613412,-0.005282052981916841,-0.0026736104776504564,8.369151938952682e-07
45.920000000000016,0.92,0.025,0.009797958971132711,0.5248792922602417,0.5278473586035246,0.6751582078644716,-0.16178215828740236,0.5044172811728833,0.00010194121014176435,-0.0063036038345825355,-0.0022605069537255033,-0.0013531871951803864,1.4148708972152168e-07,0.5714539071364888,-0.13693241877445736,0.42693878678472846,8.628304026398934e-05,-0.5959038358761896,-0.1509954253424552,-0.3944583643970848,-0.20831574693620958,0.44562802408410307,-0.40945795041484917,0.05700357903465525,-0.10801990115310563,-0.008070794067424126,-0.005282047075050015,-0.0026826739721750427,8.226564321824568e-07
46.079999999999984,0.92,0.025,0.009797958971132711,0.5248792922602417,0.5278473586035246,0.674150128745201,-0.1621431795724494,0.504200769603468,0.00010197311957002654,-0.006297385333278585,-0.0022522617598076233,-0.0013571726916388118,1.3306590345692944e-07,0.5706006689699381,-0.13723798719012117,0.4267555313923754,8.631004840407047e-05,-0.5952620580384527,-0.15029754816014854,-0.3942890193744812,-0.20822639052276384,0.44470709115080714,-0.4093066559094504,0.05717217520519141,-0.10833767613876791,-0.00807081115827743,-0.005282041181787547,-0.0026917305387700414,8.083090865921113e-07
46.24000000000001,0.92,0.025,0.009797958971132711,0.5248792922602417,0.5278473586035246,0.6731430445008656,-0.1625028828981127,0.5039836262360807,0.000102003757156102,-0.006291167899906621,-0.0022440324578614215,-0.0013611490350444423,1.246093618357475e-07,0.5697482728655326,-0.1375424400849626,0.42657174124621877,8.633598005692473e-05,-0.5946205178375308,-0.1496011136678688,-0.3941191807531268,-0.20813677229267916,0.4437874747045721,-0.40915477940260675,0.0573403885452727,-0.10865471902093561,-0.008070828303290018,-0.005282035302256118,-0.0027007801111157406,7.938731728451224e-07
46.400000000000034,0.92,0.025,0.009797958971132711,0.5248792922602417,0.5278473586035246,0.6721369549596309,-0.1628612708053956,0.5037658525071121,0.0001020331216749397,-0.006284951546526273,-0.0022358190264880084,-0.0013651161832696956,1.1611760540458164e-07,0.5688967186778316,-0.13784577960968686,0.42638741756201975,8.636083418566897e-05,-0.5939792161843503,-0.1489061198027393,-0.39394884965691634,-0.20804689283797528,0.44286917353961247,-0.40900232275804094,0.05750821726868672,-0.10897102644282783,-0.008070845502578685,-0.005282029436582929,-0.0027098226228643428,7.793487090220362e-07
46.56,0.92,0.025,0.009797958971132711,0.5248792922602417,0.5278473586035246,0.6711318599477358,-0.1632183458318791,0.5035474498589867,0.00010206121191636152,-0.006278736285163543,-0.002227621444305938,-0.0013690740943272538,1.0759077609708955e-07,0.5680460062597636,-0.1381480079121025,0.42620256156064634,8.638460976600839e-05,-0.5933381539869198,-0.14821256450377363,-0.39377802721445726,-0.2079567527531745,0.44195218645012607,-0.4088492878360522,0.057675659595020204,-0.10928659505891831,-0.008070862756260311,-0.005282023584895712,-0.0027188580076431624,7.647357155586683e-07
46.72000000000003,0.92,0.025,0.009797958971132711,0.5248792922602417,0.5278473586035246,0.6701277592894976,-0.16357411051172438,0.5033284197401453,0.00010208802668418664,-0.006272522127810862,-0.0022194396899512152,-0.0013730227263722345,9.902901722796935e-08,0.5671961354626308,-0.1384491271371235,0.42601717446805903,8.640730578549557e-05,-0.5926973321503329,-0.14752044571187573,-0.3936067145590567,-0.20786635263529377,0.4410365122302972,-0.40869567649352045,0.057842713749751036,-0.10960142153510845,-0.008070880064451866,-0.005282017747322726,-0.002727886199057815,7.500342152420241e-07
46.879999999999995,0.92,0.025,0.009797958971132711,0.5248792922602417,0.5278473586035246,0.6691246528073175,-0.16392856737567588,0.5031087636050309,0.00010211356479530105,-0.006266309086427147,-0.0022112737420773004,-0.001376962037704335,9.043247348715927e-08,0.5663471061361135,-0.13874913942677206,0.42583125751529816,8.642892124274281e-05,-0.5920567515767757,-0.1468297613698399,-0.39343491282871035,-0.20777569308383803,0.44012214967429936,-0.40854149058391126,0.05800937796433899,-0.10991550254889819,-0.008070897427270398,-0.005282011923992758,-0.00273690713069534,7.352442332062777e-07
47.04000000000002,0.92,0.025,0.009797958971132711,0.5248792922602417,0.5278473586035246,0.6681225403216859,-0.1642817189510639,0.502888482914069,0.00010213782507867913,-0.006260097172937864,-0.0022031235793551164,-0.0013808919867699754,8.180129093391748e-08,0.565498918128275,-0.13904804692018047,0.425644811938468,8.644945514659402e-05,-0.5914164131655314,-0.14614050942235085,-0.3932626231660881,-0.20768477470079155,0.43920909757629817,-0.4083867319572795,0.05817565047631654,-0.1102288347895569,-0.00807091484483305,-0.005282006115035128,-0.0027459207361273763,7.203657969282129e-07
47.19999999999999,0.92,0.025,0.009797958971132711,0.5248792922602417,0.5278473586035246,0.6671214216511883,-0.16463356776180768,0.5026675791336527,0.00010216080637445756,-0.006253886399235078,-0.002194989180473053,-0.0013848125321644176,7.313561699071272e-08,0.5646515712855658,-0.13934585175359404,0.42545783897872363,8.646890651534089e-05,-0.590776317812985,-0.14545268781598353,-0.3930898467185221,-0.2075935980906107,0.43829735473045456,-0.40823140246027423,0.05834152952937857,-0.11054141495829221,-0.008070932317257036,-0.005282000320579686,-0.0027549269489132704,7.05398936222497e-07
47.360000000000014,0.92,0.025,0.009797958971132711,0.5248792922602417,0.5278473586035246,0.6661212966125092,-0.16498411632841783,0.5024460537361239,0.00010218250753305194,-0.006247676777177519,-0.0021868705241369726,-0.0013887236326338864,6.443560043710271e-08,0.5638050654528278,-0.13964255606037287,0.4252703398822553,8.648727437597516e-05,-0.5901364664126298,-0.14476629449920314,-0.39291658463799317,-0.20750216386021597,0.43738691993092704,-0.408075503936143,0.058507013373472305,-0.11085323976841903,-0.008070949844659668,-0.005281994540756821,-0.0027639257026032325,6.903436832371233e-07
47.51999999999998,0.92,0.025,0.009797958971132711,0.5248792922602417,0.5278473586035246,0.6651221650204393,-0.1653333671679993,0.5022239081997567,0.00010220292741414776,-0.006241468318590635,-0.0021787675890702182,-0.0013926252470776472,5.5701391403610265e-08,0.5629594004732998,-0.1399381619709946,0.4250823159002741,8.650455776333467e-05,-0.5894968598550719,-0.14408132742236568,-0.3927428380811175,-0.2074104726189838,0.4364777919718753,-0.4079190382247363,0.05867210026488533,-0.11116430594552522,-0.008070967427158335,-0.005281988775697454,-0.002772916930741407,6.752000724480841e-07
47.68000000000001,0.92,0.025,0.009797958971132711,0.5248792922602417,0.5278473586035246,0.6641240266878792,-0.16568132279425424,0.5020011440087384,0.00010222206488583278,-0.006235261035266648,-0.0021706803540136165,-0.0013965173345501058,4.693314136533579e-08,0.5621145761886209,-0.1402326716130568,0.4248937682889962,8.652075571936887e-05,-0.5888574990280356,-0.14339778453771707,-0.3925686082091326,-0.2073185249787384,0.43556996964746264,-0.40776200716251143,0.05883678846633451,-0.11147461022763887,-0.00807098506487051,-0.005281983025533044,-0.0027819005668690082,6.599681406542519e-07
47.84000000000003,0.92,0.025,0.009797958971132711,0.5248792922602417,0.5278473586035246,0.6631268814258456,-0.1660279857174847,0.5017777626531528,0.00010223991882365305,-0.006229054938964617,-0.0021626087977254832,-0.001400399854262857,3.813100313559613e-08,0.5612705924388358,-0.14052608711127906,0.42470469830962854,8.653586729233994e-05,-0.5882183848163693,-0.1427156637993937,-0.3923938961878844,-0.2072263215537441,0.43466345175185866,-0.4076044125825377,0.059001076247052864,-0.11178414936539158,-0.008071002757913743,-0.00528197729039559,-0.002790876544527369,6.446479269718176e-07
48.0,0.92,0.025,0.009797958971132711,0.5248792922602417,0.5278473586035246,0.6621307290434768,-0.16637335844459544,0.5015537656289611,0.00010225648810976501,-0.006222850041410494,-0.0021545528989816306,-0.0014042727655867462,2.9295130859766308e-08,0.5604274490623988,-0.14081841058750558,0.42451510722835273,8.654989153610511e-05,-0.5875795181020502,-0.1420349631634225,-0.392218703187813,-0.2071338629606967,0.43375823707924277,-0.40744625631450043,0.05916496188287693,-0.11209292012218276,-0.008071020506405673,-0.005281971570417627,-0.0027998447972610355,6.292394728296171e-07
48.160000000000025,0.92,0.025,0.009797958971132711,0.5248792922602417,0.5278473586035246,0.6611355693480371,-0.16671744347909684,0.5013291544379834,0.00010227177163196608,-0.006216646354297178,-0.002146512636575372,-0.0014081360280538994,2.0425680008388648e-08,0.5595851458961786,-0.14110964416070756,0.4243249963163092,8.65628275092961e-05,-0.5869408997641897,-0.1413556805877205,-0.3920430303839381,-0.20704114981871508,0.4328543244238064,-0.4072875401847049,0.05932844365633285,-0.11240091927434137,-0.008071038310464013,-0.005281965865732239,-0.0028088052586208133,6.137428219622604e-07
48.31999999999999,0.92,0.025,0.009797958971132711,0.5248792922602417,0.5278473586035246,0.6601414021449226,-0.16706024332110753,0.5011039305878806,0.00010228576828277971,-0.006210443889284575,-0.0021384879893175265,-0.0014119896013597443,1.1522807370925817e-08,0.5587436827754625,-0.1413997899469854,0.42413436684958217,8.657467427454476e-05,-0.5863025306790388,-0.14067781403209495,-0.3918668789558457,-0.20694818274933302,0.4319517125797563,-0.40712826601608143,0.05949151985672193,-0.11270814361128699,-0.008071056170206559,-0.005281960176473048,-0.0028177578621668095,5.981580204047798e-07
48.48000000000002,0.92,0.025,0.009797958971132711,0.5248792922602417,0.5278473586035246,0.6591482272376668,-0.16740176046735727,0.5008780955921345,0.00010229847695863599,-0.006204242657999657,-0.0021304789360364253,-0.001415833445365016,2.5866710489388303e-09,0.5579030595339611,-0.14168885005957121,0.4239432201091826,8.658543089778951e-05,-0.5856644117199936,-0.14000136145824374,-0.39169025008767255,-0.20685496237649056,0.43105040034131686,-0.40696843562818924,0.059654188780205814,-0.11301458993568961,-0.008071074085751188,-0.005281954502774222,-0.0028267025414714683,5.824851164866097e-07
48.639999999999986,0.92,0.025,0.009797958971132711,0.5248792922602417,0.5278473586035246,0.6581560444279451,-0.16774199741118975,0.5006516509700297,0.00010230989655897037,-0.006198042672036515,-0.0021224854555779164,-0.001419667520097745,-6.38256955058294e-09,0.5570632760038128,-0.141976826608831,0.4237515573810332,8.659509644751253e-05,-0.5850265437576001,-0.13932632082975466,-0.3915131449680925,-0.20676148932652538,0.4301503865027336,-0.4068080508372211,0.059816448729890725,-0.11332025506362811,-0.008071092057215849,-0.005281948844770478,-0.002835639230122582,5.667241608253513e-07
48.80000000000001,0.92,0.025,0.009797958971132711,0.5248792922602417,0.5278473586035246,0.6571648535155808,-0.1680809566425655,0.5004245982466337,0.0001023200259852685,-0.00619184394295642,-0.00211450752680537,-0.0014234917857552272,-1.5384753722002817e-08,0.5562243320155876,-0.14226372170226745,0.4235593799559507,8.660366999393126e-05,-0.5843889276595602,-0.13865269011210593,-0.39133556479030124,-0.20666776422816424,0.4292516698582753,-0.40664711345600757,0.059978298015911036,-0.11362513582474712,-0.008071110084718572,-0.005281943202597075,-0.0028445678617262846,5.508752063199458e-07
48.960000000000036,0.92,0.025,0.009797958971132711,0.5248792922602417,0.5278473586035246,0.65617465429855,-0.1684186406480644,0.5001969389527767,0.00010232886414029419,-0.006185646482287882,-0.0021065451285996835,-0.001427306202705989,-2.4419719467997657e-08,0.5553862273982928,-0.1425495374445217,0.42336668912963027,8.661115060834501e-05,-0.5837515642907358,-0.13798046727266597,-0.3911575107520011,-0.20657378771251383,0.42835424920223764,-0.4064856252940214,0.060139734955512565,-0.11392922906241366,-0.008071128168377469,-0.005281937576389831,-0.002853488369910058,5.349383081444642e-07
49.120000000000005,0.92,0.025,0.009797958971132711,0.5248792922602417,0.5278473586035246,0.6551854465729865,-0.16875505191088888,0.49996867462503325,0.00010233640992717423,-0.006179450301526697,-0.002098598239859286,-0.0014311107314917129,-3.34873035061708e-08,0.5545489619793758,-0.14283427593737635,0.4231734862026282,8.661753736236027e-05,-0.5831144545131552,-0.1373096502806929,-0.39097898405538656,-0.20647956041305254,0.42745812332894484,-0.40632358815738173,0.060300757873134256,-0.11423253163387048,-0.00807114630831072,-0.0052819319662851085,-0.0028624006883256657,5.189135237417135e-07
49.28000000000003,0.92,0.025,0.009797958971132711,0.5248792922602417,0.5278473586035246,0.654197230133188,-0.1690901929108664,0.4997398068057006,0.00010234266224855464,-0.006173255412136015,-0.002090666839500145,-0.001434905332829183,-4.258734127653282e-08,0.5537125355847303,-0.14311793927975733,0.422979772480345,8.662282932717665e-05,-0.5824775991860182,-0.1366402371073355,-0.3907999859071284,-0.20638508296562091,0.4265632910327536,-0.4061610038488585,0.060461365100490834,-0.1145350404103912,-0.008071164504636581,-0.005281926372419817,-0.0028713047506521566,5.028009128154667e-07
49.44,0.92,0.025,0.009797958971132711,0.5248792922602417,0.5278473586035246,0.65321000477162,-0.16942406612445243,0.49951033704277964,0.00010234762000572826,-0.006167061825546395,-0.0020827509064557707,-0.001438689967612175,-5.171966694818584e-08,0.5528769480386991,-0.14340052956773655,0.4227855492730087,8.662702557284841e-05,-0.5818409991657004,-0.13597222572563222,-0.3906205175183582,-0.20629035600841292,0.42566975110805544,-0.4059978741678773,0.060621554976652815,-0.1148367522774307,-0.008071182757473393,-0.005281920794931437,-0.002880200490598764,4.866005373240395e-07
49.60000000000002,0.92,0.025,0.009797958971132711,0.5248792922602417,0.5278473586035246,0.652223770278922,-0.16975667402473316,0.49928026688995375,0.00010235128209780872,-0.006160869553155855,-0.0020748504196772184,-0.0014424645969133589,-6.088411342655208e-08,0.5520421991640796,-0.14368204889453415,0.4225908178956569,8.66301251675853e-05,-0.5812046553057594,-0.13530561411051154,-0.39044058010465305,-0.20619538018196676,0.42477750234927925,-0.40583420091052264,0.06078132584812742,-0.11513766413477684,-0.008071201066939558,-0.005281915233957991,-0.0028890878419078575,4.703124614729958e-07
49.75999999999999,0.92,0.025,0.009797958971132711,0.5248792922602417,0.5278473586035246,0.6512385264439129,-0.17008801908142832,0.49904959790656833,0.00010235364742093038,-0.006154678606329935,-0.0020669653581330983,-0.0014462291819861653,-7.008051236085363e-08,0.5512082887821279,-0.14396249935052094,0.42239557966811947,8.663212717707548e-05,-0.5805685684569402,-0.1346404002387921,-0.3902601748860194,-0.2061001561291558,0.42388654355089417,-0.4056699858695435,0.06094067606893766,-0.11543777289669901,-0.008071219433153556,-0.00528190968963806,-0.0028979667383578277,4.5393675170743077e-07
49.920000000000016,0.92,0.025,0.009797958971132711,0.5248792922602417,0.5278473586035246,0.6502542730535948,-0.17041810376089417,0.49881833165760997,0.00010235471486738613,-0.006148488996401756,-0.0020590957008095765,-0.0014499836842666537,-7.930869415090383e-08,0.5503752167125627,-0.14424188302322083,0.4221998359150011,8.663303066375563e-05,-0.579932739467179,-0.13397658208918184,-0.39007930308687716,-0.20600468449517922,0.42299687350741294,-0.40550523083435663,0.06109960400070168,-0.11573707549209707,-0.008071237856233947,-0.005281904162110793,-0.002906837113766005,4.3747347670521827e-07
50.079999999999984,0.92,0.025,0.009797958971132711,0.5248792922602417,0.5278473586035246,0.6492710098931599,-0.17074693052612602,0.498586469713685,0.0001023544833248105,-0.006142300734672065,-0.002051241426710381,-0.0014537280653753478,-8.856848795491897e-08,0.5495429827735706,-0.14452020199731308,0.422003587965663,8.663283468611961e-05,-0.5792971691816103,-0.13331415764227902,-0.38989796593604337,-0.2059089659275523,0.4221084910133938,-0.4053399375910515,0.06125810801271068,-0.11603556886464746,-0.008071256336299348,-0.005281898651515888,-0.002915698901991524,4.2092270736840746e-07
50.24000000000001,0.92,0.025,0.009797958971132711,0.5248792922602417,0.5278473586035246,0.6482887367459944,-0.1710745018367613,0.49835401365099835,0.00010235295167539269,-0.0061361138324093085,-0.0020434025148568058,-0.0014574622871190628,-9.785972169670973e-08,0.5487115867818096,-0.14479745835463476,0.421806837154205,8.663153829805238e-05,-0.5786618584425707,-0.13265312488057135,-0.3897161646667158,-0.2058130010760976,0.4212213948634438,-0.4051741079223948,0.06141618648200651,-0.11633324997294871,-0.008071274873468459,-0.005281893157993614,-0.0029245520369381886,4.0428451681597557e-07
50.400000000000034,0.92,0.025,0.009797958971132711,0.5248792922602417,0.5278473586035246,0.6473074533936843,-0.17140082014908203,0.4981209650513324,0.0001023501187950347,-0.006129928300849675,-0.0020355789442877176,-0.0014611863114927114,-1.0718222207293765e-07,0.5478810285524145,-0.14507365417418305,0.42160958481944777,8.662914054811737e-05,-0.5780268080896048,-0.13199348178843626,-0.3895339005164572,-0.2057167905929351,0.42033558385222125,-0.40500774360783387,0.06157383779345832,-0.11663011579066543,-0.008071293467860048,-0.0052818876816848,-0.002933396452557313,3.875589803760667e-07
50.56,0.92,0.025,0.009797958971132711,0.5248792922602417,0.5278473586035246,0.6463271596160204,-0.17172588791601817,0.49788732550202447,0.00010234598355262554,-0.006123744151197156,-0.0020277706940595576,-0.0014649001006810892,-1.1653581456132601e-07,0.5470513078989997,-0.1453487915321178,0.4214118323049135,8.662564047894227e-05,-0.5773920189594702,-0.1313352263521406,-0.38935117472717734,-0.20562033513247258,0.4194510567744387,-0.404840846423502,0.061731060339838446,-0.11692616330667038,-0.008071312119592947,-0.005281882222730839,-0.002942232082850542,3.707461755769322e-07
50.72000000000003,0.92,0.025,0.009797958971132711,0.5248792922602417,0.5278473586035246,0.6453478551910031,-0.17204970758714994,0.49765309659594537,0.00010234054480922741,-0.006117561394623603,-0.002019977743246347,-0.001468603617060662,-1.259203234274912e-07,0.5462224246336651,-0.1456228725017637,0.4212135809588082,8.662103712653008e-05,-0.5767574918861426,-0.1306783565598406,-0.389167988545117,-0.205523635351396,0.4185678124248656,-0.404673418142222,0.06188785252189821,-0.11722138952518683,-0.008071330828786064,-0.005281876781273695,-0.0029510588618726916,3.538461821400697e-07
50.879999999999995,0.92,0.025,0.009797958971132711,0.5248792922602417,0.5278473586035246,0.6443695398948486,-0.17237228160871076,0.4974182799314765,0.00010233380141728824,-0.006111380042268788,-0.002012200070939693,-0.0014722968232013032,-1.3533557173316043e-07,0.5453943785669999,-0.14589589915361278,0.42101483213400176,8.661532951959277e-05,-0.576123227700821,-0.1300228704015822,-0.3889843432208306,-0.20542669190865953,0.417685849598331,-0.40450546053351133,0.06204421274844191,-0.11751579146592694,-0.008071349595558367,-0.0052818713574558935,-0.0029598767237345074,3.368590819706568e-07
51.04000000000002,0.92,0.025,0.009797958971132711,0.5248792922602417,0.5278473586035246,0.6433922135019927,-0.17269361242359021,0.49718287711248843,0.00010232575221989494,-0.006105200105240448,-0.002004437656248792,-0.001475979681868048,-1.4478138134369303e-07,0.5445671695080867,-0.14616787355532676,0.4208155871880102,8.660851667891909e-05,-0.5754892272319335,-0.12936876586930043,-0.38880024000916896,-0.20532950546547613,0.4168051670897259,-0.40433697536358537,0.06220013943640118,-0.11780936616423149,-0.008071368420028894,-0.005281865951420536,-0.0029686856026054755,3.1978495914957306e-07
51.19999999999999,0.92,0.025,0.009797958971132711,0.5248792922602417,0.5278473586035246,0.6424158757850965,-0.1730137024713367,0.49694688974831785,0.00010231639605004012,-0.006099021594614356,-0.001996690478300433,-0.0014796521560227962,-1.5425757293585074e-07,0.5437407972645057,-0.1464387977717394,0.42061584748297626,8.660059761675397e-05,-0.574855491305141,-0.12871604095681918,-0.3886156801692624,-0.2052320766853073,0.4159257636940069,-0.40416796439536296,0.06235563101090745,-0.11810211067120541,-0.008071387302316758,-0.005281860563311296,-0.0029774854327165408,3.026238999249296e-07
51.360000000000014,0.92,0.025,0.009797958971132711,0.5248792922602417,0.5278473586035246,0.6414405265150518,-0.17333255418816032,0.49671031945374433,0.00010230573172987015,-0.006092844521434364,-0.0019889585162390054,-0.0014833142088260364,-1.637639660057407e-07,0.5429152616423398,-0.1467086738648589,0.42041561438564923,8.659157133616211e-05,-0.5742220207433442,-0.12806469365985193,-0.38843066496450257,-0.20513440623385318,0.41504763820619783,-0.4039984293884693,0.06251068590536524,-0.11839402205385513,-0.008071406242541128,-0.005281855193272418,-0.002986276148362907,2.8537599270309706e-07
51.51999999999998,0.92,0.025,0.009797958971132711,0.5248792922602417,0.5278473586035246,0.6404661654609859,-0.1736501700069358,0.49647316784896783,0.00010229375806991491,-0.006086668896712468,-0.001981241749226498,-0.0014869658036385093,-1.7330037887679246e-07,0.5420905624461785,-0.14697750389387046,0.4202148892673664,8.658143683037598e-05,-0.5735888163666872,-0.1274147219760007,-0.388245195662525,-0.20503649477904234,0.41417078942139335,-0.40382837209924166,0.06266530256152275,-0.11868509739522097,-0.008071425240821235,-0.0052818498414487205,-0.002995057683906705,2.680413280394694e-07
51.68000000000001,0.92,0.025,0.009797958971132711,0.5248792922602417,0.5278473586035246,0.6394927923902666,-0.173966552357205,0.49623543655958535,0.00010228047386843637,-0.006080494731428859,-0.001973540156442509,-0.001490606904022892,-1.8286662870759607e-07,0.5412666994791216,-0.14724528991513833,0.42001367350403307,8.657019308224455e-05,-0.5729558789925638,-0.12676612390475656,-0.3880592735351913,-0.20493834299102182,0.4132952161347609,-0.40365779428073256,0.06281947942954362,-0.11897533379451126,-0.008071444297276381,-0.005281844507985599,-0.003003829973779745,2.5061999863017806e-07
51.84000000000003,0.92,0.025,0.009797958971132711,0.5248792922602417,0.5278473586035246,0.6385204070685077,-0.17428170366518014,0.49599712721656736,0.00010226587791065346,-0.0060743220365319815,-0.0019658537170842453,-0.0014942374737454338,-1.924625315001031e-07,0.5404436725427849,-0.14751203398220847,0.41981196847610264,8.655783906357709e-05,-0.5723232094356223,-0.12611889744749932,-0.3878728998585712,-0.20483995154214688,0.412420917141544,-0.4034866976827149,0.06297321496807641,-0.11926472836723263,-0.00807146341202593,-0.005281839193029028,-0.0030125929524861764,2.3311209930225827e-07
52.0,0.92,0.025,0.009797958971132711,0.5248792922602417,0.5278473586035246,0.6375490092595731,-0.17459562635374618,0.4957582414562339,0.00010224996896809164,-0.006068150822938589,-0.001958182410366529,-0.00149785747677759,-2.0208790210760372e-07,0.5396214814373027,-0.14777773814581077,0.4196097755685564,8.654437373459277e-05,-0.5716908085077694,-0.12547304060749723,-0.38768607591292353,-0.20474132110697035,0.4115478912370642,-0.4033150840516856,0.06312650764432409,-0.11955327824531999,-0.008071482585189308,-0.005281833896725559,-0.0030213465546051676,2.1551772700496335e-07
52.160000000000025,0.92,0.025,0.009797958971132711,0.5248792922602417,0.5278473586035246,0.6365785987255833,-0.174908322842464,0.4955187809202314,0.00010223274579783471,-0.006061981101533797,-0.0019505262155218026,-0.001501466877297641,-2.1174255424301824e-07,0.5388001259613338,-0.14804240445386152,0.41940709617088384,8.65297960432873e-05,-0.5710586770181778,-0.12482855138990706,-0.3874988029826793,-0.2046424523622327,0.41067613721672463,-0.4031429551308703,0.0632793559341129,-0.11984098057726543,-0.008071501816886003,-0.005281828619222331,-0.003030090714793571,1.9783698079979218e-07
52.31999999999999,0.92,0.025,0.009797958971132711,0.5248792922602417,0.5278473586035246,0.6356091752269196,-0.175219795547573,0.4952787472555083,0.00010221420714193394,-0.006055812883171144,-0.0019428851118001302,-0.0015050656396922778,-2.2142630048690658e-07,0.5379796059120648,-0.1483060349514658,0.41920393167706227,8.65141049249329e-05,-0.5704268157732891,-0.12418542780177423,-0.387311082356422,-0.20454334598685145,0.4098056538760122,-0.40297031266022754,0.06343175832195985,-0.12012783252824459,-0.008071521107235559,-0.005281823360667057,-0.0030388253677885446,1.8006996185197884e-07
52.48000000000002,0.92,0.025,0.009797958971132711,0.5248792922602417,0.5278473586035246,0.6346407385222288,-0.17553004688199417,0.49503814211429015,0.00010219435172663361,-0.006049646178672641,-0.0019352590784692037,-0.0015086537285581851,-2.3113895229609546e-07,0.5371599210852145,-0.14856863168091988,0.4190002834855352,8.649729930142268e-05,-0.56979522557682,-0.12354366785203187,-0.3871229153268689,-0.2044440026619103,0.40893644001049995,-0.40279715837645297,0.06358371330114006,-0.12041383128024244,-0.008071540456357586,-0.005281818121208043,-0.00304755044841018,1.622167734195613e-07
52.639999999999986,0.92,0.025,0.009797958971132711,0.5248792922602417,0.5278473586035246,0.633673288368429,-0.17583907925533257,0.4947969671540563,0.00010217317826178028,-0.00604348099882883,-0.0019276480948143453,-0.0015122311087035906,-2.4088032001168484e-07,0.5363410712750383,-0.1488301966817135,0.41879615299919326,8.647937808077083e-05,-0.5691639072297672,-0.12290326955150144,-0.3869343031908531,-0.20434442307064896,0.40806849441585025,-0.4026234940129836,0.06373521937375269,-0.12069897403217673,-0.00807155986437175,-0.005281812900994176,-0.0030562658915640863,1.4427752084475604e-07
52.80000000000001,0.92,0.025,0.009797958971132711,0.5248792922602417,0.5278473586035246,0.6327068245207144,-0.1761468950738804,0.49455522403751434,0.00010215068544020464,-0.006037317354398843,-0.0019200521401385128,-0.0015157977451498118,-2.5065021286766435e-07,0.5355230562743326,-0.14909073199053238,0.41859154162535217,8.646034015658921e-05,-0.5685328615304126,-0.12226423091289255,-0.38674524724930376,-0.20424460789845225,0.40720181588781723,-0.4024493213000024,0.06388627505078683,-0.12098325800002119,-0.008071579331397773,-0.005281807700174931,-0.0030649716322439877,1.2625231154388862e-07
52.960000000000036,0.92,0.025,0.009797958971132711,0.5248792922602417,0.5278473586035246,0.63174134673256,-0.1764534967406196,0.49431291443257547,0.00010212687193700675,-0.00603115525611045,-0.0019124711937623018,-0.0015193536031327688,-2.604484389992419e-07,0.5347058758744389,-0.14935023964126046,0.4183864507757319,8.644018440748251e-05,-0.5679020892743281,-0.12162654995080226,-0.3865557488072268,-0.20414455783283922,0.4063364032222493,-0.4022746419644421,0.06403687885218584,-0.12126668041692569,-0.008071598857555439,-0.0052818025189003736,-0.00307366760553427,1.0814125499724132e-07
53.120000000000005,0.92,0.025,0.009797958971132711,0.5248792922602417,0.5278473586035246,0.6307768547557273,-0.17675888665522504,0.4940700400123298,0.00010210173640896882,-0.006024994714660121,-0.0019049052350239503,-0.0015228986481044878,-2.7027480545142214e-07,0.5338895298652476,-0.14960872166498249,0.418180881866436,8.641890969655121e-05,-0.567271591254381,-0.12099022468171547,-0.3863658091736863,-0.2040442735634527,0.4054722552150918,-0.4020994577299898,0.06418702930691146,-0.12154923853333609,-0.008071618442964588,-0.005281797357321158,-0.003082353746612519,8.994446273912441e-08
53.28000000000003,0.92,0.025,0.009797958971132711,0.5248792922602417,0.5278473586035246,0.6298133483402681,-0.17706306721406698,0.4938266024550203,0.00010207527749396308,-0.006018835740713079,-0.0018973542432793433,-0.0015264328457345918,-2.8012911818756267e-07,0.5330740180352029,-0.14986618008998628,0.4179748363179292,8.639651487089037e-05,-0.5666413682607385,-0.12035525312400439,-0.38617542966178403,-0.20394375578204788,0.40460937066238994,-0.4019237703170913,0.06433672495300724,-0.12183092961711284,-0.008071638087745116,-0.005281792215588537,-0.0030910299907520714,7.166204834791279e-08
53.44,0.92,0.025,0.009797958971132711,0.5248792922602417,0.5278473586035246,0.6288508272345312,-0.17736604081021407,0.49358260344401844,0.00010204749381035908,-0.006012678344903351,-0.0018898181979020152,-0.0015299561619117519,-2.90011182098029e-07,0.5322593401713073,-0.15012261694176518,0.41776831555501726,8.637299876108793e-05,-0.5660114210808743,-0.1197216332979288,-0.38598461158864084,-0.2038430051824818,0.4037477483602911,-0.40174758144295497,0.06448596433766039,-0.12211175095364638,-0.008071657792016965,-0.005281787093854351,-0.0030996962733244827,5.329412743580957e-08
53.60000000000002,0.92,0.025,0.009797958971132711,0.5248792922602417,0.5278473586035246,0.6278892911851658,-0.1776678098334361,0.4933380446677974,0.00010201838395637459,-0.00600652253783383,-0.0018822970782831523,-0.0015334685627451433,-2.999208010085772e-07,0.5314454960591244,-0.15037803424302032,0.41756132100682375,8.634836018067545e-05,-0.5653817504995715,-0.1190893632256355,-0.38579335627537586,-0.20374202246070203,0.4028873871050471,-0.4015708928215562,0.06463474601726388,-0.12239169984597306,-0.008071677555900143,-0.005281781992271036,-0.0031083525298020386,3.484081763876469e-08
53.75999999999999,0.92,0.025,0.009797958971132711,0.5248792922602417,0.5278473586035246,0.6269287399371273,-0.17796837667020693,0.49309292781990705,0.00010198794650954991,-0.006000368330076329,-0.0018747908638316012,-0.0015369700145658623,-3.0985777768969783e-07,0.5306324854827845,-0.15063243401366316,0.41735385410676934,8.632259792568305e-05,-0.5647523572989294,-0.1184584409311582,-0.3856016650470872,-0.20364080831473558,0.4020282856930179,-0.4013937061636421,0.0647830685574767,-0.12267077361488789,-0.008071697379514709,-0.005281776910991633,-0.0031169986957602035,1.630223860514699e-08
53.920000000000016,0.92,0.025,0.009797958971132711,0.5248792922602417,0.5278473586035246,0.6259691732336821,-0.1782677437037072,0.49284725459894724,0.00010195618002620496,-0.005994215732171628,-0.001867299533973865,-0.0015404604839283425,-3.19821913864691e-07,0.5298203082249885,-0.1508858182708178,0.41714591629254894,8.629571077417988e-05,-0.5641232422583677,-0.11782886444041767,-0.3854095392328314,-0.20353936344467774,0.4011704429206729,-0.4012160231767347,0.0649309305332844,-0.12294896959905714,-0.008071717262980761,-0.005281771850169773,-0.00312563470688008,-2.3214880131618607e-09
54.079999999999984,0.92,0.025,0.009797958971132711,0.5248792922602417,0.5278473586035246,0.6250105908164126,-0.1785659133138272,0.4926010267085424,0.00010192308304081754,-0.005988064754629541,-0.001859823068154113,-0.0015439399376117318,-3.2981301021900733e-07,0.5290089640670117,-0.15113818902882337,0.4169375090061103,8.626769748574797e-05,-0.5634944061546321,-0.11720063178122125,-0.3852169801656033,-0.20343768855268085,0.40031385758459426,-0.4010378455651365,0.0650783305290577,-0.123226285155128,-0.008071737206418472,-0.005281766809959693,-0.0031342604989508123,-2.1030238572805253e-08
54.24000000000001,0.92,0.025,0.009797958971132711,0.5248792922602417,0.5278473586035246,0.6240529924252219,-0.17886288787716983,0.4923542458573141,0.00010188865406553715,-0.005981915407928962,-0.0018523614458341824,-0.0015474083426212759,-3.3983086640877287e-07,0.5281984527887079,-0.15138954829923656,0.41672863369363067,8.623855680107065e-05,-0.5628658497617985,-0.11657374098326247,-0.3850239891823158,-0.20333578434294297,0.39945852848147956,-0.4008591750299337,0.06522526713861151,-0.12350271765783853,-0.008071757209948044,-0.005281761790516239,-0.0031428760078720274,-3.982388744852164e-08
54.400000000000034,0.92,0.025,0.009797958971132711,0.5248792922602417,0.5278473586035246,0.6230963777983394,-0.1791586697670531,0.4921069137588551,0.00010185289158963871,-0.005975767702517922,-0.0018449146464935785,-0.0015508656661896545,-3.498752810700227e-07,0.5273887741685145,-0.15163989809083375,0.416519291805495,8.62082874414702e-05,-0.562237573851279,-0.11594819007812157,-0.3848305676237786,-0.20323365152169623,0.39860445440814385,-0.4006800132690009,0.06537173896526198,-0.12377826450012401,-0.008071777273689735,-0.005281756791994841,-0.0031514811696561887,-5.870230704460052e-08
54.56,0.92,0.025,0.009797958971132711,0.5248792922602417,0.5278473586035246,0.6221407466723247,-0.17945326135351322,0.4918590321317028,0.00010181579407903164,-0.005969621648813648,-0.0018374826496294844,-0.00155431187577832,-3.599460518274585e-07,0.5265799279834557,-0.1518892404096136,0.4163094847962733,8.617688810849238e-05,-0.5616095791918264,-0.11532397709926472,-0.3846367168346785,-0.20313129079719594,0.3977516341615228,-0.4005003619770053,0.06551774462188356,-0.12405292309322334,-0.00807179739776386,-0.005281751814551555,-0.003160075920430979,-7.766536780506418e-08
54.72000000000003,0.92,0.025,0.009797958971132711,0.5248792922602417,0.5278473586035246,0.6211860987820735,-0.1797466650033074,0.4916106026993113,0.00010177735997569765,-0.005963477257202609,-0.0018300654347567565,-0.0015577469390788104,-3.7004297530358914e-07,0.525771914009147,-0.1521375772587994,0.4160992141246971,8.614435748343049e-05,-0.5609818665495392,-0.11470110008204404,-0.38444243816355744,-0.20302870287970834,0.3969000665386745,-0.4003202228454108,0.06566328273096513,-0.12432669086678358,-0.00807181758229077,-0.005281746858343034,-0.00316866019644165,-9.671293822514018e-08
54.879999999999995,0.92,0.025,0.009797958971132711,0.5248792922602417,0.5278473586035246,0.6202324338608222,-0.1800388830799167,0.4913616271900249,0.00010173758769727616,-0.005957334538040581,-0.0018226629814079337,-0.0015611708240140323,-3.8016584712777965e-07,0.5249647320197999,-0.1523849106388415,0.4158884812536371,8.611069422697455e-05,-0.5603544366878669,-0.11407955706369727,-0.384247732962792,-0.2029258884814995,0.396049750336783,-0.40013959756248263,0.06580835192466465,-0.12459956526896188,-0.008071837827390871,-0.005281741923526543,-0.0031772339340533358,-1.1584488486166055e-07
55.04000000000002,0.92,0.025,0.009797958971132711,0.5248792922602417,0.5278473586035246,0.6192797516401521,-0.18032991794354863,0.49111210733705063,0.00010169647563658204,-0.005951193501652692,-0.0018152752691332386,-0.001564583498739546,-3.9031446194531925e-07,0.5241583817882248,-0.15263124254741958,0.41567728765007966,8.607589697880305e-05,-0.5597272903676148,-0.11345934608334779,-0.3840526025885721,-0.2028228483168235,0.39520068435316,-0.3999584878132909,0.06595295084486417,-0.12487154376652768,-0.008071858133184614,-0.005281737010259957,-0.003185797069753375,-1.3506107234397348e-07
55.19999999999999,0.92,0.025,0.009797958971132711,0.5248792922602417,0.5278473586035246,0.6183280518499958,-0.18061977195114026,0.49086204487843066,0.0001016540221610059,-0.005945054158333484,-0.0018079022775005808,-0.001567984931644809,-4.004886134265676e-07,0.5233528630858365,-0.15287657497944512,0.41546563478510373,8.60399643570754e-05,-0.5591004283469491,-0.11284046518200433,-0.3838570484008795,-0.20271958310191052,0.39435286738524805,-0.3997768952797155,0.06609707814322288,-0.12514262384496166,-0.008071878499792493,-0.005281732118701764,-0.003194349540153583,-1.543613633858407e-07
55.360000000000014,0.92,0.025,0.009797958971132711,0.5248792922602417,0.5278473586035246,0.6173773342186406,-0.18090844745636098,0.4906114415570143,0.00010161022561228672,-0.005938916518346961,-0.0018005439860955587,-0.0015713750913544182,-4.106880942764407e-07,0.5225481756826574,-0.15312090992706393,0.4152535241338569,8.600289495823948e-05,-0.5584738513814016,-0.11222291240256048,-0.38366107176346653,-0.20261609355495538,0.39350629823062205,-0.3995948216404496,0.06624073248123018,-0.12541280300855442,-0.008071898927335041,-0.005281727249011066,-0.003202891281992532,-1.7374561879565803e-07
55.51999999999998,0.92,0.025,0.009797958971132711,0.5248792922602417,0.5278473586035246,0.6164275984727342,-0.18119594680961518,0.4903602991204308,0.00010156508430587665,-0.005932780591926648,-0.0017932003745214633,-0.0015747539467293186,-4.2091269624320885e-07,0.5217443193473222,-0.15336424937965829,0.41504095717553263,8.5964687356494e-05,-0.5578475602238755,-0.1116066857897951,-0.3834646740438344,-0.20251238039610542,0.39266097568699326,-0.399412268571005,0.06638391253025736,-0.12568207878050264,-0.008071919415932846,-0.00528172240134758,-0.0032114222321377815,-1.9321369748797638e-07
55.68000000000001,0.92,0.025,0.009797958971132711,0.5248792922602417,0.5278473586035246,0.6154788443372893,-0.1814822723580453,0.4901086193210599,0.00010151859653058248,-0.005926646389275645,-0.001785871422399282,-0.001578121466868003,-4.311622101282419e-07,0.5209412938470817,-0.15360659532384954,0.4148279353933451,8.592534010348502e-05,-0.5572215556246493,-0.11099178339037141,-0.38326785661321083,-0.20240844434744834,0.3918168985522106,-0.3992292377437151,0.06652661697160894,-0.12595044870300437,-0.00807193996570653,-0.0052817175758716394,-0.0032199423275881206,-2.1276545649520275e-07
55.84000000000003,0.92,0.025,0.009797958971132711,0.5248792922602417,0.5278473586035246,0.6145310715356886,-0.18176742644553442,0.48985640391600516,0.00010147076054825623,-0.005920513920566678,-0.0017785571093677011,-0.0015814776211076917,-4.4143642579507236e-07,0.5201390989478069,-0.15384794974350036,0.41461446027450677,8.588485172804407e-05,-0.5565958383313823,-0.11037820325283738,-0.383070620846529,-0.20230428613300086,0.39097406562426346,-0.39904573082773986,0.06666884449657302,-0.12621791033735283,-0.008071960576776761,-0.005281712772744198,-0.003228451505475768,-2.3240075097763522e-07
56.0,0.92,0.025,0.009797958971132711,0.5248792922602417,0.5278473586035246,0.6135842797896897,-0.18205141141270942,0.4896036546670647,0.00010142157459318421,-0.005914383195942155,-0.0017712574150831083,-0.0015848223790254734,-4.517351321789096e-07,0.5193377344139933,-0.15408831461971725,0.41440053331020354,8.584322073567111e-05,-0.5559704090891201,-0.10976594342762498,-0.3828729681224052,-0.20219990647869623,0.3901324757012848,-0.3988617494890697,0.06681059380647021,-0.12648446126402718,-0.00807198124926424,-0.0052817079921268295,-0.0032369497030685325,-2.5211943423645075e-07
56.160000000000025,0.92,0.025,0.009797958971132711,0.5248792922602417,0.5278473586035246,0.6126384688194295,-0.18233422959694343,0.4893503733407018,0.00010137103687191245,-0.00590825422551422,-0.0017639723192195947,-0.0015881557104394659,-4.620581172960453e-07,0.5185372000087651,-0.1543276919308529,0.41418615599557,8.580044560838671e-05,-0.5553452686402989,-0.10915500196705041,-0.3826748998231156,-0.20209530611237184,0.38929212758155246,-0.39867729539053,0.06695186361270318,-0.12675009908278467,-0.008072001983289716,-0.005281703234181732,-0.0032454368577720274,-2.719213577236393e-07
56.31999999999999,0.92,0.025,0.009797958971132711,0.5248792922602417,0.5278473586035246,0.6116936383434299,-0.18261588333235898,0.4890965617080176,0.00010131914556268996,-0.005902127019364811,-0.0017567018014689596,-0.0015914775854099093,-4.7240516825324763e-07,0.5177374954938792,-0.15456608365250865,0.4139713298296661,8.57565248042608e-05,-0.5547204177247502,-0.10854537692531353,-0.38247641733457527,-0.20199048576375758,0.3884530200634933,-0.3984923701917852,0.06709265263680357,-0.12701482141274748,-0.008072022778973974,-0.005281698499071722,-0.003253912907131756,-2.918063710544994e-07
56.48000000000002,0.92,0.025,0.009797958971132711,0.5248792922602417,0.5278473586035246,0.6107497880786014,-0.18289637494983066,0.4888422215447212,0.00010126589881529591,-0.005896001587545704,-0.0017494458415407115,-0.0015947879742402894,-4.827760712574993e-07,0.5169386206297282,-0.1548034917575367,0.41375605631545204,8.571145675726647e-05,-0.5540958570797064,-0.10793706635849765,-0.38227752204631515,-0.20188544616446338,0.38761515194568374,-0.3983069755493425,0.06723295961048002,-0.12727862589249203,-0.008072043636437834,-0.0052816937869602535,-0.0032623777888352856,-3.117743220183231e-07
56.639999999999986,0.92,0.025,0.009797958971132711,0.5248792922602417,0.5278473586035246,0.6098069177402493,-0.183175706776988,0.48858735463110037,0.00010121129475043327,-0.0058898779400785774,-0.0017422044191620718,-0.0015980868474783903,-4.931706116252607e-07,0.5161405751753471,-0.15503991821604265,0.4135403369597634,8.566523987676673e-05,-0.5534715874398058,-0.10733006832456972,-0.38207821535145875,-0.20178018804796657,0.3867785220268541,-0.3981211131165573,0.06737278327566333,-0.12754151018013268,-0.008072064555802156,-0.005281689098011393,-0.0032708314407143067,-3.31825056591059e-07
56.80000000000001,0.92,0.025,0.009797958971132711,0.5248792922602417,0.5278473586035246,0.6088650270420775,-0.18345388113821823,0.4883319627519925,0.00010115533145970796,-0.005883756086955058,-0.0017349775140779765,-0.0016013741759173777,-5.035885737922829e-07,0.5153433588884144,-0.1552753649953879,0.41332417327328647,8.561787254749682e-05,-0.5528476095370968,-0.10672438088337956,-0.3818784986467,-0.20167471214959998,0.38594312910588935,-0.3979347845436355,0.06751212238455283,-0.12780347195340766,-0.008072085537187836,-0.005281684432389847,-0.0032792738007467533,-3.51958418945223e-07
56.960000000000036,0.92,0.025,0.009797958971132711,0.5248792922602417,0.5278473586035246,0.6079241156961936,-0.18373090035466935,0.4880760476967554,0.00010109800700506337,-0.0058776360381367805,-0.00172776510605108,-0.0016046499305968189,-5.140297413231117e-07,0.5145469715252583,-0.15550983406019214,0.4131075667705338,8.556935312908565e-05,-0.5522239241010436,-0.10612000209665981,-0.3816783733322805,-0.20156901920653927,0.3851089719818333,-0.3977479914776397,0.06765097569966011,-0.12806450890976015,-0.008072106580715794,-0.005281679790260948,-0.003287704807058823,-3.7217425146287486e-07
57.120000000000005,0.92,0.025,0.009797958971132711,0.5248792922602417,0.5278473586035246,0.606984183413114,-0.1840067667442526,0.487819611259237,0.00010103931941859922,-0.005871517803555441,-0.001720567174861756,-0.0016079140828037153,-5.244938969208846e-07,0.5137514128408597,-0.1557433273723354,0.4128905189698182,8.551967995590238e-05,-0.5516005318585304,-0.10551693002802574,-0.38147784081196584,-0.2014631099577906,0.3842760494538896,-0.3975607355624921,0.0677893419938534,-0.1283246187664203,-0.00807212768650701,-0.005281675171790664,-0.0032961243979270473,-3.924723947466562e-07
57.28000000000003,0.92,0.025,0.009797958971132711,0.5248792922602417,0.5278473586035246,0.6060452299017682,-0.18428148262164568,0.48756265523774545,0.00010097926670217458,-0.005865401393112839,-0.0017133837003081005,-0.0016111666040735007,-5.349808224369435e-07,0.5129566825888566,-0.15597584689096092,0.41267303139322775,8.546885133672058e-05,-0.5509774335338675,-0.10491516274297501,-0.3812769024930222,-0.20135698514417755,0.38344436032142476,-0.39737301843897893,0.06792722005040026,-0.12858379926048444,-0.008072148854682461,-0.005281670577145589,-0.0033045325117803063,-4.1285268763195005e-07
57.44,0.92,0.025,0.009797958971132711,0.5248792922602417,0.5278473586035246,0.6051072548695037,-0.1845550502982953,0.48730518143502,0.00010091784682724267,-0.005859286816680952,-0.0017062146622059363,-0.0016144074661910166,-5.454902988805966e-07,0.512162780521548,-0.15620739457247715,0.4124551055666009,8.54168655545782e-05,-0.5503546298487944,-0.10431469830888714,-0.3810755597861942,-0.20125064550832936,0.38261390338397094,-0.39718484174475516,0.06806460866300958,-0.12884204814899267,-0.008072170085363187,-0.005281666006492968,-0.0033129290872018027,-4.333149671978296e-07
57.60000000000002,0.92,0.025,0.009797958971132711,0.5248792922602417,0.5278473586035246,0.604170258022091,-0.18482747208242015,0.48704719165819943,0.00010085505773448617,-0.005853174084101968,-0.0016990600403888115,-0.0016176366411914773,-5.560221064288231e-07,0.5113697063898979,-0.15643797237056042,0.41223674301950003,8.53637208664691e-05,-0.5497321215224865,-0.10371553479502371,-0.38087381410567944,-0.20114409179466722,0.3817846774412278,-0.3969962071143477,0.06820150663587289,-0.12909936320900525,-0.008072191378670242,-0.0052816614600006695,-0.0033213140629310663,-4.5385906877927123e-07
57.75999999999999,0.92,0.025,0.009797958971132711,0.5248792922602417,0.5278473586035246,0.6032342390637284,-0.18509875027901368,0.4867886877187932,0.00010079089733364282,-0.005847063205188354,-0.0016919198147080058,-0.0016208541013614168,-5.665760244362785e-07,0.5105774599435398,-0.15666758223615718,0.4120179452851866,8.530941550319529e-05,-0.5491099092715591,-0.10311767027252779,-0.3806716668691073,-0.20103732474939276,0.3809566812930653,-0.3968071161791608,0.06833791278370521,-0.12935574223767804,-0.008072212734724719,-0.005281656937837209,-0.0033296873778658944,-4.744848259787399e-07
57.920000000000016,0.92,0.025,0.009797958971132711,0.5248792922602417,0.5278473586035246,0.6022991976970464,-0.18536888718984704,0.4865296714326495,0.00010072536350315285,-0.005840954189722899,-0.0016847939650325298,-0.0016240598192396034,-5.771518314450261e-07,0.5097860409307802,-0.15689622611748655,0.4117987139005946,8.525394766906858e-05,-0.5484879938100724,-0.10252110281442353,-0.3804691194975127,-0.20093034512047406,0.38012991373952576,-0.39661757056747904,0.06847382593178424,-0.12961118305233482,-0.00807223415364773,-0.005281652440171739,-0.003338048971064294,-4.951920706784707e-07
58.079999999999984,0.92,0.025,0.009797958971132711,0.5248792922602417,0.5278473586035246,0.6013651336231127,-0.1856378851134717,0.4862701446199256,0.00010065845409005231,-0.005834847047458774,-0.0016776824712491278,-0.0016272537676179414,-5.877493051944479e-07,0.5089954490986026,-0.15712390596004247,0.41157905040630505,8.519731554182028e-05,-0.5478663758495363,-0.10192583049561643,-0.38026617341531416,-0.20082315365763345,0.37930437358082686,-0.3964275719044722,0.06860924491598913,-0.12986568349053906,-0.008072255635560417,-0.005281647967174055,-0.003346398781746378,-5.159806330514782e-07
58.24000000000001,0.92,0.025,0.009797958971132711,0.5248792922602417,0.5278473586035246,0.6004320465414364,-0.1859057463452226,0.4860101091050564,0.00010059016690968946,-0.005828741788119584,-0.0016705853132622823,-0.0016304359195423658,-5.983682226310045e-07,0.5082056841926719,-0.15735062370659642,0.41135895634651976,8.513951727236116e-05,-0.5472450560989152,-0.10133185139289225,-0.3800628300502881,-0.20071575111233456,0.37848005961736336,-0.39623712181219944,0.06874416858283912,-0.13011924141016484,-0.008072277180583964,-0.005281643519014605,-0.003354736749296288,-5.368503415734963e-07
58.400000000000034,0.92,0.025,0.009797958971132711,0.5248792922602417,0.5278473586035246,0.5994999361499742,-0.1861724731772207,0.4857495667167237,0.00010052049974551756,-0.005822638421399415,-0.0016635024709942133,-0.0016336062483136948,-6.090083599186272e-07,0.5074167459573382,-0.15757638129719959,0.411138433269035,8.508055098460606e-05,-0.546624035264634,-0.10073916358491775,-0.3798590908335465,-0.20060813823776938,0.3776569706497101,-0.3960462219096128,0.06887859578953007,-0.13037185468946444,-0.008072298788839553,-0.005281639095864468,-0.003363062813264038,-5.578010230357482e-07
58.56,0.92,0.025,0.009797958971132711,0.5248792922602417,0.5278473586035246,0.5985688021451332,-0.18643806789837591,0.48548851928782477,0.00010044945034892842,-0.005816536956962899,-0.0016564339243848804,-0.0016367647274884733,-6.196694924480607e-07,0.5066286341356407,-0.1578011806691854,0.4109174827252149,8.502041477533303e-05,-0.5460033140505809,-0.10014776515223947,-0.3796549571995106,-0.20050031578884478,0.37683510547862387,-0.3958548738125624,0.06901252540397092,-0.1306235212271353,-0.008072320460448422,-0.005281634697895383,-0.0033713769133673676,-5.788325025553066e-07
58.72000000000003,0.92,0.025,0.009797958971132711,0.5248792922602417,0.5278473586035246,0.5976386442217768,-0.18670253279439003,0.4852269686554414,0.00010037701643909643,-0.005810437404445253,-0.0016493796533919877,-0.0016399113308798133,-6.303513948474019e-07,0.505841348469312,-0.15802502375717173,0.4106961062699656,8.495910671405122e-05,-0.5453828931581142,-0.0995576541772839,-0.379450430585888,-0.20039228452217014,0.37601446290504625,-0.3956630791337996,0.06914595630481984,-0.1308742389423867,-0.008072342195531804,-0.005281630325279735,-0.0033796789894935957,-5.999446035878739e-07
58.879999999999995,0.92,0.025,0.009797958971132711,0.5248792922602417,0.5278473586035246,0.5967094620732291,-0.1869658701477595,0.4849649166608081,0.0001003031957027422,-0.005804339773452346,-0.0016423396379909832,-0.001643046032558174,-6.410538409919162e-07,0.5050548886987811,-0.15824791249306366,0.410474305461708,8.4896624842801e-05,-0.5447627732860658,-0.0989688287443572,-0.3792455124336475,-0.20028404519604373,0.3751950417301058,-0.3954708394829819,0.06927888738151793,-0.13112400577500152,-0.008072363994210978,-0.005281625978190563,-0.003387968981701385,-6.211371479396863e-07
59.04000000000002,0.92,0.025,0.009797958971132711,0.5248792922602417,0.5278473586035246,0.5957812553912796,-0.18722808223777831,0.48470236514928006,0.00010022798579405472,-0.0057982440735607375,-0.0016353138581750612,-0.0016461688068521772,-6.51776604014185e-07,0.5042692545631791,-0.15846984880605558,0.4102520818623507,8.483296717608792e-05,-0.5441429551307472,-0.09838128693964467,-0.3790402041869941,-0.2001755985704395,0.37437684075512045,-0.39527815646667636,0.06941131753432435,-0.13137281968540104,-0.00807238585660723,-0.005281621656801551,-0.0033962468302225863,-6.424099557790134e-07
59.19999999999999,0.92,0.025,0.009797958971132711,0.5248792922602417,0.5278473586035246,0.594854023866188,-0.18748917134054066,0.48443931597030276,0.00010015138433453238,-0.005792150314317743,-0.0016283022939551646,-0.0016492796283493426,-6.625194563141104e-07,0.5034844458003416,-0.15869083462263361,0.4100294370372643,8.47681317007482e-05,-0.5435234393859533,-0.09779502685121083,-0.3788345072933452,-0.20006694540699446,0.37355985878159964,-0.3950850316883647,0.06954324567434811,-0.131620678654703,-0.008072407782841873,-0.005281617361287048,-0.003404512475463934,-6.637628456479853e-07
59.360000000000014,0.92,0.025,0.009797958971132711,0.5248792922602417,0.5278473586035246,0.5939277671866885,-0.18774913972894397,0.4841757709773781,0.00010007338891282857,-0.005786058505241477,-0.0016213049253599866,-0.0016523784718968668,-6.732821695691104e-07,0.5027004621468132,-0.15891087186657818,0.4098063725552528,8.47021163758181e-05,-0.5429042267429675,-0.09721004656899852,-0.37862842320330425,-0.19995808646899446,0.3727440946112471,-0.39489146674844616,0.06967467072358179,-0.1318675806847836,-0.008072429773036236,-0.005281613091822053,-0.003412765858008866,-6.851956344747918e-07
59.51999999999998,0.92,0.025,0.009797958971132711,0.5248792922602417,0.5278473586035246,0.5930024850399952,-0.18800798967269164,0.48391173202803384,9.999399708472868e-05,-0.005779968655820917,-0.0016143217324359734,-0.0016554653126023197,-6.840645147443696e-07,0.501917303337852,-0.1591299624589662,0.4095828899885279,8.463491913251436e-05,-0.5422853178905674,-0.09662634418482952,-0.37842195337063683,-0.19984902252136155,0.3719295470459631,-0.3946974632442431,0.06980559161493154,-0.1321135237983325,-0.008072451827311674,-0.0052816088485822255,-0.003421006918619173,-7.06708137585132e-07
59.68000000000001,0.92,0.025,0.009797958971132711,0.5248792922602417,0.5278473586035246,0.592078177111806,-0.188265723438296,0.4836472009837905,9.991320637291559e-05,-0.005773880775515939,-0.0016073526952473235,-0.001658540125834377,-6.948662621026794e-07,0.5011349691074326,-0.15934810831817375,0.4093589909126803,8.456653787403576e-05,-0.5416667135150286,-0.09604391779240326,-0.37821509925224506,-0.19973975433064037,0.37111621488784635,-0.39450302277000404,0.06993600729224884,-0.1323585060389108,-0.008072473945789546,-0.005281604631743881,-0.003429235598236757,-7.283001687143166e-07
59.84000000000003,0.92,0.025,0.009797958971132711,0.5248792922602417,0.5278473586035246,0.5911548430863073,-0.18852234328908107,0.48338217971012903,9.983101426705359e-05,-0.005767794873757389,-0.0016003977938759922,-0.0016616028872235005,-7.056871812152128e-07,0.5003534591882505,-0.15956531135987823,0.4091346769066532,8.449697047563417e-05,-0.5410484143001295,-0.09546276548729689,-0.37800786230814193,-0.19963028266498462,0.3703040969391971,-0.39430814691690813,0.07006591671036003,-0.13260252547100518,-0.008072496128591242,-0.005281600441484006,-0.0034374518379852925,-7.499715400190973e-07
60.0,0.92,0.025,0.009797958971132711,0.5248792922602417,0.5278473586035246,0.5902324826461792,-0.18877785148518525,0.48311667007645903,9.974741822351592e-05,-0.0057617109599471215,-0.0015934570084216928,-0.0016646535726625989,-7.165270409711909e-07,0.4995727733117261,-0.1597815734970608,0.4089099495527149,8.442621478438388e-05,-0.5404304209271569,-0.0948828853669653,-0.37780024400142675,-0.19952060829414375,0.3694931920025188,-0.39411283727306934,0.07019531883509485,-0.13284558018007997,-0.00807251837583816,-0.005281596277980242,-0.0034456555791718604,-7.717220620897624e-07
60.160000000000025,0.92,0.025,0.009797958971132711,0.5248792922602417,0.5278473586035246,0.5893110954726,-0.1890322502835645,0.4828506739560847,9.966241566556705e-05,-0.0057556290434580566,-0.0015865303190018944,-0.0016676921583076972,-7.273856095885372e-07,0.4987929112080086,-0.159996896640009,0.4086848104364301,8.435426861933596e-05,-0.5398127340749103,-0.09430427553074039,-0.3775922457982586,-0.1994107319894492,0.3686834988805207,-0.3939170954235405,0.07032421264331556,-0.13308766827263016,-0.008072540687651711,-0.005281592141410897,-0.003453846763288639,-7.935515439610644e-07
60.31999999999999,0.92,0.025,0.009797958971132711,0.5248792922602417,0.5278473586035246,0.5883906812452501,-0.18928554193799488,0.4825841932261732,9.95760039830577e-05,-0.005749549133634238,-0.00157961770575183,-0.0016707186205785565,-7.382626546237536e-07,0.4980138726059797,-0.16021128269631887,0.408459261146633,8.428112977126004e-05,-0.5391953544197062,-0.0937269340798307,-0.37738386916783134,-0.1993006545238009,0.3678750163761205,-0.3937209229503178,0.07045259712294384,-0.13332878787623062,-0.008072563064153325,-0.00528158803195495,-0.0034620253320144837,-8.154597931250466e-07
60.48000000000002,0.92,0.025,0.009797958971132711,0.5248792922602417,0.5278473586035246,0.5874712396423177,-0.1895377286990756,0.48231722976772085,9.948818053263416e-05,-0.005743471239790874,-0.0015727191488244926,-0.0016737329361592816,-7.491579429828435e-07,0.49723565723325774,-0.1604247335708976,0.4082333032753989,8.420679600282156e-05,-0.5385782826353847,-0.09315085911732146,-0.37717511558234734,-0.19919037667165376,0.36706774329244585,-0.39352432143234406,0.07058047127298717,-0.13356893713958398,-0.008072585505464434,-0.005281583949792044,-0.0034701912272165247,-8.374466155423973e-07
60.639999999999986,0.92,0.025,0.009797958971132711,0.5248792922602417,0.5278473586035246,0.5865527703405025,-0.18978881281423168,0.4820497854655207,9.939894263751511e-05,-0.005737395371214397,-0.001565834628390639,-0.0016767350819989247,-7.600712409309496e-07,0.4964582648162013,-0.1606372511659657,0.4080069384180167,8.413126504839279e-05,-0.5379615193933114,-0.09257604874817384,-0.37696598651699215,-0.19907989920900374,0.3662616784328376,-0.3933272924455138,0.07070783410356517,-0.1338081142325685,-0.008072608011706495,-0.005281579895102496,-0.003478344390951754,-8.595118156542547e-07
60.80000000000001,0.92,0.025,0.009797958971132711,0.5248792922602417,0.5278473586035246,0.5856352730150207,-0.19003879652771694,0.4817818622081282,9.930828758767297e-05,-0.005731321537162517,-0.001558964124638791,-0.0016797250353120538,-7.710023141032534e-07,0.49568169507991355,-0.16084883738105962,0.4077801681729597,8.405453461420641e-05,-0.537345065362385,-0.092002501079225,-0.3767564834499078,-0.19896922291337404,0.3654568206008512,-0.3931298375626765,0.07083468463593433,-0.1340463173462829,-0.008072630583000964,-0.005281575868067297,-0.00348648476546858,-8.816551963937608e-07
60.960000000000036,0.92,0.025,0.009797958971132711,0.5248792922602417,0.5278473586035246,0.5847187473396098,-0.19028768208061683,0.4815134618878293,9.921621263966193e-05,-0.005725249746864266,-0.0015521076177752362,-0.0016827027735793112,-7.819509275149593e-07,0.49490594774824576,-0.1610594941130341,0.40755299414185875,8.397660237820986e-05,-0.5367289212090405,-0.09143021421918736,-0.3765466078621674,-0.19885834856380194,0.36465316860025987,-0.3929319583536414,0.07096102190251238,-0.13428354469309065,-0.008072653219469308,-0.005281571868868104,-0.003494612293208353,-9.038765591982787e-07
61.120000000000005,0.92,0.025,0.009797958971132711,0.5248792922602417,0.5278473586035246,0.5838031929865328,-0.19053547171085106,0.48124458640060547,9.912271501676768e-05,-0.005719180009520061,-0.0015452650880240304,-0.0016856682745479427,-7.929168455719415e-07,0.4941310225438014,-0.16126922325606435,0.40732541792947247,8.389746599019217e-05,-0.5361130875972543,-0.09085918627864868,-0.37633636123774833,-0.19874727694082409,0.36385072123505635,-0.3927336563851815,0.07108684494690144,-0.13451979450666163,-0.00807267592123301,-0.005281567897687259,-0.0035027269168068764,-9.261757040207018e-07
61.28000000000003,0.92,0.025,0.009797958971132711,0.5248792922602417,0.5278473586035246,0.582888609626583,-0.19078216765317674,0.4809752376461006,9.902779190894685e-05,-0.0057131123343017445,-0.0015384365156269981,-0.0016886215162323264,-8.038998320810936e-07,0.49335691918793984,-0.1614780267016488,0.4070974411436596,8.381712307173262e-05,-0.535497565188549,-0.0902894153700714,-0.3761257450635057,-0.19863600882646312,0.36304947730945514,-0.3925349332210369,0.07121215282391104,-0.13475506504201396,-0.008072698688413545,-0.005281563954707774,-0.0035108285790959137,-9.485524293416785e-07
61.44,0.92,0.025,0.009797958971132711,0.5248792922602417,0.5278473586035246,0.5819749969290883,-0.19102777213919112,0.48070541752758755,9.893144047299935e-05,-0.005707046730352644,-0.0015316218808437343,-0.0016915624769144495,-8.148996502605323e-07,0.4925836374007803,-0.16168590633861138,0.4068690653953501,8.373557121634665e-05,-0.5348823546419981,-0.08972089960779238,-0.37591476082914677,-0.19852454500421385,0.3622494356278952,-0.39233579042192,0.07133694459957916,-0.13498935457555164,-0.008072721521132404,-0.005281560040113346,-0.003518917223104619,-9.710065321798834e-07
61.60000000000002,0.92,0.025,0.009797958971132711,0.5248792922602417,0.5278473586035246,0.5810623545619158,-0.1912722873973342,0.4804351279519334,9.883365783244533e-05,-0.0057009832067876215,-0.001524821163951604,-0.0016944911351444198,-8.259160627505092e-07,0.49181117690120557,-0.16189286405310369,0.40664029229851645,8.365280798938173e-05,-0.5342674566142306,-0.0891536371080225,-0.37570341002720353,-0.19841288625902878,0.36145059499504173,-0.3921362295455189,0.07146121935119454,-0.13522266140510492,-0.008072744419511082,-0.00528155615408835,-0.003526992792061046,-9.93537808105911e-07
61.75999999999999,0.92,0.025,0.009797958971132711,0.5248792922602417,0.5278473586035246,0.5801506821914774,-0.1915157156528922,0.4801643708295658,9.873444107775695e-05,-0.005694921772693124,-0.0015180343452457462,-0.0016974074697408918,-8.369488316233215e-07,0.49103953740686646,-0.16209890172860797,0.4064111234701445,8.35688309282135e-05,-0.5336528717594368,-0.08858762598884647,-0.3754916941530062,-0.19830103337730462,0.3606529542157888,-0.3919362521465016,0.0715849761673155,-0.13545498384996388,-0.008072767383671069,-0.005281552296817845,-0.003535055229393516,-1.0161460512515552e-06
61.920000000000016,0.92,0.025,0.009797958971132711,0.5248792922602417,0.5278473586035246,0.5792399794827322,-0.19175805912799956,0.4798931480744389,9.863378726631728e-05,-0.00568886243712724,-0.0015112614050390729,-0.0017003114597915398,-8.479977183942507e-07,0.4902687186341846,-0.16230402124593885,0.4061815605302051,8.348363754221096e-05,-0.5330386007293708,-0.08802286437022212,-0.3752796147046568,-0.19818898714686783,0.35985651209526165,-0.3917358597765204,0.0717082141477907,-0.1356863202509157,-0.008072790413733868,-0.005281548468487577,-0.0035431044787320783,-1.0388310543232124e-06
62.079999999999984,0.92,0.025,0.009797958971132711,0.5248792922602417,0.5278473586035246,0.5783302460991931,-0.1919993200416423,0.4796214616039986,9.853169342263349e-05,-0.005682805209119741,-0.0015045023236622704,-0.0017032030846534528,-8.590624840318273e-07,0.4894987202983571,-0.16250822448324606,0.4059516051016244,8.339722531291699e-05,-0.5324246441733578,-0.0874593503739807,-0.37506717318300176,-0.19807674835696085,0.3590612674388183,-0.39153505398421523,0.07183093240377661,-0.1359166689702758,-0.008072813509820977,-0.005281544669283974,-0.0035511404839098444,-1.0615926086120652e-06
62.24000000000001,0.92,0.025,0.009797958971132711,0.5248792922602417,0.5278473586035246,0.5774214817029303,-0.192239500609661,0.47934931333914843,9.842815653834033e-05,-0.005676750097672143,-0.001497757081463801,-0.0017060823239535637,-8.701428889684508e-07,0.4887295421133602,-0.16271151331601708,0.4057212588102552,8.330959169405126e-05,-0.5318110027382967,-0.08689708212382558,-0.3748543710916053,-0.1979643177982276,0.35826721905205267,-0.39133383631521873,0.07195313005775647,-0.13614602839192164,-0.008072836672053892,-0.005281540899394152,-0.0035591631889644,-1.0844305040065455e-06
62.400000000000034,0.92,0.025,0.009797958971132711,0.5248792922602417,0.5278473586035246,0.5765136859545757,-0.19247860304475314,0.47907670520421464,9.832317357236303e-05,-0.005670697111757758,-0.0014910256588099038,-0.001708949157589014,-8.812386931106948e-07,0.4879611837919529,-0.16291388961707906,0.4054905232848473,8.322073411164806e-05,-0.5311976770686663,-0.08633605774533276,-0.3746412099367219,-0.19785169626269955,0.3574743657407964,-0.39113220831215967,0.07207480624355642,-0.13637439692132142,-0.008072859900554116,-0.005281537159005925,-0.0035671725381391135,-1.1073445290030119e-06
62.56,0.92,0.025,0.009797958971132711,0.5248792922602417,0.5278473586035246,0.5756068585133285,-0.19271662955647637,0.47880363912691165,9.821674145101667e-05,-0.005664646260321735,-0.001484308036084595,-0.0017118035657275414,-8.923496558502857e-07,0.48719364504568125,-0.1631153552566016,0.40525940015701806,8.313064996414052e-05,-0.5305846678065291,-0.08577627536595003,-0.3744276912272694,-0.19773888454378125,0.3566827063111209,-0.3909301715146672,0.07219596010636273,-0.13660177298556447,-0.008072883195443137,-0.005281533448307788,-0.0035751684758844942,-1.1303344707182989e-06
62.72000000000003,0.92,0.025,0.009797958971132711,0.5248792922602417,0.5278473586035246,0.5747009990369579,-0.19295358235125115,0.4785301170383074,9.810885706823786e-05,-0.005658597552281123,-0.001477604193689669,-0.0017146455288078132,-9.034755360741226e-07,0.4864269255848812,-0.16331591210209898,0.4050278910612234,8.303933662255653e-05,-0.5299719755915364,-0.08521773311499656,-0.37421381647480195,-0.19762588343623655,0.3558922395693398,-0.3907277274593748,0.07231659080273671,-0.13682815503338752,-0.008072906556842445,-0.005281529767488935,-0.0035831509468594617,-1.1534001148993152e-06
62.879999999999995,0.92,0.025,0.009797958971132711,0.5248792922602417,0.5278473586035246,0.5737961071818096,-0.19318946363236372,0.47825614087278756,9.799951728563111e-05,-0.005652550996524917,-0.0014709141120447015,-0.0017174750275397613,-9.146160921753706e-07,0.4856610251186837,-0.16351556201843268,0.4047959976347274,8.294679143055818e-05,-0.5293596010609332,-0.08466042912366276,-0.37399958719348153,-0.19751269373617347,0.35510296432201144,-0.3905248776799246,0.07243669750062964,-0.13705354153520102,-0.008072929984873536,-0.005281526116739258,-0.00359111989593265,-1.176541245936277e-06
63.04000000000002,0.92,0.025,0.009797958971132711,0.5248792922602417,0.5278473586035246,0.5728921826028086,-0.19342427559996883,0.47798171256802147,9.788871893267059e-05,-0.005646506601914107,-0.0014642377715870455,-0.0017202920429049006,-9.257710820635222e-07,0.48489594335501723,-0.16371430686781363,0.4045637215175734,8.285301170461239e-05,-0.5287475448495621,-0.08410436152500965,-0.3737850049000518,-0.19739931624103046,0.3543148793759404,-0.39032162370697127,0.07255627937939699,-0.13727793098311397,-0.008072953479657877,-0.005281522496249339,-0.003599075268183666,-1.199757646872643e-06
63.19999999999999,0.92,0.025,0.009797958971132711,0.5248792922602417,0.5278473586035246,0.5719892249534646,-0.19365802045109254,0.4777068340649265,9.777645880691325e-05,-0.005640464377281734,-0.0014575751527718373,-0.0017230965561566179,-9.369402631753925e-07,0.48413168000061246,-0.16391214850980473,0.4043310643525538,8.275799473417137e-05,-0.5281358075898686,-0.08354952845396883,-0.3735700711138095,-0.19728575174956212,0.35352798353818043,-0.39011796706818597,0.07267533562981149,-0.13750132189095665,-0.008072977041316948,-0.005281518906210468,-0.0036070170089043292,-1.2230490994169339e-06
63.360000000000014,0.92,0.025,0.009797958971132711,0.5248792922602417,0.5278473586035246,0.5710872338858763,-0.1938907003796353,0.4774315073076322,9.766273367414359e-05,-0.005634424331432938,-0.0014509262360719929,-0.0017258885488204475,-9.481233924855017e-07,0.48336823476100577,-0.16410908880132333,0.4040980277851799,8.266173778179514e-05,-0.5275243899119059,-0.08299592804734157,-0.37335478735657707,-0.19717200106182392,0.3527422756160361,-0.38991390928826086,0.07279386545407558,-0.13772371279430215,-0.008073000669972213,-0.005281515346814627,-0.0036149450635998928,-1.246415383953803e-06
63.51999999999998,0.92,0.025,0.009797958971132711,0.5248792922602417,0.5278473586035246,0.5701862090507357,-0.19412231757637455,0.47715573424344604,9.754754026859898e-05,-0.005628386473145012,-0.0014442910019782113,-0.0017286680026943324,-9.593202265168432e-07,0.4826056073405427,-0.16430512959664342,0.40386461346365277,8.256423808334218e-05,-0.5269132924433387,-0.0824435584437988,-0.3731391551526753,-0.19705806497915898,0.3519577544170653,-0.38970945188891254,0.07291186806583326,-0.1379451022504867,-0.008073024365745128,-0.00528151181825451,-0.0036228593779902437,-1.269856279555318e-06
63.68000000000001,0.92,0.025,0.009797958971132711,0.5248792922602417,0.5278473586035246,0.5692861500973329,-0.19435287422896777,0.4768795168228162,9.743087529317764e-05,-0.005622350811167446,-0.0014376694309989754,-0.0017314348998488625,-9.705305213514394e-07,0.48184379744238254,-0.16450027274739834,0.40363082303883163,8.246549284814556e-05,-0.5263025158094495,-0.08189241778388072,-0.37292317602889397,-0.19694394430418213,0.35117441874908134,-0.38950459638888635,0.07302934269018094,-0.1381654888386284,-0.00807304812875713,-0.005281508320723505,-0.0036307598980110903,-1.2933715639919485e-06
63.84000000000003,0.92,0.025,0.009797958971132711,0.5248792922602417,0.5278473586035246,0.56838705667356,-0.1945823725219551,0.47660285699929794,9.731273541967411e-05,-0.0056163173542219886,-0.0014310615036605494,-0.001734189222627493,-9.817540326408026e-07,0.48108280476850124,-0.1646945201025828,0.4033966581642058,8.236549925921217e-05,-0.5256920606331416,-0.08134250420999625,-0.3727068515144662,-0.1968296398407667,0.35039226742015533,-0.3892993443039609,0.07314628856367757,-0.138384871159644,-0.008073071959129655,-0.005281504854415712,-0.003638646569815099,-1.3169610137431587e-06
64.0,0.92,0.025,0.009797958971132711,0.5248792922602417,0.5278473586035246,0.5674889284259163,-0.1948108146367623,0.47632575672951594,9.719311728897819e-05,-0.005610286111002688,-0.0014244672005069832,-0.001736930953646759,-9.929905156167972e-07,0.4803226290196955,-0.16488787350855563,0.4031621204958623,8.226425447339114e-05,-0.5250819275349442,-0.08079381586642263,-0.37249018314103793,-0.19671515239402898,0.3496112992386178,-0.3890936971469513,0.07326270493435444,-0.1386032478362658,-0.00807309585698412,-0.005281501419525938,-0.003646519339773073,-1.3406244040091307e-06
64.16000000000003,0.92,0.025,0.009797958971132711,0.5248792922602417,0.5278473586035246,0.5665917649995112,-0.19503820275170375,0.4760482179731294,9.707201751134442e-05,-0.005604257090175947,-0.00141788650210011,-0.0017396600757964506,-1.0042397251022054e-06,0.47956326989558634,-0.16508033480904205,0.40292721169245677,8.216175562160193e-05,-0.5244721171330171,-0.08024635089930486,-0.37227317244264146,-0.19660048277031406,0.3488315130130615,-0.3888876564277136,0.07337859106172345,-0.13882061751305494,-0.008073119822441932,-0.005281498016249706,-0.0036543781544750367,-1.3643615087213525e-06
64.32,0.92,0.025,0.009797958971132711,0.5248792922602417,0.5278473586035246,0.565695566038071,-0.195264539041985,0.4757702426927957,9.69494326666675e-05,-0.0055982303003805755,-0.001411319389019549,-0.0017423765722397837,-1.015501415521353e-06,0.47880472709462335,-0.16527190584513612,0.40269193341518233,8.205799980906738e-05,-0.5238626300431565,-0.07970010745665573,-0.3720558209556661,-0.19648563177718087,0.3480529075523432,-0.388681223653149,0.07349394621678519,-0.13903697885641478,-0.008073143855624477,-0.00528149464478324,-0.003662222960731346,-1.3881721005532878e-06
64.48000000000002,0.92,0.025,0.009797958971132711,0.5248792922602417,0.5278473586035246,0.5648003311839415,-0.1954898256797059,0.4754918328541348,9.68253593047203e-05,-0.0055922057502278385,-0.001404765841862704,-0.0017450804264135626,-1.0267753409108162e-06,0.4780470003140881,-0.1654625884553031,0.40245628732773975,8.195298411551527e-05,-0.5232534668787975,-0.0791550836883551,-0.3718381302188308,-0.19637060022338795,0.34727548166558614,-0.38847440032720765,0.07360876968203658,-0.13925233055460334,-0.008073167956653124,-0.005281491305323483,-0.003670053705573783,-1.4120559509315153e-06
64.63999999999999,0.92,0.025,0.009797958971132711,0.5248792922602417,0.5278473586035246,0.5639060600780924,-0.19571406483386317,0.4752129904256924,9.669979394545593e-05,-0.0055861834483015025,-0.0013982258412447645,-0.0017477716220282984,-1.0380612549300995e-06,0.4772900892500974,-0.1656523844753818,0.4022202750963061,8.18467055954339e-05,-0.5226446282510202,-0.07861127774614944,-0.3716201017731551,-0.19625538891887837,0.3464992341621816,-0.3882671879508924,0.07372306075147672,-0.13946667131774232,-0.008073192125649224,-0.005281487998068092,-0.0036778703362565944,-1.4360128300463383e-06
64.80000000000001,0.92,0.025,0.009797958971132711,0.5248792922602417,0.5278473586035246,0.5630127523601228,-0.19593725867035341,0.4749337173789037,9.657273307930254e-05,-0.005580163403157898,-0.001391699367798706,-0.0017504501430683332,-1.0493589108720554e-06,0.476533993597608,-0.16584129573858714,0.4019838983895041,8.173916127832167e-05,-0.522036114768554,-0.07806868778365152,-0.37140173716193037,-0.19613999867476473,0.34572416385179194,-0.38805958802226365,0.07383681873061303,-0.13967999987782656,-0.008073216362734111,-0.005281484723215445,-0.003685672800257543,-1.4600425068619054e-06
64.96000000000004,0.92,0.025,0.009797958971132711,0.5248792922602417,0.5278473586035246,0.5621204076682648,-0.19615940935197598,0.4746540156880574,9.64441731674349e-05,-0.005574145623325957,-0.0013851864021752903,-0.0017531159737919349,-1.0606680616739864e-06,0.4757787130504193,-0.1660293240755125,0.40174715887837176,8.16303481689169e-05,-0.5214279270377821,-0.07752731195634004,-0.3711830379306918,-0.196024430303315,0.34495026954435176,-0.3878516020364427,0.07395004293646602,-0.1398923149887312,-0.008073240668029105,-0.0052814814809646355,-0.0036934610452789168,-1.4841447491279612e-06
65.12,0.92,0.025,0.009797958971132711,0.5248792922602417,0.5278473586035246,0.561229025639388,-0.1963805190384357,0.474373887330259,9.631411064204948e-05,-0.005568130117307272,-0.0013786869250430665,-0.0017557690987313787,-1.0719884599279109e-06,0.47502424730117804,-0.16621647131413197,0.40151005823633124,8.152026324743068e-05,-0.520820065662746,-0.076987148421559,-0.3709640056271899,-0.19590868461793728,0.344177550050071,-0.38764323148561564,0.07406273269757363,-0.1401036154262176,-0.008073265041655488,-0.005281478271515474,-0.0037012350192485335,-1.5083193233898293e-06
65.28000000000003,0.92,0.025,0.009797958971132711,0.5248792922602417,0.5278473586035246,0.5603386059090041,-0.19660058988634585,0.4740933342853939,9.618254190687696e-05,-0.005562116893576141,-0.0013722009170883686,-0.0017584095026930225,-1.083319857891445e-06,0.47427059604138105,-0.16640273927980315,0.40127259813915744,8.140890346998066e-05,-0.5202125312451503,-0.07644819533851752,-0.37074464180136046,-0.19579276243316482,0.34340600417943606,-0.38743447785903806,0.07417488735399524,-0.14031389998793914,-0.008073289483734527,-0.0052814750950685024,-0.0037089946703207414,-1.5325659949978375e-06
65.44,0.92,0.025,0.009797958971132711,0.5248792922602417,0.5278473586035246,0.5594491481112708,-0.19681962404923098,0.47381235853609127,9.604946333722388e-05,-0.005556105960579621,-0.0013657283590153195,-0.001761037170757337,-1.094662007498575e-06,0.4735177589613796,-0.1665881297952691,0.40103478026494765,8.129626576862629e-05,-0.5196053243843675,-0.07591045086828906,-0.37052494800529734,-0.1956766645646417,0.3426356307432129,-0.38722534264303843,0.0742865062573138,-0.14052316749344296,-0.008073313994387469,-0.005281471951824982,-0.0037167399468773427,-1.556884528120206e-06
65.60000000000002,0.92,0.025,0.009797958971132711,0.5248792922602417,0.5278473586035246,0.5585606518789966,-0.1970376236775296,0.47353096206768636,9.59148712805948e-05,-0.005550097326737578,-0.0013592692315458278,-0.0017636520882789426,-1.106014660370013e-06,0.4727657357503828,-0.16677264468066108,0.40079660629408975,8.118234705189544e-05,-0.5189984456774416,-0.07537391317381141,-0.370304925793222,-0.195560391829107,0.34186642855244853,-0.38701582732102263,0.07439758877063819,-0.1407314167841725,-0.008073338573735529,-0.0052814688419869004,-0.0037244707975285568,-1.5812746857505307e-06
65.75999999999999,0.92,0.025,0.009797958971132711,0.5248792922602417,0.5278473586035246,0.5576731168436452,-0.19725459091859726,0.4732491468681849,9.577876205680289e-05,-0.005544091000442734,-0.0013528235154195885,-0.0017662542408866274,-1.11737756782407e-06,0.47201452609646133,-0.16695628575350074,0.40055807790923176,8.106714420487797e-05,-0.5183918957190943,-0.07483858041988596,-0.3700845767214561,-0.19544394504438087,0.34109839641847295,-0.3868059333734772,0.0745081342686049,-0.14093864672346862,-0.008073363221899891,-0.0052814657657569725,-0.0037321871711139378,-1.6057362297203596e-06
65.92000000000002,0.92,0.025,0.009797958971132711,0.5248792922602417,0.5278473586035246,0.5567865426353392,-0.19747052791670922,0.47296691492822496,9.564113195856882e-05,-0.005538086990060721,-0.001346391191394085,-0.0017688436144833396,-1.1287504808874818e-06,0.4712641296865511,-0.1671390548287027,0.40031919679524963,8.095065408973266e-05,-0.517785675101728,-0.07430445077317721,-0.3698639023483911,-0.19532732502934877,0.3403315331529023,-0.3865956622779743,0.07461814213737857,-0.14114485619656833,-0.008073387939001725,-0.005281462723338648,-0.003739889016703283,-1.6302689207078542e-06
66.07999999999998,0.92,0.025,0.009797958971132711,0.5248792922602417,0.5278473586035246,0.5559009288828654,-0.19768543681306341,0.4726842682410402,9.550197725166377e-05,-0.005532085303930128,-0.001339972240244587,-0.001771420195246163,-1.1401331503057648e-06,0.4705145462064573,-0.1673209537185769,0.40007996463921647,8.083287354580821e-05,-0.5171797844154314,-0.0737715224022126,-0.36964290423445967,-0.1952105326039468,0.3395658375676397,-0.38638501550917503,0.07472761177465166,-0.14135004411060262,-0.008073412725162155,-0.005281459714936101,-0.003747576283597499,-1.6548725182490544e-06
66.24000000000001,0.92,0.025,0.009797958971132711,0.5248792922602417,0.5278473586035246,0.5550162752136778,-0.19789931974578318,0.4724012088024231,9.536129417548242e-05,-0.005526085950362554,-0.0013335666427641514,-0.001773983969626286,-1.151525326554112e-06,0.4697657753408569,-0.16750198423283089,0.3998403831303709,8.071379939012832e-05,-0.5165742242479835,-0.07323979347738171,-0.3694215839421065,-0.19509356858914667,0.3388013084748779,-0.38617399453883355,0.07483654258964421,-0.14155420939459334,-0.008073437580502288,-0.005281456740754252,-0.0037552489213294776,-1.6795467807468893e-06
66.40000000000003,0.92,0.025,0.009797958971132711,0.5248792922602417,0.5278473586035246,0.5541325812539036,-0.19811217884992016,0.47211773861068695,9.521907894331794e-05,-0.005520088937642655,-0.001327174379763622,-0.0017765349243489463,-1.1629267598480427e-06,0.46901781677330406,-0.16768214817857244,0.3996004539600855,8.059342841762431e-05,-0.5159689951848583,-0.07270926217093629,-0.36919994303575865,-0.19497643380694027,0.3380379446871017,-0.38596260083580136,0.07494493400310223,-0.14175735099944842,-0.008073462505143186,-0.0052814538009987415,-0.0037629068796649445,-1.704291465482035e-06
66.56,0.92,0.025,0.009797958971132711,0.5248792922602417,0.5278473586035246,0.5532498466283461,-0.19832401625745733,0.4718338596666298,9.507532774279554e-05,-0.005514094274028191,-0.0013207954320716277,-0.001779073046413355,-1.1743372001538754e-06,0.46827067018623214,-0.1678614473603119,0.39936017882183544,8.047175740150215e-05,-0.5153640978092296,-0.07217992665698905,-0.3689779830817969,-0.19485912908032527,0.3372757450170893,-0.3857508358660308,0.07505278544729534,-0.1419594678979554,-0.008073487499205886,-0.005281450895875957,-0.0037705501086032597,-1.7291063286221548e-06
66.72000000000003,0.92,0.025,0.009797958971132711,0.5248792922602417,0.5278473586035246,0.5523680709604897,-0.19853483409731135,0.4715495739734954,9.493003673634087e-05,-0.005508101967750087,-0.001314429780534587,-0.0017815983230926198,-1.1857563971998297e-06,0.4675243352609585,-0.16803988357996433,0.3991195594111665,8.034878309363892e-05,-0.5147595327019753,-0.07165178511151413,-0.3687557056485254,-0.1947416552332893,0.3365147082779151,-0.38553870109257965,0.07516009636601448,-0.1421605590847747,-0.008073512562811386,-0.005281448025593022,-0.0037781785583782565,-1.7539911252321804e-06
66.88,0.92,0.025,0.009797958971132711,0.5248792922602417,0.5278473586035246,0.5514872538725035,-0.19874463449533603,0.47126488353693713,9.47832020614721e-05,-0.005502112027012468,-0.0013080774060167015,-0.0017841107419336395,-1.1971841004861525e-06,0.46677881167768703,-0.16821745863685242,0.3988785974256636,8.022450222483e-05,-0.5141553004416816,-0.0711248357123457,-0.36853311230614316,-0.19462401309079522,0.3357548332829509,-0.3853261979756144,0.07526686621456824,-0.14236062357643098,-0.008073537696080647,-0.005281445190357804,-0.0037857921794590163,-1.7789456092839527e-06
67.04000000000002,0.92,0.025,0.009797958971132711,0.5248792922602417,0.5278473586035246,0.5506073949852469,-0.19895341957432477,0.47097979036497944,9.463481983136983e-05,-0.005496124459992717,-0.0013017382893999601,-0.0017866102907569718,-1.2086200592961208e-06,0.466034099115513,-0.1683941743277085,0.39863729456491864,8.009891150527143e-05,-0.5135514016046485,-0.07059907663917825,-0.3683102046267133,-0.19450620347876565,0.33499611884586916,-0.38511332797241477,0.07537309445977816,-0.14255966041130191,-0.008073562899134596,-0.00528144239037891,-0.0037933909225506134,-1.803969533665506e-06
67.19999999999999,0.92,0.025,0.009797958971132711,0.5248792922602417,0.5278473586035246,0.5497284939182725,-0.1991611914540134,0.4706942964679808,9.448488613519514e-05,-0.00549013927484153,-0.001295412411584138,-0.0017890969576567202,-1.2200640227066081e-06,0.4652901972524259,-0.16857003244667695,0.39839565253049897,7.997200762482917e-05,-0.5129478367648933,-0.07007450607356579,-0.3680869841841347,-0.19438822722406804,0.33423856378064404,-0.3849000925373779,0.07547878057997486,-0.14275766864960887,-0.00807358817209412,-0.005281439625865694,-0.0038009747385949057,-1.8290626501914293e-06
67.36000000000001,0.92,0.025,0.009797958971132711,0.5248792922602417,0.5278473586035246,0.5488505502898309,-0.19936795225108334,0.47040840385859567,9.43333970386745e-05,-0.005484156479682949,-0.001289099753486795,-0.0017915707310003635,-1.2315157395988324e-06,0.4645471057653129,-0.16874503478531694,0.39815367302591537,7.98437872535341e-05,-0.5123446064941557,-0.0695511221989211,-0.3678634525541114,-0.19427008515449937,0.33348216690155363,-0.3846864931220212,0.07558392406499158,-0.1429546473734028,-0.008073613515080062,-0.005281436897028262,-0.0038085435787712325,-1.854224709611495e-06
67.51999999999998,0.92,0.025,0.009797958971132711,0.5248792922602417,0.5278473586035246,0.5479735637168753,-0.19957370407916405,0.4701221145517371,9.418034858442139e-05,-0.005478176082614428,-0.0012828002960432756,-0.0017940315994285998,-1.242974958668606e-06,0.4638048243299633,-0.16891918313260446,0.3979113577565903,7.971424704185426e-05,-0.5117417113619019,-0.06902892320051594,-0.36763961131412326,-0.19415177809877082,0.3327269270231824,-0.3844725311749876,0.07568852441615864,-0.14315059568655125,-0.008073638928213231,-0.005281434204077455,-0.003816097394497141,-1.879455461620335e-06
67.68,0.92,0.025,0.009797958971132711,0.5248792922602417,0.5278473586035246,0.5470975338150653,-0.19977844904883624,0.4698354305645382,9.402573679243186e-05,-0.00547219809170687,-0.001276514020206708,-0.0017964795518551624,-1.2544414284375295e-06,0.4630633526210713,-0.169092479274935,0.39766870842982516,7.958338362111433e-05,-0.51113915193533,-0.06850790726547988,-0.36741546204339603,-0.19403330688649262,0.3319728429604227,-0.3842582081420489,0.07579258114629636,-0.1433455127147234,-0.008073664411614381,-0.005281431547224875,-0.0038236361374290855,-1.904754654867737e-06
67.84000000000003,0.92,0.025,0.009797958971132711,0.5248792922602417,0.5278473586035246,0.5462224601987712,-0.1999821892676344,0.46954835391631466,9.386955766064907e-05,-0.005466222515004685,-0.0012702409069480067,-0.0017989145774666142,-1.265914897263176e-06,0.46232269031223994,-0.16926492499612575,0.3974257267547687,7.945119360397337e-05,-0.5105369287793731,-0.06798807258280032,-0.3671910063228713,-0.19391467234815837,0.3312199135284774,-0.38404352546610965,0.07589609377970735,-0.14353939760537304,-0.008073689965404232,-0.005281428926682877,-0.0038311597594630864,-1.93012203696623e-06
68.0,0.92,0.025,0.009797958971132711,0.5248792922602417,0.5278473586035246,0.5453483424810782,-0.20018492684004977,0.469260886628527,9.371180716535472e-05,-0.005460249360525837,-0.0012639809372558676,-0.0018013366657221425,-1.2773951133500662e-06,0.46158283707598463,-0.16943652207741813,0.3971824144423853,7.931767358475624e-05,-0.5099350424567047,-0.06746941734332168,-0.36696624573517733,-0.19379587531513065,0.3304681375428615,-0.3838284845872114,0.07599906185216869,-0.14373224952772184,-0.008073715589703453,-0.005281426342664563,-0.0038386682127353996,-1.955557354501754e-06
68.16000000000003,0.92,0.025,0.009797958971132711,0.5248792922602417,0.5278473586035246,0.544475180273791,-0.2003866638675334,0.46897303072474134,9.355248126168869e-05,-0.005454278636261888,-0.0012577340921367704,-0.0018037458063533249,-1.2888818247597564e-06,0.46084379258373676,-0.16960727229748027,0.3969387732054211,7.918282013989331e-05,-0.5093334935277435,-0.06695193973974495,-0.36674118186459753,-0.19367691661962433,0.3297175138194039,-0.3836130869425364,0.07610148491092285,-0.14392406767274016,-0.008073741284632669,-0.005281423795383801,-0.003846161449623157,-1.9810603530414106e-06
68.32,0.92,0.025,0.009797958971132711,0.5248792922602417,0.5278473586035246,0.5436029731874377,-0.2005874024484987,0.468684788230593,9.339157588410856e-05,-0.005448310350178054,-0.001251500352614976,-0.0018061419893638814,-1.3003747794220161e-06,0.4601055565058473,-0.1697771774324093,0.39669480475837393,7.904662982830949e-05,-0.5087322825506567,-0.06643563796662727,-0.3665158162970425,-0.19355779709469265,0.32896804117425027,-0.3833973339664119,0.07620336251466821,-0.1441148512531269,-0.008073767050312451,-0.0052814212850552066,-0.003853639422744972,-2.006630777144023e-06
68.48000000000002,0.92,0.025,0.009797958971132711,0.5248792922602417,0.5278473586035246,0.542731720831274,-0.2007871446783243,0.46839616117374666,9.322908694697804e-05,-0.005442344510213251,-0.0012452796997325295,-0.0018085252050294247,-1.311873725144916e-06,0.4593681285115903,-0.16994623925573368,0.3964505108174592,7.890909919192223e-05,-0.508131410081366,-0.0659205102203817,-0.3662901506200181,-0.1934385175742107,0.32821971842386427,-0.3831812270903138,0.07630469423354927,-0.14430459950328894,-0.008073792886863329,-0.005281418811894164,-0.0038611020849615707,-2.0322683703673136e-06
68.63999999999999,0.92,0.025,0.009797958971132711,0.5248792922602417,0.5278473586035246,0.5418614228132873,-0.20098589264935704,0.46810715158385924,9.30650103450032e-05,-0.0054363811242801405,-0.0012390721145492535,-0.0018108954438971713,-1.3233784096258678e-06,0.4586315082691664,-0.1701144595384158,0.39620589310057847,7.877022475601071e-05,-0.5075308766735506,-0.06540655469927617,-0.3660641864225963,-0.1933190788928607,0.3274725443850298,-0.38296476774287036,0.07640547964914542,-0.14449331167931792,-0.00807381879440577,-0.005281416376116815,-0.0038685493893763434,-2.0579728752783698e-06
68.80000000000001,0.92,0.025,0.009797958971132711,0.5248792922602417,0.5278473586035246,0.5409920787402016,-0.20118364845091477,0.46781776149254045,9.289934195381436e-05,-0.005430420200265186,-0.0012328775781427534,-0.0018132526967856617,-1.3348885804619273e-06,0.4578956954457067,-0.17028184004885427,0.39596095332728626,7.863000302970848e-05,-0.5069306828786524,-0.06489376960343332,-0.3658379252953846,-0.19319948188611613,0.32672651787485296,-0.38274795734986683,0.07650571835445986,-0.14468098705896715,-0.008073844773060194,-0.005281413977940061,-0.0038759812893359425,-2.08374403346134e-06
68.96000000000004,0.92,0.025,0.009797958971132711,0.5248792922602417,0.5278473586035246,0.5401236882174806,-0.2013804141692892,0.46752799293331615,9.273207763045642e-05,-0.005424461746028698,-0.001226696071608413,-0.0018155969547844503,-1.3464039851601317e-06,0.4571606897072756,-0.17044838255288638,0.3957156932187588,7.848843050641831e-05,-0.5063308292458807,-0.06438215313482988,-0.3656113688304963,-0.19307972739022694,0.3259816377107643,-0.382530797334249,0.07660540995390755,-0.14486762494162664,-0.008073870822946973,-0.005281411617581583,-0.003883397738430805,-2.1095815855259436e-06
69.12,0.92,0.025,0.009797958971132711,0.5248792922602417,0.5278473586035246,0.5392562508493327,-0.20157619188774864,0.46723784794158807,9.256321321391854e-05,-0.005418505769404878,-0.0012205275760593947,-0.0018179282092537828,-1.3579243711485212e-06,0.4564264907188752,-0.17061408881379045,0.39547011449776015,7.834550366426066e-05,-0.5057313163222159,-0.0638717034972964,-0.36538451862151955,-0.19295981624220335,0.3252379027105205,-0.3823132891161269,0.0767045540633023,-0.14505322464829684,-0.00807389694418641,-0.0052814092952598105,-0.003890798690495703,-2.1354852711171423e-06
69.28000000000003,0.92,0.025,0.009797958971132711,0.5248792922602417,0.5278473586035246,0.5383897662387148,-0.201770983686541,0.46694732855459603,9.239274452576385e-05,-0.005412552278201873,-0.0012143720726266389,-0.0018202464518242698,-1.3694494857863075e-06,0.45569309814444825,-0.1707789605922883,0.3952242188886101,7.820121896660653e-05,-0.5051321446524145,-0.06336241889651628,-0.3651573762634872,-0.19283974927980085,0.3244953116922061,-0.3820954341127789,0.07680315030984398,-0.14523778552156205,-0.008073923136898758,-0.005281407011193958,-0.0038981840996102587,-2.1614548289221343e-06
69.44,0.92,0.025,0.009797958971132711,0.5248792922602417,0.5278473586035246,0.5375242339873368,-0.2019647916428966,0.46665643681137986,9.222066737053757e-05,-0.005406601280201826,-0.0012082295424588627,-0.0018225516743965264,-1.3809790763744327e-06,0.45496051164688195,-0.1709429996465477,0.39497800811715195,7.805557286242301e-05,-0.5045333147790135,-0.06285429754002571,-0.36492994335284695,-0.19271952734150466,0.3237538634742363,-0.38187723373865623,0.07690119833210406,-0.14542130692556138,-0.008073949401204214,-0.005281404765604003,-0.003905553920099424,-2.18748999668004e-06
69.60000000000002,0.92,0.025,0.009797958971132711,0.5248792922602417,0.5278473586035246,0.5366596536956654,-0.2021576178310308,0.4663651747527402,9.204697753643467e-05,-0.0054006527831609195,-0.0012020999667225604,-0.001824843869140816,-1.3925128901663424e-06,0.4542287308880112,-0.1711062077321845,0.3947314839107193,7.790856178683831e-05,-0.5039348272423347,-0.06234733763721298,-0.3647022214874301,-0.192599151266514,0.32301355687535843,-0.38165868940538605,0.07699869778001159,-0.1456037882459597,-0.008073975737222915,-0.005281402558710701,-0.003912908106533977,-2.2135905111898805e-06
69.75999999999999,0.92,0.025,0.009797958971132711,0.5248792922602417,0.5278473586035246,0.5357960249629282,-0.20234946432214732,0.4660735444212001,9.187167079588295e-05,-0.005394706794809422,-0.0011959833266019994,-0.0018271230284966702,-1.4040506743779076e-06,0.4534977555286225,-0.1712685866022655,0.3944846479981038,7.776018216163533e-05,-0.5033366825804891,-0.0618415373993177,-0.3644742122664219,-0.192478621894727,0.3222743907146534,-0.38143980252177534,0.07709564831483781,-0.14578522888991705,-0.008074002145074921,-0.005281400390735577,-0.0039202466137309815,-2.2397561083174342e-06
69.92000000000002,0.92,0.025,0.009797958971132711,0.5248792922602417,0.5278473586035246,0.5349333473871183,-0.20254033318444045,0.4657815478609661,9.169474290597802e-05,-0.005388763322851748,-0.0011898796032992233,-0.0018293891451724943,-1.4155921761985348e-06,0.45276758522845695,-0.1714301380073104,0.39423750210952174,7.76104303956198e-05,-0.5027388813293812,-0.06133689503943076,-0.36424591729033035,-0.19235794006672474,0.3215363638115388,-0.3812205744938161,0.07719204960918058,-0.14596562828605647,-0.008074028624880256,-0.005281398261900942,-0.00392756939675423,-2.2659865230058826e-06
70.07999999999998,0.92,0.025,0.009797958971132711,0.5248792922602417,0.5278473586035246,0.534071620564998,-0.20273022648309838,0.46548918711789,9.151618960923392e-05,-0.0053828223749664925,-0.0011837887780340468,-0.0018316422121451624,-1.4271371428011489e-06,0.4520382196462143,-0.17159086369529447,0.3939900479765821,7.745930288525559e-05,-0.5021414240227137,-0.060833408772493464,-0.36401733816095627,-0.192237106623756,0.3207994749857699,-0.38100100672468756,0.07728790134694803,-0.14614498588443145,-0.008074055176758858,-0.005281396172429878,-0.00393487641091467,-2.292281489281389e-06
70.24000000000001,0.92,0.025,0.009797958971132711,0.5248792922602417,0.5278473586035246,0.5332108440921033,-0.202919146280306,0.4651964642394295,9.133600663405258e-05,-0.005376883958806486,-0.001177710832044057,-0.001833882222659592,-1.4386853213527046e-06,0.4513096584395562,-0.171750765411651,0.39374228733225314,7.730679601506211e-05,-0.5015443111919919,-0.0603310768152971,-0.3637884764813623,-0.19211612240772158,0.3200637230574417,-0.3807811006147611,0.07738320322334148,-0.14632330115649142,-0.008074081800830604,-0.005281394122546249,-0.003942167611770813,-2.3186407402621776e-06
70.40000000000003,0.92,0.025,0.009797958971132711,0.5248792922602417,0.5278473586035246,0.5323510175627475,-0.2031070946352474,0.46490338127460984,9.115418969535985e-05,-0.0053709480819988465,-0.001171645746584612,-0.001836109170228321,-1.4502364590249067e-06,0.4505819012651095,-0.1719098448992734,0.3934942219108298,7.715290615815258e-05,-0.5009475433665278,-0.05982989738648244,-0.3635593338558425,-0.19199498826115877,0.3193291068469916,-0.38056085756160435,0.0774779549448385,-0.14650057359504767,-0.008074108497215312,-0.005281392112474705,-0.003949442955129153,-2.3450640081666424e-06
70.56,0.92,0.025,0.009797958971132711,0.5248792922602417,0.5278473586035246,0.5314921405700257,-0.2032940736041092,0.4646099402739847,9.097073449523879e-05,-0.005365014752145015,-0.00116559350292884,-0.0018383230486310393,-1.4617903030040992e-06,0.4498549477784698,-0.17206810389851804,0.3932458534479007,7.699762967677011e-05,-0.5003511210734446,-0.05932986870653883,-0.3633299118898918,-0.19187370502722595,0.3185956251752003,-0.3803402789599838,0.0775721562291739,-0.1466768027142353,-0.008074135266032718,-0.0052813901424406786,-0.003956702397044501,-2.3715510243197127e-06
70.72000000000003,0.92,0.025,0.009797958971132711,0.5248792922602417,0.5278473586035246,0.5306342127058191,-0.20348008524008301,0.4643161432895968,9.078563672339632e-05,-0.005359083976820823,-0.0011595540823676367,-0.0018405238519141475,-1.4733466005020572e-06,0.4491287976342053,-0.17222554414720628,0.3929971836803148,7.684096292268265e-05,-0.49975504483768146,-0.05883098899780454,-0.36310021219017447,-0.19175227354968627,0.31786327686319477,-0.3801193662018706,0.07766580680532215,-0.1468519880494778,-0.008074162107402498,-0.005281388212670389,-0.003963945893820399,-2.3981015191625537e-06
70.88,0.92,0.025,0.009797958971132711,0.5248792922602417,0.5278473586035246,0.5297772335607984,-0.2036651315933683,0.4640219923749407,9.059889205797155e-05,-0.005353155763576518,-0.001153527466209665,-0.0018427115743902707,-1.4849050987661405e-06,0.44840345048585983,-0.17238216738062695,0.3927482143461498,7.668290223786712e-05,-0.4991593151819972,-0.058333256484465267,-0.36287023636449545,-0.19163069467289354,0.31713206073244893,-0.3798981206764426,0.07775890641347749,-0.14702612915744764,-0.008074189021444252,-0.005281386323390845,-0.003971173402009422,-2.4247152222579933e-06
71.04000000000002,0.92,0.025,0.009797958971132711,0.5248792922602417,0.5278473586035246,0.5289212027244287,-0.2038492147111756,0.4637274895849213,9.0410496165993e-05,-0.005347230119936832,-0.0011475136357813542,-0.0018448862106377633,-1.4964655450896515e-06,0.44767890598595644,-0.17253797533153903,0.3924989471846774,7.652344395489649e-05,-0.49856393262697535,-0.05783666939255402,-0.36263998602176695,-0.19150896924177474,0.3164019756047867,-0.3796765437700896,0.07785145480503405,-0.1471992256160264,-0.008074216008277506,-0.005281384474829845,-0.003978384878413528,-2.4513918622993887e-06
71.19999999999999,0.92,0.025,0.009797958971132711,0.5248792922602417,0.5278473586035246,0.5280661197849728,-0.2040323366377289,0.4634326369758172,9.022044470411431e-05,-0.0053413070534010145,-0.001141512572426898,-0.0018470477555002202,-1.5080276868222753e-06,0.446955163786001,-0.17269296973017376,0.3922493839363317,7.636258439756236e-05,-0.49796889769102815,-0.05734122594995061,-0.36240946277198,-0.19138709810181612,0.31567302030238364,-0.3794546368664165,0.07794345174256606,-0.14737127702426528,-0.008074243068021708,-0.005281382667215978,-0.0039855802800843705,-2.478131167117267e-06
71.36000000000001,0.92,0.025,0.009797958971132711,0.5248792922602417,0.5278473586035246,0.5272119843294958,-0.2042144994142688,0.46313743660524004,9.00287333190669e-05,-0.0053353865714428905,-0.0011355242575082532,-0.0018491962040859478,-1.5195912713801537e-06,0.44623222353648523,-0.17284715230423714,0.3919995263426752,7.620031988125822e-05,-0.49737421089040074,-0.056846924386380907,-0.36217866822617223,-0.19126508209904633,0.31494519364776835,-0.3792324013462476,0.07803489699980633,-0.14754228300234237,-0.008074270200796237,-0.005281380900778636,-0.0039927595643235855,-2.5049328636876292e-06
71.51999999999998,0.92,0.025,0.009797958971132711,0.5248792922602417,0.5278473586035246,0.5263587959438691,-0.20439570507905505,0.4628418905320967,8.983535764857251e-05,-0.005329468681510903,-0.001129548672405139,-0.0018513315517674459,-1.5311560462561454e-06,0.44551008488689087,-0.1730005247789122,0.3917493761463666,7.603664671375178e-05,-0.49677987273917606,-0.05635376293341657,-0.36194760399639786,-0.19114292208002173,0.31421849446382477,-0.37900983858763015,0.07812579036162524,-0.14771224319152107,-0.008074297406720396,-0.005281379175747997,-0.003999922688683085,-2.531796678136675e-06
71.68,0.92,0.025,0.009797958971132711,0.5248792922602417,0.5278473586035246,0.5255065542127746,-0.20457595566736977,0.4625460008165487,8.964031332173621e-05,-0.0053235533910281595,-0.0011235857985150337,-0.001853453794180856,-1.5427217590305757e-06,0.4447887474856924,-0.1731530888768618,0.3914989350911268,7.587156119551753e-05,-0.4961858837492788,-0.055861739824474226,-0.36171627169569637,-0.1910206188918099,0.31349292157379405,-0.3787869499658384,0.07821613162400838,-0.14788115725410536,-0.008074324685913393,-0.00528137749235504,-0.004007069610965311,-2.558722335751074e-06
71.84000000000003,0.92,0.025,0.009797958971132711,0.5248792922602417,0.5278473586035246,0.5246552587197081,-0.20475525321152,0.46224976951997465,8.944359595976722e-05,-0.005317640707392484,-0.0011176356172531755,-0.0018555629272254122,-1.554288157380846e-06,0.4440682109803609,-0.17330484631823054,0.3912482049217066,7.570505962034697e-05,-0.49559224443048,-0.055370853294814996,-0.3614846729380617,-0.19089817338197462,0.3127684738012765,-0.3785637368533774,0.0783059205940342,-0.14804902487339575,-0.008074352038494367,-0.005281375850831545,-0.004014200289223489,-2.585709560982941e-06
72.0,0.92,0.025,0.009797958971132711,0.5248792922602417,0.5278473586035246,0.5238049090469836,-0.20493359974084063,0.46195319870493023,8.924520117672937e-05,-0.005311730637976463,-0.00111169811005256,-0.0018576589470628692,-1.5658549890918127e-06,0.44334847501736696,-0.17345579882064752,0.390997187383853,7.553713827598374e-05,-0.49499895529040056,-0.054881101581543815,-0.36125280933841175,-0.19077558639856007,0.312045149970233,-0.3783402006199872,0.07839515708985065,-0.14821584575364302,-0.008074379464582376,-0.0052813742514100995,-0.0040213146817618586,-2.61275807745621e-06
72.16000000000003,0.92,0.025,0.009797958971132711,0.5248792922602417,0.5278473586035246,0.5229555047757383,-0.20511099728169738,0.4616562904351095,8.904512457992031e-05,-0.005305823190127492,-0.0011057732583639383,-0.0018597418501169352,-1.5774220020661182e-06,0.4426295392421849,-0.17360594809922866,0.3907458842242767,7.536779344444456e-05,-0.49440601683451707,-0.05439248292360905,-0.36102068251255753,-0.1906528587900751,0.31132294890498763,-0.37811634263264604,0.07848384094065224,-0.1483816196200027,-0.008074406964296389,-0.0052813726943240855,-0.004028412747135915,-2.6398676079761206e-06
72.32,0.92,0.025,0.009797958971132711,0.5248792922602417,0.5278473586035246,0.5221070454859351,-0.20528744785748937,0.46135904677530515,8.884336177091424e-05,-0.005299918371167822,-0.0010998610436558157,-0.0018618116330726552,-1.5889889443342302e-06,0.4419114032992955,-0.173755295866579,0.3904942971906183,7.519702140290182e-05,-0.49381342956616503,-0.053904995561802,-0.36078829407717156,-0.1905299914054776,0.3106018694302289,-0.3778921642555748,0.07857197198665473,-0.1485463462184853,-0.008074434537755281,-0.005281371179807698,-0.004035494444152562,-2.667037874532325e-06
72.48000000000002,0.92,0.025,0.009797958971132711,0.5248792922602417,0.5278473586035246,0.5212595307563676,-0.20546295348865215,0.46106146979136964,8.863990834589538e-05,-0.005294016188394613,-0.0010939614474144502,-0.0018638682928758259,-1.6005555640646813e-06,0.44119406683218954,-0.1739038438327952,0.3902424280314153,7.502481842396585e-05,-0.4932211939865431,-0.05341863773875597,-0.36055564564975734,-0.19040698509415874,0.30988191037101187,-0.37766766685024095,0.0786595500790714,-0.14871002531590918,-0.00807446218507786,-0.0052813697080959406,-0.004042559731870348,-2.6942685983085783e-06
72.63999999999999,0.92,0.025,0.009797958971132711,0.5248792922602417,0.5278473586035246,0.5204129601646639,-0.20563751619266044,0.4607635615501765,8.843475989649705e-05,-0.00528811664907997,-0.0010880744511438513,-0.0018659118267323714,-1.6121216095739526e-06,0.44047752948337154,-0.1740515937054678,0.38999027849606943,7.48511807763951e-05,-0.49262931059471826,-0.05293340769894607,-0.3603227388486189,-0.19028384070592755,0.30916307055276004,-0.3774428517753617,0.07874657508008744,-0.14887265669985036,-0.008074489906382829,-0.005281368279424619,-0.00404960856959961,-2.7215594996872513e-06
72.80000000000001,0.92,0.025,0.009797958971132711,0.5248792922602417,0.5278473586035246,0.5195673332872905,-0.20581113798403108,0.4604653241195799,8.822791201044687e-05,-0.005282219760471005,-0.0010822000363657765,-0.0018679422321077107,-1.623686829336707e-06,0.43976179089436274,-0.17419854718968392,0.38973785033481245,7.467610472564224e-05,-0.4920377798876294,-0.05244930368868838,-0.3600895752928287,-0.19016055909099508,0.308445348801267,-0.3772177203869087,0.07883304686283416,-0.1490342401785915,-0.008074517701788802,-0.005281366894030358,-0.004056640916902645,-2.7489102982563074e-06
72.96000000000004,0.92,0.025,0.009797958971132711,0.5248792922602417,0.5278473586035246,0.5187226496995567,-0.20598382087432582,0.4601667595683768,8.801936027214792e-05,-0.005276325529789871,-0.001076338184619732,-0.0018699595067261242,-1.6352509719958632e-06,0.4390468507057048,-0.17434470598802937,0.3894851452986742,7.4499586534346e-05,-0.4914466023600918,-0.05196632395613954,-0.3598561566021983,-0.1900371410999588,0.30772874394269867,-0.3769922740381111,0.07891896531136314,-0.149194775581071,-0.008074545571414304,-0.005281365552150591,-0.004063656733593851,-2.776320712816481e-06
73.12,0.92,0.025,0.009797958971132711,0.5248792922602417,0.5278473586035246,0.5178789089756176,-0.20615556687215414,0.4598678699662671,8.780910026350003e-05,-0.005270433964233818,-0.0010704888774629696,-0.001871963648570088,-1.6468137863723886e-06,0.43833270855696277,-0.17449007180059128,0.38923216513944847,7.432162246302643e-05,-0.4908557785048015,-0.05148446675129596,-0.35962248439724603,-0.18991358758378707,0.30701325480359476,-0.3767665140794603,0.07900433032061893,-0.1493542627568295,-0.008074573515377772,-0.005281364254023577,-0.004070655979739834,-2.80379046138574e-06
73.28000000000003,0.92,0.025,0.009797958971132711,0.5248792922602417,0.5278473586035246,0.517036110688479,-0.20632637798317607,0.4595686573838135,8.759712756454315e-05,-0.005264545070975234,-0.0010646520964704847,-0.0018739546558796188,-1.6583750214757096e-06,0.43761936408672863,-0.17463464632496023,0.38897891160965975,7.414220877062933e-05,-0.49026530881233943,-0.051003730325993424,-0.35938856029916605,-0.18978989939380284,0.30629888021087065,-0.3765404418587127,0.07908914179641227,-0.14951270157595697,-0.008074601533797531,-0.005281362999888383,-0.004077638615659554,-2.8313192612066534e-06
73.44,0.92,0.025,0.009797958971132711,0.5248792922602417,0.5278473586035246,0.5161942544100013,-0.20649625621010503,0.45926912389240454,8.738343775402366e-05,-0.005258658857161698,-0.0010588278232350145,-0.0018759325271515952,-1.669934426513292e-06,0.4369068169326251,-0.1747784312562329,0.38872538646253124,7.396134171500564e-05,-0.489675193771176,-0.05052411293390652,-0.35915438592979876,-0.18966607738166918,0.30558561899181935,-0.37631405872089485,0.07917339965539226,-0.14967009192903827,-0.008074629626791832,-0.0052813617899849,-0.004084604601924398,-2.8589068287526295e-06
73.60000000000002,0.92,0.025,0.009797958971132711,0.5248792922602417,0.5278473586035246,0.5153533397109032,-0.2066652035527108,0.4589692715642125,8.716802641024066e-05,-0.0052527753299160184,-0.001053016039367037,-0.001877897261139062,-1.6814917509006021e-06,0.43619506673130853,-0.17492142828701443,0.3884715914519495,7.37790175536277e-05,-0.48908543386767533,-0.050045612830547793,-0.35891996291159795,-0.18954212239937224,0.30487346997411313,-0.3760873660083057,0.07925710382501784,-0.1498264337270972,-0.008074657794478805,-0.005281360624553838,-0.004091553899358273,-2.8865528797325254e-06
73.75999999999999,0.92,0.025,0.009797958971132711,0.5248792922602417,0.5278473586035246,0.5145133661607656,-0.2068332220078222,0.458669102472157,8.695088911167559e-05,-0.005246894496336293,-0.0010472167264947677,-0.0018798488568505408,-1.6930467442713371e-06,0.435484113118472,-0.1750636391074207,0.38821752833243367,7.359523254412223e-05,-0.48849602958609895,-0.04956822827326745,-0.3586852928676015,-0.1894180352992068,0.3041624319858059,-0.3758603650605222,0.07934025424352963,-0.14998172690154093,-0.008074686036976494,-0.005281359503836734,-0.0040984864690376726,-2.9142571290977277e-06
73.92000000000002,0.92,0.025,0.009797958971132711,0.5248792922602417,0.5278473586035246,0.5136743333280358,-0.20700031356933002,0.458368618689863,8.673202143769602e-05,-0.005241016363495941,-0.0010414298662641595,-0.0018817873135493072,-1.7045991564870055e-06,0.4347739557288495,-0.17520506540508093,0.3879631988591001,7.340998294486591e-05,-0.48790698140861094,-0.04909195752125253,-0.3584503774213989,-0.18929381693375957,0.3034525038553341,-0.37563305721440154,0.07942285085992007,-0.15013597140410206,-0.008074714354402832,-0.005281358428075949,-0.004105402272291735,-2.942019291047195e-06
74.07999999999998,0.92,0.025,0.009797958971132711,0.5248792922602417,0.5278473586035246,0.5128362407800312,-0.2071664802281897,0.4580678222916241,8.65114189692133e-05,-0.005235140938443762,-0.0010356554403388992,-0.0018837126307526834,-1.716148737646818e-06,0.43406459419621846,-0.17534570886513978,0.3877086047876307,7.322326501554214e-05,-0.4873182898152816,-0.048616798835526595,-0.3582152181971016,-0.18916946815589453,0.30274368441151944,-0.3754054438040862,0.07950489363390462,-0.15028916720678157,-0.008074742746875656,-0.005281357397514671,-0.004112301270702289,-2.969839079033557e-06
74.24000000000001,0.92,0.025,0.009797958971132711,0.5248792922602417,0.5278473586035246,0.5119990880829435,-0.20733172397242444,0.4577667153523615,8.62890772894785e-05,-0.005229268228203974,-0.0010298934304004048,-0.001885624808231285,-1.7276952380975389e-06,0.4333560281534034,-0.17548557117026006,0.3874537478742388,7.30350750178146e-05,-0.4867299552840916,-0.048142750478948594,-0.35797981681931124,-0.18904498981873652,0.3020359724835698,-0.3751775261610068,0.07958638253589062,-0.1504413143017884,-0.008074771214512695,-0.0052813564123969205,-0.004119183426103858,-2.9977162057679187e-06
74.40000000000003,0.92,0.025,0.009797958971132711,0.5248792922602417,0.5278473586035246,0.5111628748018423,-0.20749604678712774,0.45746529994758545,8.606499198470082e-05,-0.005223398239776269,-0.001024143818147825,-0.0018875238460082987,-1.7392384084432591e-06,0.43264825723227934,-0.17562465400062494,0.38719862987563636,7.284540921585078e-05,-0.48614197829093686,-0.047669810716212895,-0.35774417491308874,-0.1889203827756559,0.30132936690108175,-0.3749493056138869,0.07966731754694782,-0.15059241270148133,-0.008074799757431573,-0.005281355472967547,-0.004126048700583715,-3.0256503832260598e-06
74.56,0.92,0.025,0.009797958971132711,0.5248792922602417,0.5278473586035246,0.5103276005006794,-0.2076594506544665,0.4571635781533561,8.583915864477393e-05,-0.005217530980135847,-0.0010184065852980382,-0.0018894097443587063,-1.750777999555184e-06,0.43194128106377505,-0.17576295903394046,0.38694325254900064,7.265426387693666e-05,-0.4855543593096322,-0.04719797781384828,-0.35750829410392354,-0.18879564788025285,0.3006238664940422,-0.37472078348874566,0.07974769865877626,-0.15074246243830672,-0.008074828375749797,-0.0052813545794722335,-0.004132897056481834,-3.053641322653718e-06
74.72000000000003,0.92,0.025,0.009797958971132711,0.5248792922602417,0.5278473586035246,0.5094932647422924,-0.20782193755368378,0.456861552046244,8.561157286408962e-05,-0.0052116664562334766,-0.0010126817135856468,-0.001891282503808529,-1.7623137625813892e-06,0.4312350992778763,-0.17590048794543794,0.38668761765194093,7.246163527216546e-05,-0.48496709881191585,-0.04672725004021729,-0.35727217601770256,-0.18867078598634188,0.2999194700928298,-0.37449196110890287,0.0798275258736754,-0.15089146356473757,-0.008074857069584773,-0.0052813537321575,-0.0041397284563909,-3.081688734571003e-06
74.88,0.92,0.025,0.009797958971132711,0.5248792922602417,0.5278473586035246,0.5086598670884089,-0.20798350946110133,0.4565592237032914,8.538223024205588e-05,-0.005205804674995532,-0.0010069691847629776,-0.0018931421251340555,-1.7738454489562652e-06,0.43052971150362934,-0.1760372424078762,0.38643172694246586,7.22675196768761e-05,-0.48438019726745374,-0.04625762566551601,-0.3570358222806795,-0.18854579794793616,0.29921617652821725,-0.374262839794982,0.07990679920451221,-0.15103941615321173,-0.008074885839053792,-0.005281352931270704,-0.0041465428631562926,-3.109792328778803e-06
75.04000000000002,0.92,0.025,0.009797958971132711,0.5248792922602417,0.5278473586035246,0.5078274070996499,-0.20814416835012303,0.45625659520197187,8.515112638396812e-05,-0.005199945643324042,-0.0010012689806000777,-0.0018949886093610475,-1.7853728104103753e-06,0.4298251173691437,-0.17617322409154415,0.386175582178949,7.207191337139063e-05,-0.4837936551438433,-0.045789102961772854,-0.35679923451944284,-0.1884206846192314,0.2985139846313723,-0.3740334208649139,0.07998551867468859,-0.15118632029606796,-0.008074914684274029,-0.005281352177060041,-0.0041533402398760315,-3.137951814362909e-06
75.19999999999999,0.92,0.025,0.009797958971132711,0.5248792922602417,0.5278473586035246,0.5069958843355344,-0.2083039161912372,0.455953668620153,8.49182569017953e-05,-0.005194089368096738,-0.0009955810828847166,-0.0018968219577639412,-1.7968955989801353e-06,0.42912131650159635,-0.17630843466426319,0.38591918512009754,7.187481264167954e-05,-0.48320747290661836,-0.045321680202848554,-0.3565624143608867,-0.18829544685459126,0.2978128932338606,-0.3738037056339414,0.0800636843181084,-0.15133217610548177,-0.008074943605362546,-0.005281351469774551,-0.004160120549900706,-3.1661668996985046e-06
75.36000000000001,0.92,0.025,0.009797958971132711,0.5248792922602417,0.5278473586035246,0.5061652983544827,-0.20846275495201963,0.45565044603605576,8.468361741457102e-05,-0.005188235856167099,-0.000989905473422377,-0.0018986421718650511,-1.808413567017226e-06,0.4284183085272341,-0.17644287579138943,0.38566253752491764,7.167621377969292e-05,-0.48262165101925264,-0.044855355664435,-0.3563253634321784,-0.18817008550853087,0.29711290116764666,-0.3735736954146224,0.08014129617914474,-0.15147698371340151,-0.00807497260243629,-0.005281350809664115,-0.004166883756833449,-3.19443729245768e-06
75.51999999999998,0.92,0.025,0.009797958971132711,0.5248792922602417,0.5278473586035246,0.5053356487138205,-0.20862068659713637,0.4553469295282158,8.444720354950342e-05,-0.005182385114364396,-0.0009842421340362593,-0.0019004492534337347,-1.8199264671981525e-06,0.4277160930713777,-0.17657654913581622,0.3854056411526819,7.14761130842997e-05,-0.4820361899431646,-0.044390127624055295,-0.3560880833607282,-0.18804460143570156,0.2964140072650957,-0.37334339151683354,0.08021835431260545,-0.15162074327148134,-0.008075001675612084,-0.0052813501969794585,-0.004173629824529804,-3.2227626996107215e-06
75.68,0.92,0.025,0.009797958971132711,0.5248792922602417,0.5278473586035246,0.5045069349697827,-0.20877771308834672,0.45504312117544443,8.420901094246026e-05,-0.0051765371494937405,-0.0009785910465672744,-0.0019022432044855891,-1.8314340525338838e-06,0.4270146697584241,-0.17670945635797666,0.38514849776289617,7.127450686169836e-05,-0.48145109013772114,-0.043925994361062135,-0.35585057577415824,-0.1879189954908753,0.2957162103589756,-0.37311279524777474,0.0802948587837001,-0.1517634549510165,-0.008075030825006633,-0.005281349631972161,-0.004180358717097693,-3.251142827433271e-06
75.84000000000003,0.92,0.025,0.009797958971132711,0.5248792922602417,0.5278473586035246,0.5036791566775175,-0.2089338363845059,0.4547390230567894,8.396903523879973e-05,-0.005170691968336133,-0.0009729521928740431,-0.0019040240272815896,-1.8429360763792012e-06,0.4263140382118508,-0.17684159911584582,0.3848911091152666,7.10713914261201e-05,-0.480866352060242,-0.0434629541566381,-0.3556128423002719,-0.18779326852892905,0.2950195092824586,-0.37288190791197284,0.08037080966800447,-0.15190511894287442,-0.008075060050736518,-0.005281349114894642,-0.004187070398897252,-3.2795773815096956e-06
76.0,0.92,0.025,0.009797958971132711,0.5248792922602417,0.5278473586035246,0.5028523133910897,-0.20908905844156783,0.45443463725149613,8.372727209403234e-05,-0.005164849577648503,-0.0009673255548328946,-0.0019057917243272525,-1.8544322924422465e-06,0.42561419805421835,-0.17697297906494303,0.3846334769696663,7.086676310038899e-05,-0.480281976166004,-0.04300100529379457,-0.35537488456702243,-0.18766742140482928,0.294323902869123,-0.3726507308112843,0.08044620705142588,-0.15204573545742728,-0.0080750893529182,-0.005281348646000181,-0.004193764834540736,-3.308066066738447e-06
76.16000000000003,0.92,0.025,0.009797958971132711,0.5248792922602417,0.5278473586035246,0.5020264046634854,-0.20924338121258815,0.45412996583896836,8.348371717458372e-05,-0.00515900998416376,-0.0009617111143378626,-0.0019075462983717895,-1.8659224547936467e-06,0.424915148907174,-0.17710359785833463,0.38437560308610286,7.066061821656766e-05,-0.4796979629082452,-0.04254014605737117,-0.35513670420248306,-0.1875414549736165,0.29362938995295496,-0.3724192652449006,0.08052105103016843,-0.15218530472448427,-0.008075118731668019,-0.00528134822554291,-0.004200441988892407,-3.336608587335562e-06
76.32,0.92,0.025,0.009797958971132711,0.5248792922602417,0.5278473586035246,0.501201430046615,-0.20939680664772697,0.4538250108987293,8.323836615854407e-05,-0.005153173194590835,-0.0009561088533006828,-0.0019092877524072268,-1.8774063178763377e-06,0.42421689039145494,-0.17723345714663613,0.38411748922468447,7.045295311659171e-05,-0.4791143127381689,-0.042080374734035184,-0.35489830283481516,-0.18741537009038953,0.29293596936835,-0.37218751250935084,0.08059534171069661,-0.15232382699322078,-0.008075148187102164,-0.005281347853777808,-0.004207101827068363,-3.3652046468398333e-06
76.48000000000002,0.92,0.025,0.009797958971132711,0.5248792922602417,0.5278473586035246,0.5003773890913175,-0.20954933669425163,0.4535197745103824,8.299121473637411e-05,-0.0051473392156147334,-0.0009505187536507914,-0.0019110160896675381,-1.8888836365145117e-06,0.42351942212689114,-0.17736255857801458,0.38385913714558767,7.024376415286705e-05,-0.47853102610494813,-0.04162168961228076,-0.3546596820922381,-0.18728916761029,0.292243639950115,-0.371955473898506,0.08066907920969955,-0.15246130253210882,-0.008075177719336727,-0.005281347530960722,-0.0042137443144363955,-3.393853948116454e-06
76.63999999999999,0.92,0.025,0.009797958971132711,0.5248792922602417,0.5278473586035246,0.49955428134736407,-0.2097009732965397,0.4532142587535732,8.274225861157098e-05,-0.005141508053896572,-0.0009449407973353222,-0.0019127313136277533,-1.9003541659230702e-06,0.42282274373240897,-0.1774909037981912,0.38360054860902437,7.003304768883367e-05,-0.4779481034557295,-0.04116408898242834,-0.35442084360299836,-0.18716284838848712,0.29155240053346987,-0.3717231507035826,0.08074226365405412,-0.15259773162884552,-0.008075207328487639,-0.005281347257348357,-0.004220369416615807,-3.4225561933621547e-06
76.80000000000001,0.92,0.025,0.009797958971132711,0.5248792922602417,0.5278473586035246,0.4987321063634624,-0.20985171839608152,0.452908465707949,8.249149350155911e-05,-0.005135679716073632,-0.0009393749663191021,-0.0019144334280030767,-1.9118176617167865e-06,0.42212685482603457,-0.17761849445044342,0.38334172537520805,6.982080009971964e-05,-0.4773655452356376,-0.04070757113662433,-0.3541817889953384,-0.18703641328016185,0.2908622499540491,-0.3714905442131467,0.08081489518078859,-0.15273311459028233,-0.008075237014670725,-0.005281347033198272,-0.00422697709947726,-3.4513110841076162e-06
76.96000000000004,0.92,0.025,0.009797958971132711,0.5248792922602417,0.5278473586035246,0.49791086368725973,-0.2100015739314834,0.4526023974531219,8.223891513830332e-05,-0.0051298542087594,-0.0009338212425846524,-0.0019161224367479721,-1.923273879919576e-06,0.42143175502489666,-0.17774533217560753,0.38308266920432243,6.960701777305993e-05,-0.476783351887779,-0.0402521343688398,-0.3539425198974671,-0.18690986314049177,0.2901731870479036,-0.37125765571311725,0.08088697393704479,-0.15286745174235158,-0.008075266778001649,-0.005281346858768897,-0.004233567329142548,-3.4801183212227017e-06
77.12,0.92,0.025,0.009797958971132711,0.5248792922602417,0.5278473586035246,0.49709055286534715,-0.21015054183847023,0.4522960560686285,8.198451926901259e-05,-0.005124031538543619,-0.0009282796081321819,-0.0019177983440552624,-1.9347225769735653e-06,0.4207374439452298,-0.17787141861208122,0.3828233818564872,6.939169710929226e-05,-0.4762015238532464,-0.0397977769748703,-0.35370303793752783,-0.18678319882463532,0.28948521065150246,-0.37102448648677006,0.08095850008004088,-0.15300074342999428,-0.008075296618595962,-0.005281346734319528,-0.004240140071984422,-3.5089776049204155e-06
77.28000000000003,0.92,0.025,0.009797958971132711,0.5248792922602417,0.5278473586035246,0.49627117344326327,-0.2102986240498883,0.4519894436338912,8.172830165704891e-05,-0.005118211711992324,-0.0009227500449795871,-0.0019194611543552017,-1.9461635097483064e-06,0.42004392120237805,-0.17799675539582546,0.3825638650917255,6.91748345225262e-05,-0.4756200615711227,-0.0393444972523351,-0.35346334474356816,-0.18665642118771653,0.2887983196017344,-0.37079103781474165,0.08102947377703303,-0.15313299001708564,-0.008075326536569057,-0.005281346660110324,-0.004246695294626358,-3.5378886347592783e-06
77.44,0.92,0.025,0.009797958971132711,0.5248792922602417,0.5278473586035246,0.4954527249654982,-0.21044582249570823,0.4516825622281807,8.147025808240711e-05,-0.0051123947356479,-0.0009172325351624476,-0.0019211108723145608,-1.957596435550068e-06,0.4193511864107977,-0.17812134416036746,0.3823041206699322,6.895642644094937e-05,-0.47503896547848556,-0.038892293500676633,-0.35322344194350996,-0.18652953108480957,0.2881125127359097,-0.370557310975033,0.08109989520527762,-0.15326419188636162,-0.008075356532036202,-0.005281346636402317,-0.004253232963942353,-3.566851109649871e-06
77.60000000000002,0.92,0.025,0.009797958971132711,0.5248792922602417,0.5278473586035246,0.49463520697549684,-0.2105921391030277,0.45137541393057556,8.121038434273051e-05,-0.005106580616029121,-0.0009117270607340248,-0.0019227475028356646,-1.9690211121302657e-06,0.41865923918406056,-0.17824518653680266,0.38204415035083916,6.873646930768711e-05,-0.4744582360104109,-0.038441164021159414,-0.3529833311651178,-0.18640252937092336,0.2874277888917619,-0.37032330724301327,0.08116976455199125,-0.15339434943934185,-0.00807538660511252,-0.005281346663457414,-0.00425975304705664,-3.595864727854494e-06
77.75999999999999,0.92,0.025,0.009797958971132711,0.5248792922602417,0.5278473586035246,0.4938186190156633,-0.21073757579607427,0.4510680008199255,8.094867625378616e-05,-0.005100769359631191,-0.0009062336037652578,-0.0019243710510554767,-1.9804372976952305e-06,0.41796807913485745,-0.17836828415379727,0.38178395589398495,6.85149595812046e-05,-0.4738778735999776,-0.03799110711687019,-0.3527430140359695,-0.1862754169009863,0.2867441469074492,-0.3700890278914232,0.08123908201431321,-0.1535234630962561,-0.008075416755912982,-0.005281346741538384,-0.0042662555113434876,-3.62492918699483e-06
77.92000000000002,0.92,0.025,0.009797958971132711,0.5248792922602417,0.5278473586035246,0.4930029606273642,-0.2108821344962084,0.4507603249748105,8.068512965039675e-05,-0.005094960972925798,-0.0009007521463447623,-0.0019259815223446302,-1.991844750914475e-06,0.41727770587500107,-0.1784906386375908,0.38152353905867964,6.82918937360958e-05,-0.4732978786782711,-0.03754212109271622,-0.35250249218342444,-0.18614819452983053,0.2860615856215563,-0.3698544741903795,0.081307847799265,-0.1536515332959665,-0.008075446984552415,-0.005281346870908883,-0.004272740324426928,-3.6540441840520322e-06
78.07999999999998,0.92,0.025,0.009797958971132711,0.5248792922602417,0.5278473586035246,0.49218823135093254,-0.21102581712192608,0.45045238847350505,8.041974038703874e-05,-0.005089155462361155,-0.0008952826705788247,-0.0019275789223064637,-2.003243230930126e-06,0.4165881190154293,-0.17861225161199826,0.3812629016039747,6.806726826358959e-05,-0.472718251674388,-0.037094204255425464,-0.35226176723459446,-0.18602086311217736,0.28538010387309637,-0.36961964740737796,0.08137606212371067,-0.15377856049589034,-0.00807547729114551,-0.005281347051833442,-0.004279207454180445,-3.6832094153725197e-06
78.24000000000001,0.92,0.025,0.009797958971132711,0.5248792922602417,0.5278473586035246,0.49137443072567144,-0.21116862558886174,0.4501441933939369,8.01525043386886e-05,-0.005083352834362047,-0.0008898251585914024,-0.0019291632567760635,-2.0146324973655237e-06,0.41589931816620834,-0.17873312469841257,0.38100204528862824,6.784107967226603e-05,-0.4721389930154399,-0.03664735491354547,-0.35202084081631213,-0.1858934235026209,0.28469970050151233,-0.3693845488072981,0.08144372521431703,-0.1539045451719231,-0.008075507675806797,-0.005281347284577473,-0.004285656868726755,-3.712424576669616e-06
78.40000000000003,0.92,0.025,0.009797958971132711,0.5248792922602417,0.5278473586035246,0.49056155828985804,-0.21131056180979102,0.4498357418136506,7.988341740142844e-05,-0.00507755309532987,-0.0008843795925241194,-0.0019307345318192867,-2.0260123103342033e-06,0.41521130293653585,-0.17885325951580713,0.38074097187107386,6.761332448856904e-05,-0.4715601031265572,-0.036201571377442884,-0.3517797145551016,-0.18576587655561366,0.2840203743466783,-0.36914917965240557,0.08151083730751336,-0.15402948781836015,-0.008075538138650657,-0.005281347569407268,-0.004292088536437481,-3.7416893630283025e-06
78.56,0.92,0.025,0.009797958971132711,0.5248792922602417,0.5278473586035246,0.48974961358074715,-0.21145162769463366,0.4495270358097686,7.961247549333889e-05,-0.005071756251642685,-0.0008789459545362623,-0.0019322927537317605,-2.037382430448497e-06,0.4145240729347444,-0.17897265768073795,0.3804796831093882,6.738399925756203e-05,-0.47098158243089416,-0.035756851959302734,-0.35153839007714754,-0.18563822312545117,0.28334212424890204,-0.36891354120235703,0.0815773986494497,-0.15415338894781663,-0.00807556867979132,-0.005281347906590002,-0.004298502425932824,-3.7710034689064297e-06
78.72000000000003,0.92,0.025,0.009797958971132711,0.5248792922602417,0.5278473586035246,0.4889385961345748,-0.21159182515045627,0.44921807745895204,7.933967455506252e-05,-0.005065962309655258,-0.0008735242268047793,-0.001933837929037905,-2.048742618828337e-06,0.41383762776830413,-0.1790913208073462,0.380218180761257,6.715310054340491e-05,-0.4704034313496317,-0.03531319497312754,-0.35129686900826473,-0.18551046406625596,0.28266494904892564,-0.3686776347142033,0.08164340949595665,-0.1542762490911489,-0.008075599299342862,-0.005281348296393736,-0.004304898506081294,-3.8003665881395203e-06
78.88,0.92,0.025,0.009797958971132711,0.5248792922602417,0.5278473586035246,0.48812850548656217,-0.21173115608147522,0.4489088688373639,7.906501055067297e-05,-0.005060171275699104,-0.0008681143915242753,-0.0019353700644899339,-2.060092637110203e-06,0.41315196704382623,-0.17920925050736064,0.37995646658394483,6.69206249300896e-05,-0.46982565030198253,-0.03487059873473713,-0.3510551529738688,-0.1853826002319636,0.281988847587928,-0.36844146144239326,0.0817088701125037,-0.15439806879737442,-0.008075629997419197,-0.005281348739087421,-0.004311276745999362,-3.829778413942971e-06
79.04000000000002,0.92,0.025,0.009797958971132711,0.5248792922602417,0.5278473586035246,0.48731934117091924,-0.21186962238905935,0.4485994120206299,7.878847946834334e-05,-0.005054383156082537,-0.0008627164309070113,-0.0019368891670668406,-2.0714322474553344e-06,0.4124670903670661,-0.17932644839009984,0.3796945423342612,6.668656902200582e-05,-0.4692482397051946,-0.034429061561767386,-0.35081324359894495,-0.18525463247630627,0.2813138187075262,-0.36820502263877786,0.08177378077415749,-0.15451884863359064,-0.00807566077413409,-0.005281349234940904,-0.004317637115051128,-3.859238638914569e-06
79.19999999999999,0.92,0.025,0.009797958971132711,0.5248792922602417,0.5278473586035246,0.48651110272084863,-0.212007225971733,0.4482897090838007,7.851007732100398e-05,-0.005048597957090707,-0.0008573303271828976,-0.0019383952439733865,-2.082761212558795e-06,0.4117829973429263,-0.1794429160624748,0.37943240976852893,6.645092944449777e-05,-0.46867119997455553,-0.0339885817736699,-0.35057114250801863,-0.18512656165279842,0.2806398612497766,-0.36796831955261305,0.08183814176553955,-0.15463858918489362,-0.008075691629601131,-0.005281349784224911,-0.00432397958284797,-3.88874695503902e-06
79.36000000000001,0.92,0.025,0.009797958971132711,0.5248792922602417,0.5278473586035246,0.4857037896685492,-0.21214396872517866,0.447979762101314,7.82298001472754e-05,-0.005042815684985655,-0.0008519560625994937,-0.001939888302639086,-2.094079295657562e-06,0.41109968757546006,-0.17955865512899122,0.3791700706425522,6.62137028446539e-05,-0.4680945315233967,-0.033549157691711136,-0.350328851325125,-0.18499838861472134,0.2799669740571773,-0.36773135343056446,0.08190195338078446,-0.1547572910542969,-0.008075722563933758,-0.005281350387211069,-0.004330304119248204,-3.918303053687662e-06
79.51999999999998,0.92,0.025,0.009797958971132711,0.5248792922602417,0.5278473586035246,0.4848974015452195,-0.21227985254223977,0.4476695731469562,7.79476440119426e-05,-0.005037036346006347,-0.0008465936194220044,-0.0019413683507171695,-2.105386260539508e-06,0.4104171606678738,-0.17967366719175176,0.37890752671158373,6.597488589170822e-05,-0.4675182347630968,-0.03311078763897195,-0.35008637167377943,-0.1848701142151082,0.27929515597266924,-0.36749412551671023,0.08196521592349675,-0.15487495486264813,-0.008075753577245244,-0.005281351044171909,-0.004336610694356701,-3.947906625624608e-06
79.68,0.92,0.025,0.009797958971132711,0.5248792922602417,0.5278473586035246,0.48409193788106186,-0.21241487931292374,0.4473591442938245,7.766360500686762e-05,-0.0050312599463687244,-0.000841242979933275,-0.0019428353960835546,-2.1166818715514383e-06,0.4097354162225308,-0.17978795385045868,0.3786447797302931,6.573447527781276e-05,-0.4669423101030865,-0.03267346994034659,-0.349843705176947,-0.18474173930672852,0.2786244058396378,-0.36725663705254535,0.0820279297067082,-0.15499158124854684,-0.00807578466964869,-0.005281351755380845,-0.004342899278524523,-3.977557361006564e-06
79.84000000000003,0.92,0.025,0.009797958971132711,0.5248792922602417,0.5278473586035246,0.48328739820528593,-0.21254905092440451,0.4470484776142897,7.737767925167597e-05,-0.005025486492265752,-0.0008359041264337901,-0.0019442894468358059,-2.1279658936077957e-06,0.409054453840954,-0.179901516702416,0.3783818314527348,6.549246771861854e-05,-0.4663667579508523,-0.03223720292254224,-0.34960085345701286,-0.1846132647420738,0.277954722501915,-0.3670188892769853,0.08209009505283474,-0.15510717086826087,-0.008075815841257028,-0.005281352521112201,-0.004349169842348537,-4.007254949386335e-06
80.0,0.92,0.025,0.009797958971132711,0.5248792922602417,0.5278473586035246,0.4824837820461123,-0.21268236926102557,0.4467375751799575,7.708986289435652e-05,-0.005019715989867453,-0.0008305770412416694,-0.0019457305112920767,-2.139238092199001e-06,0.40837427312382946,-0.18001435734253204,0.37811868363231604,6.524885995378336e-05,-0.4657915787119401,-0.03180198491407815,-0.34935781813575256,-0.18448469137334186,0.27728610480378013,-0.3667808834263692,0.08215171229363251,-0.15522172439564152,-0.008075847092183031,-0.005281353341641201,-0.004355422356671009,-4.036999079716385e-06
80.16000000000003,0.92,0.025,0.009797958971132711,0.5248792922602417,0.5278473586035246,0.481681088930776,-0.2128148362043028,0.4464264390616316,7.68001521122012e-05,-0.005013948445320963,-0.0008252617066926647,-0.001947158597990069,-2.150498233399641e-06,0.4076948736710088,-0.1801264773633219,0.377855338021765,6.50036487477671e-05,-0.4652167727899601,-0.031367814245285064,-0.349114600834302,-0.18435602005242238,0.2766185515899624,-0.36654262073446425,0.08221278177015465,-0.1553352425220404,-0.008075878422539288,-0.005281354217243981,-0.004361656792579215,-4.066789440348759e-06
80.32,0.92,0.025,0.009797958971132711,0.5248792922602417,0.5278473586035246,0.48087931838553044,-0.21294645363292702,0.44611507132927597,7.650854311227356e-05,-0.005008183864750569,-0.0008199581051401551,-0.0019485737156859668,-2.161746083876817e-06,0.407016255081513,-0.18023787835490945,0.3775917963730992,6.475683089022834e-05,-0.46464234058659,-0.030934689248304434,-0.34887120317312825,-0.18422725163088163,0.2759520617056416,-0.366304102432469,0.08227330383270715,-0.15544772595622366,-0.00807590983243822,-0.005281355148197571,-0.00436787312140503,-4.096625719039963e-06
80.48000000000002,0.92,0.025,0.009797958971132711,0.5248792922602417,0.5278473586035246,0.4800784699356513,-0.2130772234227672,0.4458034740519766,7.621503213235494e-05,-0.005002422254257752,-0.0008146662189551458,-0.0019499758733533626,-2.1729814108984532e-06,0.4063384169535353,-0.18034856190503015,0.37732806043759304,6.450840319682522e-05,-0.4640682825015797,-0.03050260825708783,-0.3486276267719989,-0.1840983869599474,0.27528663399645037,-0.3660653297490169,0.08233327884080409,-0.15555917542428627,-0.008075941321992063,-0.005281356134779915,-0.004374071314724485,-4.126507602951144e-06
80.63999999999999,0.92,0.025,0.009797958971132711,0.5248792922602417,0.5278473586035246,0.47927854310543927,-0.21320714744687297,0.4454916492979052,7.591961544144678e-05,-0.00499666361992124,-0.0008093860305262636,-0.001951365080182196,-2.1842039823412065e-06,0.4056613588844438,-0.1804585295990333,0.37706413196574695,6.425836250964056e-05,-0.46349459893275474,-0.03007156960739586,-0.3483838732499535,-0.1839694268904945,0.27462226730847544,-0.36582630391018056,0.08239270716312373,-0.15566959166956656,-0.008075972891312885,-0.005281357177269872,-0.0043802513443573585,-4.156434778651692e-06
80.80000000000001,0.92,0.025,0.009797958971132711,0.5248792922602417,0.5278473586035246,0.4784795374182248,-0.2133362275754776,0.44517959913428085,7.562228934072594e-05,-0.004990907967797042,-0.0008041175222597526,-0.0019527413455776728,-2.1954135666991275e-06,0.40498508047078546,-0.18056778301988424,0.3768000127072553,6.400670569799044e-05,-0.462921290276021,-0.029641571636798158,-0.3481399442252735,-0.1838403722730297,0.27395896048825935,-0.36558702613947486,0.08245158917746363,-0.15577897545256,-0.00807600454051257,-0.005281358275947207,-0.004386413182366737,-4.186406932120133e-06
80.96000000000004,0.92,0.025,0.009797958971132711,0.5248792922602417,0.5278473586035246,0.4776814523963707,-0.21346446567600066,0.4448673256273335,7.532305016396796e-05,-0.0049851553039185,-0.0007988606765794723,-0.0019541046791591646,-2.206609933090978e-06,0.4043095813082882,-0.18067632374816697,0.3765357044109751,6.375342965878248e-05,-0.46234835692536763,-0.029212612684671867,-0.34789584131545326,-0.18371122395767692,0.273296712382802,-0.365347497657861,0.08250992527069471,-0.15588732755083076,-0.008076036269702819,-0.005281359431092605,-0.004392556801058527,-4.216423748747256e-06
81.12,0.92,0.025,0.009797958971132711,0.5248792922602417,0.5278473586035246,0.4768842875612769,-0.21359186361305113,0.44455483084226655,7.50218942784922e-05,-0.0049794056342963265,-0.0007936154759268932,-0.001955455090759141,-2.2177928512689183e-06,0.40363486099186474,-0.18078415336208647,0.3762712088248944,6.34985313173158e-05,-0.46177579927287254,-0.028784691092201574,-0.34765156613717024,-0.18358198279416238,0.2726355218395621,-0.3651077196837498,0.08256771583871712,-0.15599464875892616,-0.008076068078995144,-0.0052813606429876645,-0.004398682172981048,-4.246484913337177e-06
81.28000000000003,0.92,0.025,0.009797958971132711,0.5248792922602417,0.5278473586035246,0.47608804243338254,-0.21371842324842988,0.4442421168432194,7.471881808572741e-05,-0.004973658964918653,-0.0007883819027610928,-0.001956792590422063,-2.228962091626162e-06,0.402960919115615,-0.18089127343747105,0.37600652769610093,6.324200762775969e-05,-0.46120361770870466,-0.028357805202378045,-0.347407120306256,-0.18345264963179986,0.27197538770645885,-0.36486769343300585,0.08262496128641424,-0.15610093988828813,-0.00807609996850088,-0.005281361911914907,-0.004404789270924546,-4.2765901101098735e-06
81.44,0.92,0.025,0.009797958971132711,0.5248792922602417,0.5278473586035246,0.4752927165321713,-0.2138441464411327,0.44392918569323087,7.441381802203136e-05,-0.004967915301751077,-0.0007831599395587532,-0.0019581171884032753,-2.2401174252049654e-06,0.40228775527282984,-0.18099768554777473,0.3757416627707506,6.298385557384734e-05,-0.46063181262112957,-0.027931953359998,-0.34716250543766664,-0.18332322531947615,0.27131630883187363,-0.364627420118951,0.08268166202760649,-0.15620620176716438,-0.00807613193833117,-0.005281363238157773,-0.004410878067920704,-4.306739022701967e-06
81.60000000000002,0.92,0.025,0.009797958971132711,0.5248792922602417,0.5278473586035246,0.4744983093761737,-0.21396903504735307,0.4436160394542021,7.410689055923405e-05,-0.004962174650736697,-0.0007779495688141567,-0.0019594288951679155,-2.251258623704487e-06,0.40161536905599343,-0.18110339126407965,0.3754766157940367,6.27240721693357e-05,-0.46006038439651237,-0.027507133911663015,-0.346917723145454,-0.18319371070563598,0.2706582840646513,-0.36438690095236775,0.08273781848500614,-0.15631043524052102,-0.008076163988596962,-0.005281364622000624,-0.0044169485372421895,-4.336931334169971e-06
81.75999999999999,0.92,0.025,0.009797958971132711,0.5248792922602417,0.5278473586035246,0.47370482048297136,-0.2140930909204849,0.44330268018686014,7.379803220548715e-05,-0.00495643701779616,-0.0007727507730391817,-0.0019607277213897836,-2.262385459488702e-06,0.400943760056787,-0.18120839215509843,0.37521138851015845,6.246265445872433e-05,-0.45948933341932224,-0.027083345205779142,-0.3466727750427366,-0.18306410663826786,0.2700013122541017,-0.3641461371415031,0.08279343109017025,-0.1564136411699519,-0.008076196119409016,-0.005281366063728747,-0.004423000652402128,-4.367166726990664e-06
81.92000000000002,0.92,0.025,0.009797958971132711,0.5248792922602417,0.5278473586035246,0.4729122493692002,-0.2142163159111255,0.4429891099507206,7.348723950582303e-05,-0.004950702408827713,-0.0007675635347632999,-0.0019620136779502427,-2.27349770559395e-06,0.40027292786609103,-0.18131268978717663,0.37494598266228996,6.219959951772863e-05,-0.458918660072136,-0.02666058559255564,-0.3464276627416702,-0.18293441396488908,0.2693453922500017,-0.3639051298920727,0.08284850028345496,-0.15651582043359066,-0.0080762283308779,-0.005281367563628364,-0.0044290343871536434,-4.397444883063531e-06
82.07999999999998,0.92,0.025,0.009797958971132711,0.5248792922602417,0.5278473586035246,0.47212059555055425,-0.21433871186707826,0.44267533080405186,7.317450904294194e-05,-0.004944970829707236,-0.0007623878365335729,-0.001963286775937082,-2.2845951357369686e-06,0.39960287207398915,-0.18141628572429505,0.3746803999925495,6.193490445394606e-05,-0.4583483647356425,-0.026238853424004834,-0.34618238785341987,-0.18280463353253149,0.26869052290259615,-0.3636638804072635,0.08290302651396823,-0.15661697392601967,-0.008076260623113979,-0.005281369121986618,-0.004435049715489312,-4.42776548371206e-06
82.24000000000001,0.92,0.025,0.009797958971132711,0.5248792922602417,0.5278473586035246,0.4713298585417893,-0.21446028063335543,0.44236134480383754,7.285983743785935e-05,-0.004939242286288289,-0.0007572236609146469,-0.001964547026643394,-2.295677524322197e-06,0.3989335922697705,-0.18151918152807203,0.37441464224196813,6.166856640740415e-05,-0.45777844778864596,-0.025818147053941004,-0.3459369519881297,-0.18267476618772646,0.2680367030625998,-0.3634223898877383,0.08295701023952315,-0.15671710255817992,-0.008076292996227424,-0.005281370739091587,-0.004441046611640665,-4.458128209684821e-06
82.40000000000003,0.92,0.025,0.009797958971132711,0.5248792922602417,0.5278473586035246,0.47054003785672655,-0.21458102405218116,0.4420471540057415,7.254322135060295e-05,-0.004933516784402159,-0.00075207099048875,-0.0019657944415664578,-2.3067446464497324e-06,0.3982650880419334,-0.18162137875776613,0.3741487111504596,6.140058255115035e-05,-0.4572089096080711,-0.025398464837979962,-0.3456913567548958,-0.18254481277649107,0.2673839315811985,-0.3631806595316388,0.08301045192659139,-0.15681620725728154,-0.0080763254503282,-0.00528137241523228,-0.004447025050077687,-4.488532741157517e-06
82.56,0.92,0.025,0.009797958971132711,0.5248792922602417,0.5278473586035246,0.46975113300825544,-0.21470094396299408,0.4417327604640701,7.222465748087499e-05,-0.0049277943298579,-0.0007469298078556879,-0.0019670290324065743,-2.3177962779225735e-06,0.39759735897818743,-0.1817228789702782,0.37388260845678895,6.11309500918126e-05,-0.4566397505689654,-0.024979805133537748,-0.34544560376173594,-0.18241477414431298,0.26673220731005093,-0.36293869053458977,0.08306335205025493,-0.15691428896671095,-0.008076357985526073,-0.0052813741506986455,-0.00445298500550824,-4.518978757733853e-06
82.72000000000003,0.92,0.025,0.009797958971132711,0.5248792922602417,0.5278473586035246,0.4689631435083381,-0.21482004220245018,0.44141816623173696,7.190414256872212e-05,-0.00492207492844238,-0.0007418000956328405,-0.0019682508110659526,-2.328832195254406e-06,0.3969304046654574,-0.18182368372015384,0.3736163358985422,6.0859666270166406e-05,-0.4560709710445048,-0.024562166299830615,-0.34519969461556227,-0.1822846511361366,0.2660815291012904,-0.3626964840897025,0.08311571109415951,-0.15701134864594102,-0.00807639060193061,-0.005281375945781567,-0.004458926452877569,-4.549465938447516e-06
82.88,0.92,0.025,0.009797958971132711,0.5248792922602417,0.5278473586035246,0.46817606886801255,-0.21493832060442566,0.44110337336022665,7.158167339520344e-05,-0.004916358585920318,-0.0007366818364551588,-0.001969459789647543,-2.3398521756769395e-06,0.39626422468988587,-0.18192379455958588,0.37334989521209583,6.0586728361700196e-05,-0.45550257140599604,-0.02414554669787369,-0.34495363092215214,-0.1821544445963483,0.26543189580752574,-0.36245404138757803,0.08316752955046627,-0.157107387270438,-0.00807642329965116,-0.005281377800772873,-0.004464849367367719,-4.5799939617632595e-06
83.04000000000002,0.92,0.025,0.009797958971132711,0.5248792922602417,0.5278473586035246,0.46738990859739604,-0.2150557810000197,0.4407883838995585,7.125724678310139e-05,-0.004910645308034335,-0.0007315750129751585,-0.0019706559804539077,-2.350855997147124e-06,0.39559881863683605,-0.18202321303841668,0.37308328813258634,6.0312133677217016e-05,-0.454934552022882,-0.02372994469048064,-0.3447074142861198,-0.1820241553687623,0.2647833062818432,-0.36221136361631123,0.0832188079198046,-0.15720240583157105,-0.008076456078796862,-0.005281379715965325,-0.0044707537243970285,-4.610562505577251e-06
83.19999999999999,0.92,0.025,0.009797958971132711,0.5248792922602417,0.5278473586035246,0.46660466220568886,-0.2151724252175573,0.4404731998982514,7.09308595975916e-05,-0.004904935100504992,-0.000726479607862918,-0.0019718393959860495,-2.361843438354686e-06,0.3949341860908951,-0.1821219407041405,0.37281651639388,6.003587956340153e-05,-0.4543669132627445,-0.023315358642262557,-0.3444610463108885,-0.18189378429660646,0.26413575937780803,-0.3619684519614946,0.08326954671122339,-0.1572964053365182,-0.00807648893947666,-0.005281381691652637,-0.004476639499619518,-4.641171247218613e-06
83.36000000000001,0.92,0.025,0.009797958971132711,0.5248792922602417,0.5278473586035246,0.4658203292011778,-0.2152882550825921,0.44015782340328724,7.060250874678622e-05,-0.004899227969030839,-0.0007213956038060743,-0.0019730100489422655,-2.3728142787295146e-06,0.3942703266358769,-0.18221997910190596,0.37254958172854236,5.975796340327986e-05,-0.45379965549130885,-0.02290178691962751,-0.34421452859866164,-0.18176333222250776,0.2634892539494657,-0.36172530760622135,0.08331974644214342,-0.15738938680817485,-0.008076521881799269,-0.005281383728129468,-0.004482506668924366,-4.6718198634519535e-06
83.51999999999998,0.92,0.025,0.009797958971132711,0.5248792922602417,0.5278473586035246,0.4650369090912396,-0.21540327241790916,0.439842256460076,7.027219118252212e-05,-0.004893523919288449,-0.0007163229835098182,-0.0019741679522169773,-2.383768298448653e-06,0.39360723985482526,-0.1823173297745183,0.3722824858678084,5.947838261688672e-05,-0.4532327790724479,-0.022489227890779773,-0.3439678627503954,-0.18163279998847842,0.2628437888513435,-0.3614819317310895,0.08336940763830855,-0.1574813512850599,-0.008076554905873189,-0.0052813858256914184,-0.004488355208435308,-4.702508030476514e-06
83.68,0.92,0.025,0.009797958971132711,0.5248792922602417,0.5278473586035246,0.46425440138234453,-0.2155174790435277,0.43952650111242003,6.993990390098707e-05,-0.004887822956932469,-0.0007112617296968913,-0.0019753131188995797,-2.394705278443611e-06,0.3929449253300164,-0.18241399426244184,0.37201523054155233,5.919713466179546e-05,-0.45266628436818523,-0.02207767992571866,-0.3437210503657701,-0.18150218843590177,0.26219936293845236,-0.36123832551420515,0.08341853083373783,-0.15757229982122356,-0.008076588011806713,-0.005281387984635049,-0.00449418509451009,-4.733235423927752e-06
83.84000000000003,0.92,0.025,0.009797958971132711,0.5248792922602417,0.5278473586035246,0.4634728055800599,-0.21563087677670403,0.4392105594024782,6.960564394329466e-05,-0.004882125087595661,-0.0007062118251075809,-0.001976445562273242,-2.4056250004073627e-06,0.3922833826429627,-0.1825099741038023,0.3717478174782576,5.891421703360461e-05,-0.45210017173869976,-0.021667141396238373,-0.34347409304316234,-0.1813714984055178,0.26155597506628747,-0.36099449013118623,0.08346711657067553,-0.15766223348615138,-0.008076621199707902,-0.005281390205257864,-0.004499996303739818,-4.764001718878757e-06
84.0,0.92,0.025,0.009797958971132711,0.5248792922602417,0.5278473586035246,0.46269212118905334,-0.2157434674319344,0.4388944333707318,6.926940839620008e-05,-0.004876430316888946,-0.0007011732524997162,-0.0019775652958137725,-2.416527246801543e-06,0.3916226113744148,-0.1826052708343893,0.37148024840498745,5.862962726654375e-05,-0.4515344415423292,-0.021257610675926793,-0.3432269923796176,-0.18124073073740943,0.2609136240908309,-0.3607504267551665,0.08351516539954387,-0.15775115336467338,-0.008076654469684605,-0.005281392487858335,-0.004505788812948441,-4.794806589840707e-06
84.16000000000003,0.92,0.025,0.009797958971132711,0.5248792922602417,0.5278473586035246,0.4619123477130967,-0.21585525282095758,0.43857812505594823,6.893119439270568e-05,-0.004870738650401442,-0.0006961459946486647,-0.0019786723331884177,-2.427411800863475e-06,0.3909626111043651,-0.1826998859876585,0.3712125250473546,5.834336293398609e-05,-0.45096909413557423,-0.020849086140164855,-0.34297974997082226,-0.18110988627098853,0.2602723088685522,-0.3605061365567985,0.08356267787889304,-0.15783906055686786,-0.008076687821844437,-0.005281394832735873,-0.00451156259919211,-4.825649710764113e-06
84.32,0.92,0.025,0.009797958971132711,0.5248792922602417,0.5278473586035246,0.46113348465506926,-0.21596623475275792,0.43826163649514677,6.859099911273295e-05,-0.0048650500937005145,-0.0006911300343473265,-0.0019797666882546885,-2.438278446612917e-06,0.3903033814120506,-0.1827938210947343,0.37094464912949227,5.8055421649017174e-05,-0.4504041298731022,-0.02044156616612592,-0.34273236741107566,-0.18097896584498177,0.25963202825641,-0.3602616207042575,0.08360965457535219,-0.15792595617796734,-0.008076721256294793,-0.005281397240190862,-0.004517317639758571,-4.856530755038774e-06
84.48000000000002,0.92,0.025,0.009797958971132711,0.5248792922602417,0.5278473586035246,0.46035553151696124,-0.21607641503356795,0.43794496972356306,6.824881978371433e-05,-0.004859364652331813,-0.0006861253544061334,-0.0019808483750591776,-2.4491269688591586e-06,0.389644921875956,-0.18288707768441193,0.37067662237402377,5.7765801064935814e-05,-0.44983954910775137,-0.020035049132774742,-0.342484846293263,-0.1808479702974167,0.2589927811118542,-0.3600168803632451,0.08365609606358027,-0.15801184135826404,-0.008076754773142838,-0.005281399710524642,-0.004523053912166567,-4.887449395495398e-06
84.63999999999999,0.92,0.025,0.009797958971132711,0.5248792922602417,0.5278473586035246,0.45957848779987714,-0.21618579546687125,0.4376281267746155,6.790465368120741e-05,-0.004853682331819318,-0.0006811319376530414,-0.0019819174078363777,-2.459957153207828e-06,0.388987232073816,-0.18297965728315985,0.3704084465020346,5.7474498875773955e-05,-0.4492753521905338,-0.019629533420866898,-0.34223718820882804,-0.18071690046560843,0.25835456629282644,-0.35977191669699293,0.08370200292621667,-0.15809671724301508,-0.008076788372495508,-0.005281402244039518,-0.004528771394165214,-4.918405304406343e-06
84.80000000000001,0.92,0.025,0.009797958971132711,0.5248792922602417,0.5278473586035246,0.4588023530040395,-0.21629437785340533,0.43731110967986925,6.755849812958443e-05,-0.004848003137665382,-0.0006761497669335263,-0.001982973801007482,-2.4707687860675316e-06,0.38833031158261905,-0.1830715614151223,0.37014012323304135,5.718151281688027e-05,-0.4487115394706406,-0.01922501741294794,-0.3419893947477452,-0.18058575718614497,0.257717382657762,-0.3595267308662661,0.08374737575383133,-0.15818058499234655,-0.008076822054459504,-0.005281404841038758,-0.004534470063733371,-4.94939815348528e-06
84.96000000000004,0.92,0.025,0.009797958971132711,0.5248792922602417,0.5278473586035246,0.45802712662879236,-0.21640216399116438,0.4369939204690028,6.721035050248934e-05,-0.004842327075350769,-0.000671178825110582,-0.001984017569179203,-2.4815616546566345e-06,0.3876741599786099,-0.18316279160212154,0.369871654284964,5.688684066530698e-05,-0.4481481112954449,-0.018821499493352725,-0.3417414674984928,-0.18045454129487418,0.2570812290655914,-0.35928132402936663,0.08379221514487545,-0.15826344578115897,-0.008076855819141285,-0.005281407501826597,-0.004540149899079022,-4.980427613889588e-06
85.12,0.92,0.025,0.009797958971132711,0.5248792922602417,0.5278473586035246,0.45725280817260444,-0.2165091556754021,0.43667656116977327,6.686020822369761e-05,-0.004836654150334704,-0.0006662190950647145,-0.0019850487271425715,-2.492335547010013e-06,0.3870187768372924,-0.18325334936366036,0.3696030413740961,5.659048024053766e-05,-0.44758506801050607,-0.018418978048204436,-0.3414934080480261,-0.18032325362688986,0.2564461043757414,-0.3590356973421376,0.08383652170563137,-0.15834530079903097,-0.008076889666647082,-0.00528141022670824,-0.004545810878638625,-5.011493356218556e-06
85.28000000000003,0.92,0.025,0.009797958971132711,0.5248792922602417,0.5278473586035246,0.4564793971330724,-0.21661535469863438,0.436359033807982,6.650806876754998e-05,-0.004830984368054912,-0.0006612705596939382,-0.0019860672898717436,-2.503090251985706e-06,0.3863641617334325,-0.18334323621692414,0.369334286215076,5.629242940485431e-05,-0.44702240995957276,-0.018017451465413767,-0.34124521798174945,-0.18019189501651797,0.25581200744813715,-0.3587898519579661,0.08388029605016294,-0.15842615125012405,-0.008076923597082886,-0.005281413015989869,-0.004551452981076503,-5.04259505051583e-06
85.44,0.92,0.025,0.009797958971132711,0.5248792922602417,0.5278473586035246,0.4557068930069251,-0.21672076285064232,0.43604134040744114,6.615392965946808e-05,-0.0048253177339276565,-0.00065633320191377,-0.001987073272522795,-2.513825559271073e-06,0.3857103142410614,-0.18343245367678368,0.3690653905208582,5.599268606377378e-05,-0.44646013748458846,-0.017616918134678625,-0.34099689888349066,-0.1800604662973032,0.2551789371432027,-0.35854378902778694,0.08392353880026518,-0.15850599835308585,-0.008076957610554434,-0.005281415869978631,-0.004557076185284149,-5.073732366269907e-06
85.60000000000002,0.92,0.025,0.009797958971132711,0.5248792922602417,0.5278473586035246,0.4549352952900261,-0.2168253819184747,0.4357234829899389,6.57977884768264e-05,-0.004819654253347792,-0.0006514070046572273,-0.00198806669043252,-2.5245412593899282e-06,0.38505723393347807,-0.18352100325579698,0.3687963560026843,5.569124816678587e-05,-0.4458982509256932,-0.017217376447482762,-0.34074845233547335,-0.17992896830199545,0.25454689232186345,-0.358297509700087,0.08396625058541421,-0.15858484334095405,-0.008076991707167238,-0.005281418788982657,-0.004562680470379612,-5.104904972413214e-06
85.75999999999999,0.92,0.025,0.009797958971132711,0.5248792922602417,0.5278473586035246,0.4541646034773777,-0.21692921368645124,0.4354054635752067,6.543964284928756e-05,-0.004813993931688796,-0.0006464919508748223,-0.00198904755911723,-2.5352371437082534e-06,0.3844049203832525,-0.18360888646421233,0.368527184370055,5.5388113707636994e-05,-0.44533675062122935,-0.01681882479709534,-0.3404998799182905,-0.17979740186253626,0.25391587184554665,-0.35805101512090776,0.08400843204271707,-0.15866268746106027,-0.008077025887026548,-0.00528142177331105,-0.004568265815706826,-5.136112537323546e-06
85.92000000000002,0.92,0.025,0.009797958971132711,0.5248792922602417,0.5278473586035246,0.45339481706312407,-0.21703225993616485,0.4350872841808845,6.507949045949365e-05,-0.004808336774302816,-0.0006415880235345571,-0.001990015894271546,-2.545913004441163e-06,0.38375337316222824,-0.18369610480996992,0.36825787733070064,5.508328072491543e-05,-0.44477563690774397,-0.016421261578570014,-0.34025118321087794,-0.17966576781004534,0.25328587457618335,-0.3578043064338492,0.08405008381686153,-0.1587395319749334,-0.008077060150237368,-0.0052814248232739,-0.004573832200834956,-5.167354728824722e-06
86.07999999999998,0.92,0.025,0.009797958971132711,0.5248792922602417,0.5278473586035246,0.45262593554055486,-0.21713452244648498,0.43476894682248823,6.471732904370301e-05,-0.004802682786520713,-0.0006366952056219192,-0.0019909717117671823,-2.5565686346587305e-06,0.3831025918415257,-0.1837826597987049,0.3679884365905541,5.477674730259023e-05,-0.4442149101199937,-0.01602468518874415,-0.3400023637904879,-0.17953406697480742,0.25265689937620966,-0.3575573847800739,0.08409120656006512,-0.1588153781582021,-0.008077094496904457,-0.005281427939182271,-0.004579379605557715,-5.198631214185238e-06
86.24000000000001,0.92,0.025,0.009797958971132711,0.5248792922602417,0.5278473586035246,0.45185795840210835,-0.2172360029935601,0.4344504535133761,6.435315639214393e-05,-0.004797031973652099,-0.000631813480139878,-0.001991915027651744,-2.567203828292716e-06,0.38245257599154453,-0.1838685529337493,0.36771886385372154,5.446851157031062e-05,-0.4436545705909478,-0.015629094026237998,-0.3397534232326629,-0.17940230018625863,0.25202894510856816,-0.3573102512983097,0.0841318009320251,-0.1588902273004988,-0.008077128927132308,-0.005281431121348217,-0.004584908009892708,-5.229941660121989e-06
86.40000000000003,0.92,0.025,0.009797958971132711,0.5248792922602417,0.5278473586035246,0.45109088513937506,-0.21733670335082042,0.4341318062647154,6.398697034990364e-05,-0.0047913843409853885,-0.0006269428301088803,-0.001992845858147506,-2.577818380142488e-06,0.3818033251819671,-0.1839537857161344,0.36744916082245516,5.4158571704158446e-05,-0.4430946186517925,-0.015234486491454109,-0.33950436311120935,-0.17927046827297366,0.2514020106367095,-0.3570629071248542,0.08417186759986757,-0.1589640807053617,-0.008077163441025173,-0.005281434370084778,-0.004590417394080741,-5.261285732796592e-06
86.56,0.92,0.025,0.009797958971132711,0.5248792922602417,0.5278473586035246,0.45032471524310097,-0.21743662528898097,0.4338130070854494,6.36187688171721e-05,-0.004785739893787827,-0.0006220832385668437,-0.0019937642196502046,-2.5884120858808196e-06,0.38115483898176067,-0.1840383596445935,0.36717932919712437,5.384692592685447e-05,-0.4425350546319344,-0.01484086098657608,-0.33925518499817137,-0.17913857206265205,0.25077609482459345,-0.3568153533935777,0.08421140723809681,-0.15903693969013838,-0.008077198038687035,-0.005281437685705982,-0.004595907738585157,-5.2926630978182334e-06
86.72000000000003,0.92,0.025,0.009797958971132711,0.5248792922602417,0.5278473586035246,0.44955944820319116,-0.21753577057604415,0.43349405798226465,6.324854975005567e-05,-0.004780098637305546,-0.0006172346885691542,-0.001994670128727819,-2.5989847420608372e-06,0.380507116959181,-0.18412227621556376,0.36690937067618884,5.353357250844713e-05,-0.44197587885900447,-0.014448215915568413,-0.33900589046380536,-0.17900661238210547,0.25015119653669055,-0.35656759123592696,0.08425042052854469,-0.15910880558588797,-0.00807723272022162,-0.005281441068526847,-0.004601379024091141,-5.324073420243215e-06
86.88,0.92,0.025,0.009797958971132711,0.5248792922602417,0.5278473586035246,0.4487950835087128,-0.21763414097730263,0.4331749609595583,6.287631116093189e-05,-0.0047744605767635956,-0.0006123971631886603,-0.001995563602119344,-2.609536146121183e-06,0.37986015868177453,-0.18420553692318895,0.36663928695617015,5.321850976661275e-05,-0.4414170916588621,-0.014056549684175097,-0.3387564810765535,-0.17887459005724457,0.2495273146379833,-0.35631962178092863,0.08428890816031928,-0.15917967973728311,-0.008077267485732391,-0.005281444518863385,-0.004606831231505011,-5.355516364575285e-06
87.04000000000002,0.92,0.025,0.009797958971132711,0.5248792922602417,0.5278473586035246,0.44803162064789875,-0.21773173825534217,0.4328557180194053,6.2502051119167e-05,-0.004768825717365995,-0.0006075706455156689,-0.001996444656733583,-2.6200660963923795e-06,0.3792139637163815,-0.18428814325932164,0.3663690797316247,5.290173606726295e-05,-0.44085869335559824,-0.013665860699919085,-0.3385069584030187,-0.17874250591306576,0.24890444799396796,-0.35607144615519326,0.0843268708297545,-0.1592495635025133,-0.008077302335322552,-0.005281448037032607,-0.004612264341953557,-5.386991594764958e-06
87.19999999999999,0.92,0.025,0.009797958971132711,0.5248792922602417,0.5278473586035246,0.4472690591081511,-0.2178285641700444,0.4325363311615259,6.212576775148862e-05,-0.004763194064295763,-0.0006027551186579409,-0.0019973133096479116,-2.630574392102568e-06,0.3785685316291391,-0.18437009671352558,0.36609875069511555,5.258324982485997e-05,-0.44030068427153984,-0.01327614737210153,-0.33825732400793834,-0.17861036077363834,0.2482825954706554,-0.35582306548291787,0.08436430924035856,-0.15931845825318589,-0.008077337269095023,-0.005281451623352516,-0.004617678336783305,-5.4184987742110856e-06
87.36000000000001,0.92,0.025,0.009797958971132711,0.5248792922602417,0.5278473586035246,0.44650739837604436,-0.21792462047858951,0.43221680238325383,6.17474592426066e-05,-0.004757565622714974,-0.0005979505657406844,-0.001998169578107078,-2.6410608333835324e-06,0.37792386198548394,-0.18445139877307817,0.36582830153718604,5.2263049502942236e-05,-0.43974306472725344,-0.012887408111800886,-0.3380075794541596,-0.1784781554620917,0.24766175593457274,-0.35557448088589083,0.08440122410276371,-0.15938636537423032,-0.008077372287152475,-0.005281455278142115,-0.004623073197559866,-5.450037565760503e-06
87.51999999999998,0.92,0.025,0.009797958971132711,0.5248792922602417,0.5278473586035246,0.44574663793732844,-0.2180199089354591,0.43189713367950394,6.136712383578564e-05,-0.004751940397764786,-0.0005931569699065532,-0.001999013479521952,-2.6515252212762325e-06,0.3772799543501548,-0.1845320509229726,0.3655577339463322,5.194113361460897e-05,-0.43918583504154857,-0.012499641331872105,-0.3377577263026134,-0.17834589080060248,0.2470419282527649,-0.35532569348349424,0.08443761613467426,-0.1594532862637977,-0.008077407389597287,-0.005281459001721411,-0.00462844890606717,-5.481607631707126e-06
87.68,0.92,0.025,0.009797958971132711,0.5248792922602417,0.5278473586035246,0.44498677727693253,-0.21811443129243915,0.4315773270427404,6.0984759833229875e-05,-0.004746318394565492,-0.0005883743143156399,-0.0019998450314683163,-2.6619673577366507e-06,0.3766368082871957,-0.1846120546459205,0.36528704960897546,5.1617500722845766e-05,-0.438628995531482,-0.012112845446945809,-0.33750776611228983,-0.1782135676103816,0.24642311129279554,-0.355076704392708,0.08447348606081583,-0.15951922233316437,-0.008077442576531577,-0.0052814627944114175,-0.004633805444306786,-5.513208633793804e-06
87.84000000000003,0.92,0.025,0.009797958971132711,0.5248792922602417,0.5278473586035246,0.4442278158789684,-0.21820818929862248,0.43125738446294454,6.060036559674112e-05,-0.004740699618216555,-0.0005836025821454705,-0.002000664251685635,-2.6723870456412674e-06,0.3759944233599589,-0.18469141142235407,0.3650162502094363,5.129214944108169e-05,-0.4380725465123614,-0.01172701887342752,-0.33725770044021275,-0.1780811867116618,0.24580530392274874,-0.3548275147281133,0.0845088346128841,-0.15958417500663313,-0.008077477848057178,-0.005281466656534146,-0.0046391427944972065,-5.544840233210468e-06
88.0,0.92,0.025,0.009797958971132711,0.5248792922602417,0.5278473586035246,0.44346975322673343,-0.21830118470041182,0.4309373079275838,6.021393954816216e-05,-0.0047350840737966585,-0.0005788417565910018,-0.00200147115807583,-2.682784088793041e-06,0.3753527991311072,-0.1847701227304286,0.36474533742990695,5.096507843356446e-05,-0.43751648829774875,-0.011342160029496838,-0.33700753084141494,-0.1779487489236849,0.2451885050112304,-0.3545781256018963,0.08454366252949364,-0.15964814572143549,-0.008077513204275648,-0.00528147058841262,-0.004644460939073125,-5.576502090595787e-06
88.16000000000003,0.92,0.025,0.009797958971132711,0.5248792922602417,0.5278473586035246,0.4427125888027138,-0.21839341924152242,0.43061709942158005,5.9825480169836825e-05,-0.004729471766363736,-0.0005740918208646138,-0.002002265768702048,-2.6931582919264375e-06,0.37471193516261697,-0.1848481900460246,0.36447431295042537,5.063628641574989e-05,-0.4369608211994646,-0.010958267335106527,-0.33675725886891333,-0.1778162550646891,0.24457271342736925,-0.3543285381238511,0.0845779705561264,-0.15971113592763292,-0.008077548645288262,-0.00528147459037088,-0.004649759860684707,-5.608193866036515e-06
88.32,0.92,0.025,0.009797958971132711,0.5248792922602417,0.5278473586035246,0.44195632208858865,-0.2184848946629849,0.43029676092727814,5.943498600510437e-05,-0.004723862700955022,-0.000569352758196108,-0.0020030481017874343,-2.7035094607132556e-06,0.37407183101578145,-0.18492561484275044,0.36420317844884825,5.030577215472034e-05,-0.43640554552759164,-0.010575339211982003,-0.3365068860736842,-0.17768370595189653,0.24395792804081856,-0.35407875340138384,0.08461175944508048,-0.15977314708801896,-0.00807758417119601,-0.005281478662733968,-0.004655039542196878,-5.639915219068363e-06
88.48000000000002,0.92,0.025,0.009797958971132711,0.5248792922602417,0.5278473586035246,0.44120095256523234,-0.21857561270314801,0.429976294424415,5.904245565899425e-05,-0.00471825688258709,-0.0005646245518326988,-0.002003818175713904,-2.7138374017676475e-06,0.37343248625121267,-0.18500239859194448,0.3639319356008249,4.997353446977273e-05,-0.435850661590478,-0.010193374083620112,-0.33625641400463885,-0.17755110240150082,0.24334414772175733,-0.35382877253951617,0.08464502995541877,-0.1598341806780205,-0.008077619782099593,-0.0052814828058279474,-0.004660299966688582,-5.6716658086728964e-06
88.63999999999999,0.92,0.025,0.009797958971132711,0.5248792922602417,0.5278473586035246,0.44044647971271844,-0.2186655750976816,0.42965570189008917,5.8647887798373414e-05,-0.004712654316255891,-0.0005599071850390116,-0.0020045760090209113,-2.724141922652046e-06,0.3727939004288449,-0.18507854276267774,0.3636605860797715,4.963957223254326e-05,-0.4352961696947418,-0.009812370375288445,-0.3360058442085995,-0.17741844522865505,0.2427313713408915,-0.3535785966408883,0.08467778285291756,-0.15989423818559975,-0.008077655478099424,-0.005281487019979895,-0.004665541117452049,-5.703445293282506e-06
88.80000000000001,0.92,0.025,0.009797958971132711,0.5248792922602417,0.5278473586035246,0.43969290301032277,-0.21875478357957917,0.42933498529872866,5.8251281152684645e-05,-0.004707055006936804,-0.000555200641097077,-0.0020053216204042237,-2.7344228318817714e-06,0.3721560731079372,-0.18515404882175582,0.36338913155684394,4.9303884367632286e-05,-0.4347420701452741,-0.0094323265140246,-0.335755178230274,-0.17728573524745844,0.24211959776945574,-0.35332822680576315,0.08471001891001527,-0.15995332111115584,-0.008077691259295626,-0.0052814913055179115,-0.004670762977992085,-5.7352533307760125e-06
88.96000000000004,0.92,0.025,0.009797958971132711,0.5248792922602417,0.5278473586035246,0.43894022193652676,-0.21884323987916068,0.4290141466220623,5.7852634514298906e-05,-0.004701458959584666,-0.0005505049033063238,-0.0020060550287146783,-2.744679938930612e-06,0.37151900384707626,-0.18522891823372162,0.3631175737009135,4.8966469852902596e-05,-0.4341883632452433,-0.009053240928635322,-0.335504417612233,-0.17715297327094537,0.24150882587921405,-0.35307766413202923,0.08474173890576052,-0.16001143096742557,-0.008077727125788029,-0.005281495662771115,-0.004675965532025282,-5.767089578480718e-06
89.12,0.92,0.025,0.009797958971132711,0.5248792922602417,0.5278473586035246,0.4381884359690207,-0.21893094572407543,0.4286931878290876,5.74519467389837e-05,-0.004695866179133816,-0.0005458199549835766,-0.0020067762529569697,-2.754913054236218e-06,0.37088269220417913,-0.18530315246085746,0.3628459141785398,4.862732771987581e-05,-0.4336350492960982,-0.008675112049695562,-0.3352535638948852,-0.1770201601110721,0.24089905454246174,-0.35282690971520464,0.08477294362576143,-0.16006856927938626,-0.008077763077676157,-0.0052815000920696424,-0.004681148763479337,-5.798953693172882e-06
89.28000000000003,0.92,0.025,0.009797958971132711,0.5248792922602417,0.5278473586035246,0.43743754458470685,-0.21901790283930483,0.4283721108860415,5.7049216746444295e-05,-0.004690276670498147,-0.0005411457794630496,-0.0020074853122884016,-2.7651219892043675e-06,0.37024713773649587,-0.18537675296318762,0.36257415465394555,4.828645705419045e-05,-0.43308212859757234,-0.00829793830954785,-0.3350026186164536,-0.17688729657870542,0.2402902826320266,-0.3525759646484405,0.08480363386213344,-0.160124737584156,-0.008077799115059245,-0.005281504593744669,-0.004686312656492258,-5.83084533107481e-06
89.44,0.92,0.025,0.009797958971132711,0.5248792922602417,0.5278473586035246,0.43668754725970316,-0.21910411294716514,0.4280509177563701,5.664444352060801e-05,-0.00468469043857113,-0.0005364823600963418,-0.0020081822260176723,-2.7753065562149266e-06,0.36961234000061277,-0.18544972119848058,0.3623022967889917,4.794385699584262e-05,-0.43252960144768704,-0.007921718142301193,-0.3347515833129521,-0.17675438348361008,0.23968250902126992,-0.3523248300225241,0.08483381041344851,-0.16017993743089648,-0.008077835238036225,-0.005281509168128388,-0.004691457195411655,-5.86276414785875e-06
89.60000000000002,0.92,0.025,0.009797958971132711,0.5248792922602417,0.5278473586035246,0.4359384434693461,-0.21918957776731016,0.42772961040069885,5.623762611024825e-05,-0.004679107488225867,-0.0005318296802524303,-0.002008867013603626,-2.785466568626179e-06,0.36897829855245456,-0.18552205862225132,0.3620303422431515,4.7599526739714125e-05,-0.4319774681427559,-0.00754644998383058,-0.33450045951816176,-0.1766214216344372,0.23907573258408804,-0.35207350692588274,0.08486347408468296,-0.16023417038071303,-0.008077871446705716,-0.00528151381555402,-0.004696582364793957,-5.8947097986433705e-06
89.75999999999999,0.92,0.025,0.009797958971132711,0.5248792922602417,0.5278473586035246,0.43519023268819407,-0.21927429901673434,0.42740819077680275,5.582876362930602e-05,-0.004673527824315127,-0.0005271877233176676,-0.0020095396946540347,-2.795601840780078e-06,0.3683450129472875,-0.18559376668776395,0.36175829267348586,4.725346553584462e-05,-0.4314257289773877,-0.007172132271775667,-0.3342492487636077,-0.17648841183871203,0.2384699521949136,-0.3518219964445871,0.08489262568716645,-0.16028743800655723,-0.008077907741166042,-0.005281518536355829,-0.004701688149403678,-5.926681937995732e-06
89.92000000000002,0.92,0.025,0.009797958971132711,0.5248792922602417,0.5278473586035246,0.4344429143900307,-0.21935827840977512,0.4270866608395766,5.541785525733247e-05,-0.0046679514516713904,-0.0005225564726957745,-0.0020102002889243646,-2.8057121880068286e-06,0.367712482739722,-0.18566484684603368,0.3614861497346176,4.690567268980621e-05,-0.43087438424449065,-0.006798763445540503,-0.33399795257853476,-0.17635535490282217,0.23786516672871702,-0.3515702996623549,0.08492126603853055,-0.16033974189312833,-0.00807794412151521,-0.005281523330869099,-0.00470677453421267,-5.958680219930457e-06
90.07999999999998,0.92,0.025,0.009797958971132711,0.5248792922602417,0.5278473586035246,0.43369648804786803,-0.21944151765811606,0.4267650225410064,5.5004900239965124e-05,-0.004662378375106886,-0.0005179359118078368,-0.002010848816316546,-2.815797426629927e-06,0.3670807074837155,-0.18573530054582946,0.3612139150787078,4.655614756310648e-05,-0.43032343423527597,-0.0064263419462922055,-0.3337465724898863,-0.1762222516320062,0.23726137506100753,-0.3513184176605541,0.08494939596265706,-0.16039108363677468,-0.008077980587850912,-0.005281528199430163,-0.00471184150439935,-5.990704297909644e-06
90.24000000000001,0.92,0.025,0.009797958971132711,0.5248792922602417,0.5278473586035246,0.4329509531339497,-0.21952401847078945,0.4264432778301395,5.4589897889240954e-05,-0.0046568085994136334,-0.0005133260240922973,-0.002011485296877738,-2.8258573739702845e-06,0.36644968673257505,-0.1858051292336762,0.3609415903554301,4.620488957345355e-05,-0.4297728792392612,-0.0060548662169602335,-0.3334951100222795,-0.1760891028303413,0.23665857606783455,-0.35106635151820653,0.08497701628962659,-0.16044146484539512,-0.00807801714027054,-0.0052815331423763864,-0.004716889045347943,-6.022753824842536e-06
90.40000000000003,0.92,0.025,0.009797958971132711,0.5248792922602417,0.5278473586035246,0.4322063091197544,-0.21960578255417904,0.426121428653056,5.4172847584103335e-05,-0.004651242129363484,-0.0005087267930049534,-0.0020121097507991106,-2.835891848351968e-06,0.3658194200389601,-0.18587433435385714,0.36066917721194663,4.585189819518506e-05,-0.42922271954427454,-0.005684334702235939,-0.3332435666979833,-0.17595590930073204,0.23605676862578906,-0.35081410231199145,0.08500412785566736,-0.16049088713834134,-0.008078053778871152,-0.005281538160046175,-0.004721917142647737,-6.054828453086863e-06
90.56,0.92,0.025,0.009797958971132711,0.5248792922602417,0.5278473586035246,0.4314625554759987,-0.21968681161202305,0.42579947695284015,5.3753748770783236e-05,-0.004645678969708161,-0.0005041382020189496,-0.0020127221984146027,-2.845900669105613e-06,0.36518990695488535,-0.1859429173484163,0.36039667729288394,4.549717295959093e-05,-0.4286729554364578,-0.005314745848570967,-0.33299194403689597,-0.175822671844899,0.23545595161200467,-0.3505616711162487,0.08503073150310353,-0.16053935214631873,-0.008078090503749495,-0.00528154325277898,-0.004726925782092291,-6.086927834446224e-06
90.72000000000003,0.92,0.025,0.009797958971132711,0.5248792922602417,0.5278473586035246,0.43071969167264074,-0.21976710734541666,0.425477424669551,5.333260096312739e-05,-0.0046401191251793025,-0.0004995602346247729,-0.002013322660199703,-2.8558836565735993e-06,0.36456114703172315,-0.18601087965716068,0.360124092240308,4.514071345519102e-05,-0.42812358720027055,-0.004946098104177154,-0.3327402435565218,-0.1756893912633666,0.2348561239041593,-0.35030905900298276,0.08505682808030388,-0.16058686151128898,-0.008078127315001992,-0.005281548420915294,-0.004731914949678701,-6.119051620172241e-06
90.88,0.92,0.025,0.009797958971132711,0.5248792922602417,0.5278473586035246,0.429977717178883,-0.21984667145281495,0.42515527374019535,5.290940374302896e-05,-0.004634562600488496,-0.0004949928743302483,-0.0020139111567702263,-2.8658406321144386e-06,0.3639331398202066,-0.18607822271766258,0.3598514236937014,4.478251932809971e-05,-0.42757461511849365,-0.004578389919025209,-0.33248846677194993,-0.17555606835545257,0.234257284380476,-0.35005626704186565,0.08508241844163081,-0.16063341688637184,-0.008078164212724743,-0.005281553664796662,-0.00473688463160682,-6.1511994609637946e-06
91.04000000000002,0.92,0.025,0.009797958971132711,0.5248792922602417,0.5278473586035246,0.4292366314631758,-0.2199255056300356,0.424833026098698,5.248415676087663e-05,-0.004629009400327326,-0.0004904361046605324,-0.002014487708881067,-2.875771418106917e-06,0.363305884870432,-0.18614494796526215,0.359578673289938,4.4422590282405985e-05,-0.4270260394722329,-0.004211619744843983,-0.3322366151958307,-0.1754227039192557,0.23365943191972452,-0.34980329630024054,0.08510750344738821,-0.1606790199357457,-0.008078201197013518,-0.005281558984765675,-0.0047418348142784705,-6.183371006965586e-06
91.19999999999999,0.92,0.025,0.009797958971132711,0.5248792922602417,0.5278473586035246,0.4284964339932205,-0.22000361157026185,0.42451068367587524,5.205685973581976e-05,-0.004623459529367412,-0.0004858899091581085,-0.0020150523374250005,-2.8856758379548044e-06,0.36267938173186187,-0.18621105683306965,0.3593058426632608,4.406092608039785e-05,-0.4264778605409226,-0.0038457860351196384,-0.33198469033835504,-0.1752892987516456,0.23306256540122258,-0.34955014784312577,0.08513208396377109,-0.1607236723345519,-0.00807823826796376,-0.005281564381165979,-0.004746765484296709,-6.215565907770083e-06
91.36000000000001,0.92,0.025,0.009797958971132711,0.5248792922602417,0.5278473586035246,0.4277571242359724,-0.22008099096404493,0.42418824839940583,5.1627512456061085e-05,-0.004617912992260444,-0.0004813542713827799,-0.002015605063431442,-2.8955537160908524e-06,0.36205362995332707,-0.18627655075196764,0.3590329334452571,4.3697526542810104e-05,-0.4259300786023294,-0.0034808872450947793,-0.33173269370723146,-0.17515585364825026,0.23246668370483667,-0.3492968227332171,0.08515616086281384,-0.16076737576879502,-0.008078275425670576,-0.005281569854342268,-0.004751676628465038,-6.247783812417637e-06
91.51999999999998,0.92,0.025,0.009797958971132711,0.5248792922602417,0.5278473586035246,0.4270187016576443,-0.22015764549930714,0.4238657221938043,5.119611477949327e-05,-0.004612369793638231,-0.0004768291749116666,-0.0020161459080652254,-2.905404877980865e-06,0.36142862908303014,-0.18634143115061358,0.358759947264836,4.333239154936311e-05,-0.4253826939325556,-0.003116921831767655,-0.33148062680766494,-0.1750223694034461,0.23187178571098405,-0.3490433220308925,0.08517973502233891,-0.16081013193524557,-0.008078312670228738,-0.005281575404640296,-0.00475656823378662,-6.280024369392951e-06
91.68,0.92,0.025,0.009797958971132711,0.5248792922602417,0.5278473586035246,0.42628116572370933,-0.2202335768613445,0.4235431069803931,5.076266663373766e-05,-0.004606829938112736,-0.000472314603339198,-0.0020166748926253855,-2.9152291501282926e-06,0.3608043786685476,-0.186405699455442,0.35848688574820475,4.296552103879556e-05,-0.42483570680604327,-0.0027538882538910153,-0.3312284911423354,-0.17488884681034642,0.2312778703006334,-0.3487896467942147,0.08520280732590613,-0.1608519425413425,-0.008078350001732681,-0.005281581032406875,-0.004761440287463526,-6.312287226629562e-06
91.84000000000003,0.92,0.025,0.009797958971132711,0.5248792922602417,0.5278473586035246,0.42554451589890446,-0.22030878673282947,0.423220404677275,5.032716801672947e-05,-0.004601293430276116,-0.00046781054027710873,-0.002017192038543929,-2.9250263600779557e-06,0.36018087825683276,-0.18646935709066687,0.3582137505188456,4.259691500935983e-05,-0.42428911749557735,-0.002391784971971657,-0.33097628821137526,-0.17475528666079002,0.23068493635530637,-0.3485357980789351,0.08522537866276088,-0.160892809305095,-0.008078387420276502,-0.005281586737989879,-0.004766292776895938,-6.344572031506236e-06
92.0,0.92,0.025,0.009797958971132711,0.5248792922602417,0.5278473586035246,0.4248087516472334,-0.22038327679381384,0.4228976171993074,4.988961899686295e-05,-0.004595760274700767,-0.00046331696935443116,-0.0020176973673846276,-2.934796336420057e-06,0.3595581273942184,-0.18653240547828404,0.3579405431974938,4.2226573518944804e-05,-0.42374292627228966,-0.00203061044826928,-0.3307240195123501,-0.17462168974533138,0.2300929827570788,-0.34828177693849705,0.08524744992778384,-0.1609327339549859,-0.00807842492595395,-0.00528159252173824,-0.004771125689681393,-6.3768784308490165e-06
92.16000000000003,0.92,0.025,0.009797958971132711,0.5248792922602417,0.5278473586035246,0.4240738724319698,-0.22045704872173144,0.42257474645807364,4.945001971342105e-05,-0.004590230475939358,-0.0004588338742174925,-0.0020181909008417914,-2.9445389087944576e-06,0.35893612562641924,-0.1865948460380735,0.3576672654021135,4.185449668543958e-05,-0.4231971334056622,-0.001670363146795587,-0.3304716865402353,-0.17448805685322857,0.22950200838858173,-0.3480275844240391,0.08526902202143956,-0.16097171822987363,-0.00807846251885843,-0.005281598384001964,-0.004775939013613999,-6.409206070930846e-06
92.32,0.92,0.025,0.009797958971132711,0.5248792922602417,0.5278473586035246,0.4233398777156606,-0.22053010419140076,0.4222517943618585,4.900837037689929e-05,-0.004584704038524873,-0.0004543612385299067,-0.0020186726607390516,-2.9542539078939823e-06,0.35831487249853516,-0.18665668018760162,0.35739391874787707,4.148068468700756e-05,-0.42265173916353116,-0.0013110415333137241,-0.3302192907873973,-0.17435438877243378,0.22891201213300288,-0.3477732215843987,0.08529009584972536,-0.16100976387889496,-0.008078500199082995,-0.005281604325132109,-0.00478073273668364,-6.441554597470086e-06
92.48000000000002,0.92,0.025,0.009797958971132711,0.5248792922602417,0.5278473586035246,0.422606766960129,-0.2206024448750279,0.4219287628156196,4.8564671269279147e-05,-0.004579180966970653,-0.0004498990459725704,-0.0020191426690281517,-2.963941165468901e-06,0.3576943675550532,-0.18671790934222363,0.3571205048471404,4.110513776231787e-05,-0.4221067438120902,-0.0009526440753371048,-0.3299668337435708,-0.17422068628958143,0.22832299287408778,-0.3475186894661158,0.08531067232412089,-0.16104687266136813,-0.008078537966720357,-0.005281610345480817,-0.004785506847075225,-6.473923655632535e-06
92.63999999999999,0.92,0.025,0.009797958971132711,0.5248792922602417,0.5278473586035246,0.4218745396264775,-0.2206740724422094,0.42160565372096315,4.811892274431479e-05,-0.0045736612657704375,-0.0004454472802436565,-0.0020196009477877275,-2.9736005143303024e-06,0.35707461033985055,-0.18677853491508606,0.35684702530942325,4.072785621078804e-05,-0.42156214761589406,-0.000595169242128575,-0.3297143168958396,-0.17408695018997866,0.22773494949614104,-0.3472639891134359,0.0853307523615369,-0.16108304634669565,-0.008078575821862865,-0.005281616445401295,-0.004790261333167876,-6.506312890030692e-06
92.80000000000001,0.92,0.025,0.009797958971132711,0.5248792922602417,0.5278473586035246,0.42114319517509136,-0.22074498855993482,0.4212824689761163,4.767112522791443e-05,-0.004568144939398394,-0.00044100592505860953,-0.0020200475192220977,-2.9832317883537762e-06,0.35645560039619734,-0.18683855831712884,0.35657348174138487,4.0348840392906775e-05,-0.42101795083786236,-0.00023861550469958097,-0.32946174172861514,-0.17395318125759407,0.2271478808840275,-0.3470091215683135,0.08535033688426452,-0.16111828671426723,-0.008078613764602503,-0.005281622625247819,-0.004794996183534171,-6.5387219447228305e-06
92.96000000000004,0.92,0.025,0.009797958971132711,0.5248792922602417,0.5278473586035246,0.4204127330656413,-0.2208151948925895,0.4209592104759029,4.72212792183554e-05,-0.004562631992309174,-0.0004365749641501373,-0.002020482405660062,-2.9928348224831784e-06,0.3558373372667588,-0.18689798095708776,0.3562998757468042,3.996809073041601e-05,-0.420474153739283,0.00011701866419059446,-0.3292091097236174,-0.1738193802750477,0.2265617859231735,-0.3467540878704159,0.0853694268199252,-0.16115259555336406,-0.008078651795030919,-0.005281628885375753,-0.004799711386939357,-6.5711504632141565e-06
93.12,0.92,0.025,0.009797958971132711,0.5248792922602417,0.5278473586035246,0.41968315275708706,-0.22088469310195757,0.42063588011171676,4.6769385286553054e-05,-0.004557122428937939,-0.000432154381268209,-0.002020905629553681,-3.0024094527340974e-06,0.3552198204935985,-0.1869568042414969,0.35602620892655706,3.958560770653851e-05,-0.4199307565798158,0.00047173479003604626,-0.3289564223598536,-0.17368554802360067,0.2259766634995681,-0.34649888905712617,0.08538802310141917,-0.16118597466306095,-0.008078689913239375,-0.005281635226141532,-0.004804406932340559,-6.603598088456797e-06
93.28000000000003,0.92,0.025,0.009797958971132711,0.5248792922602417,0.5278473586035246,0.4189544537076804,-0.22095348484722427,0.4203124797714965,4.6315444076425554e-05,-0.004551616253700405,-0.00042774416018004645,-0.002021317213477078,-3.0119555161975587e-06,0.35460304961818073,-0.18701502957469063,0.3557524828785946,3.920139186628659e-05,-0.41938775961749625,0.00082553439658449,-0.3287036811135984,-0.17355168528314457,0.2253925124997642,-0.346243526163547,0.08540612666687564,-0.16121842585213075,-0.008078728119318779,-0.005281641647902663,-0.004809082808886005,-6.636064462849316e-06
93.44,0.92,0.025,0.009797958971132711,0.5248792922602417,0.5278473586035246,0.4182266353749677,-0.22102157178497928,0.4199890113397009,4.585945630501031e-05,-0.004546113470992886,-0.0004233442846701193,-0.0020217171801252404,-3.0214728510432386e-06,0.3539870241813727,-0.18707265835880646,0.35547869919792285,3.881544381656073e-05,-0.41884516310873854,0.0011784190058391018,-0.32845088745837514,-0.17341779283219189,0.2248093318108799,-0.34598800022250376,0.08542373845960223,-0.16124995093894845,-0.008078766413359676,-0.005281648151017755,-0.0048137390059142535,-6.668549228237969e-06
93.60000000000002,0.92,0.025,0.009797958971132711,0.5248792922602417,0.5278473586035246,0.41749969721579394,-0.22108895556921895,0.41966547669728294,4.540142276292655e-05,-0.0045406140851923255,-0.0004189547385401391,-0.002022105552312803,-3.030961296522903e-06,0.353371743723448,-0.18712969199378693,0.3552048594765803,3.8427764226541035e-05,-0.41830296730834016,0.0015303901380584125,-0.32819804286493465,-0.17328387144786503,0.2242271203205994,-0.34573231226454787,0.08544085942803424,-0.1612805517513939,-0.008078804795452227,-0.0052816547358464794,-0.004818375512953388,-6.70105202591467e-06
93.75999999999999,0.92,0.025,0.009797958971132711,0.5248792922602417,0.5278473586035246,0.4167736386863051,-0.22115563785134934,0.41934187772166637,4.494134431444143e-05,-0.0045351181006563455,-0.00041457550560905433,-0.002022482352972863,-3.040420692973714e-06,0.3527572077840887,-0.1871861318773821,0.35493096530361845,3.8038353827743225e-05,-0.41776117246948413,0.001881449311757768,-0.3279451488012372,-0.17314992190588738,0.22364587691717475,-0.345476463317961,0.08545749052568484,-0.1613102301267572,-0.008078843265686232,-0.005281661402749614,-0.004822992319720245,-6.733572496619189e-06
93.92000000000002,0.92,0.025,0.009797958971132711,0.5248792922602417,0.5278473586035246,0.41604845924195144,-0.221221620280189,0.41901821628672004,4.4479221897804336e-05,-0.004529625521723276,-0.00041020656971304316,-0.0020228476051557835,-3.0498508818216743e-06,0.35214341590238774,-0.18724197940515197,0.35465701826507984,3.764721341430159e-05,-0.41721977884374356,0.002231598043710367,-0.32769220673243227,-0.1730159449805723,0.22306560048942622,-0.345220454408757,0.08547363271109494,-0.16133898791164275,-0.008078881824151105,-0.005281668152089016,-0.00482758941611965,-6.766110280538777e-06
94.07999999999998,0.92,0.025,0.009797958971132711,0.5248792922602417,0.5278473586035246,0.41532415833749087,-0.22128690450197155,0.41869449426273403,4.401505652547029e-05,-0.004524136352712202,-0.0004058479147055082,-0.0020232013320279837,-3.0592517055844427e-06,0.3515303676168523,-0.18729723597046874,0.3543830199439781,3.7254343843158054e-05,-0.416678786681085,0.002580837848947506,-0.32743921812083976,-0.17288194144481406,0.22248628992674435,-0.3449642865606868,0.08548928694778254,-0.16136682696187296,-0.008078920470935882,-0.0052816749842276274,-0.004832166792243593,-6.798665017307583e-06
94.24000000000001,0.92,0.025,0.009797958971132711,0.5248792922602417,0.5278473586035246,0.41460073542699144,-0.22135149216034855,0.41837071351639515,4.354884928428154e-05,-0.004518650597923002,-0.00040149952445707096,-0.0020235435568707596,-3.0686230078747613e-06,0.3509180624654056,-0.18735190296451903,0.35410897192027685,3.68597460342159e-05,-0.41613819622987147,0.0029291702407600716,-0.3271861844259308,-0.17274791207007753,0.2219079441190906,-0.3447079607952411,0.08550445420419314,-0.16139374914239374,-0.00807895920612923,-0.005281681899529504,-0.004836724438370475,-6.8312363460081555e-06
94.40000000000003,0.92,0.025,0.009797958971132711,0.5248792922602417,0.5278473586035246,0.413878189963835,-0.2214153848963922,0.4180468759107641,4.308060133576383e-05,-0.004513168261636382,-0.0003971613828555652,-0.002023874303079102,-3.0779646334036336e-06,0.35030649998539,-0.18740598177630638,0.35383487577087075,3.6463420970590506e-05,-0.4155980077368667,0.003276596730699199,-0.32693310710430995,-0.17261385762638895,0.22133056195699846,-0.34445147813165355,0.08551913545365038,-0.16141975632718003,-0.00807899802981942,-0.005281688898359778,-0.0048412623449643425,-6.863823905171054e-06
94.56,0.92,0.025,0.009797958971132711,0.5248792922602417,0.5278473586035246,0.41315652140072,-0.22147858434859838,0.41772298330525054,4.261031391630327e-05,-0.004507689348113921,-0.0003928334738060313,-0.0020241935941604865,-3.0872764279826825e-06,0.3496956797135694,-0.18745947379265368,0.3535607330695641,3.606536969875909e-05,-0.4150582214472384,0.003623118828577244,-0.3266799876096949,-0.1724797788823259,0.22075414233157517,-0.3441948395869046,0.08553333167430513,-0.1614448503991392,-0.00807903694209433,-0.005281695981084687,-0.004845780502674048,-6.896427332774028e-06
94.72000000000003,0.92,0.025,0.009797958971132711,0.5248792922602417,0.5278473586035246,0.4124357291896646,-0.22154109215288872,0.41739903755558977,4.21379883373113e-05,-0.004502213861598105,-0.0003885157812307103,-0.002024501453733713,-3.096558238527897e-06,0.34908560118613213,-0.18751238039820503,0.3532865453870512,3.5665593328700284e-05,-0.41451883760456176,0.003968738042468337,-0.32642682739289913,-0.1723456766050078,0.22017868413450215,-0.34393804617572477,0.08554704384908693,-0.16146903325001805,-0.008079075943041455,-0.005281703148071567,-0.004850278902332539,-6.9290462662447264e-06
94.88,0.92,0.025,0.009797958971132711,0.5248792922602417,0.5278473586035246,0.4117158127820094,-0.22160290994261417,0.4170750405138206,4.166362598549678e-05,-0.004496741806312372,-0.0003842082890690373,-0.002024797905527706,-3.1058099130619993e-06,0.3484762639386928,-0.18756470297542865,0.3530123142908978,3.526409303412448e-05,-0.41397985645082247,0.004313455878710052,-0.32617362790181403,-0.1722115515600869,0.21960418625803677,-0.34368109891059784,0.08556027296565359,-0.1614923067803073,-0.008079115032747901,-0.005281710399688861,-0.004854757534956005,-6.961680342458914e-06
95.04000000000002,0.92,0.025,0.009797958971132711,0.5248792922602417,0.5278473586035246,0.4109967716284211,-0.2216640393485572,0.41675099402826066,4.1187228322967545e-05,-0.004491273186461146,-0.0003799109812776371,-0.0020250829733803504,-3.115031300717285e-06,0.3478676675062956,-0.18761644290461882,0.35273804134551984,3.486087005255973e-05,-0.4134412782264215,0.004657273841903401,-0.32592039058138933,-0.1720774045117384,0.21903064759501326,-0.3434239988017645,0.08557302001634251,-0.16151467289914828,-0.008079154211300371,-0.005281717736306112,-0.0048592163917431696,-6.994329197741969e-06
95.19999999999999,0.92,0.025,0.009797958971132711,0.5248792922602417,0.5278473586035246,0.4102786051788951,-0.22172448199893466,0.41642689994348503,4.07087968875091e-05,-0.004485808006229877,-0.00037562384183031596,-0.002025356681237307,-3.1242222517387284e-06,0.34725981142341683,-0.1876676015638983,0.35246372811216575,3.445592568558771e-05,-0.4129031031701773,0.005000193434914473,-0.3256671168736166,-0.1719432362226514,0.21845806703884382,-0.3431667468572256,0.08558528599812076,-0.16153613352423818,-0.008079193478785171,-0.00528172515829397,-0.004863655464074451,-7.026992467868977e-06
95.36000000000001,0.92,0.025,0.009797958971132711,0.5248792922602417,0.5278473586035246,0.4095613128827586,-0.22178423951940068,0.4161027601003025,4.0228333292674155e-05,-0.004480346269785082,-0.00037134685471805706,-0.0020256190531508385,-3.1333826174861566e-06,0.3466526952239669,-0.18771818032922075,0.35218937614889606,3.4049261298919404e-05,-0.4123653315193301,0.005342216158874809,-0.3254138082175107,-0.17180904745401962,0.21788644348351988,-0.3429093440827453,0.08559707191253606,-0.1615566905817366,-0.008079232835288204,-0.005281732666024197,-0.004868074743511213,-7.059669788064938e-06
95.52000000000004,0.92,0.025,0.009797958971132711,0.5248792922602417,0.5278473586035246,0.4088448941886738,-0.22184331353304937,0.4157785763357342,3.974583922800546e-05,-0.004474887981274383,-0.0003670800039490136,-0.0020258701132786485,-3.142512250437225e-06,0.3460463184412935,-0.187768180574373,0.3519149870105654,3.364087832258382e-05,-0.41182796350954504,0.005683343513182755,-0.32516046604909243,-0.17167483896553248,0.21731577582361325,-0.34265179148185515,0.0856083787656679,-0.16157634600617235,-0.008079272280894969,-0.005281740259869662,-0.004872474221794979,-7.0923607930053935e-06
95.68,0.92,0.025,0.009797958971132711,0.5248792922602417,0.5278473586035246,0.4081293485446405,-0.22190170566041734,0.4154543504829902,3.9261316459115195e-05,-0.004469433144826544,-0.00036282327354850277,-0.002026109885882707,-3.1516110041898414e-06,0.3454406806081837,-0.18781760367097725,0.3516405622488029,3.32307782509951e-05,-0.4112909993749158,0.006023576995504059,-0.32490709180137106,-0.17154061151536573,0.21674606295427704,-0.3423940900558563,0.08561920756807839,-0.16159510174034986,-0.008079311815690554,-0.005281747940204354,-0.004876853890846662,-7.125065116817544e-06
95.84000000000003,0.92,0.025,0.009797958971132711,0.5248792922602417,0.5278473586035246,0.40741467539799975,-0.22195941751948678,0.4151300843714491,3.877476682793021e-05,-0.004463981764551513,-0.00035857664755899974,-0.002026338395328092,-3.160678733464791e-06,0.344835781256867,-0.1878664509884936,0.35136610341199453,3.281896264316013e-05,-0.4107544393479682,0.006362918101772869,-0.3246536869043275,-0.17140636586017288,0.21617730377124705,-0.34213624080382415,0.08562955933476356,-0.16161295973525652,-0.00807935143975964,-0.005281755707403369,-0.004881213742765779,-7.157782393079966e-06
96.0,0.92,0.025,0.009797958971132711,0.5248792922602417,0.5278473586035246,0.4067008741954363,-0.22201645072568793,0.41480577982663497,3.8286192252812376e-05,-0.004458533844540458,-0.000354340110040132,-0.002026555666081821,-3.169715294108099e-06,0.3442316199190173,-0.18791472389422229,0.35109161204526385,3.24054331227804e-05,-0.41021828365966356,0.006701368326192642,-0.3244002527848966,-0.17127210275507615,0.21560949717084285,-0.3418782447226107,0.08563943508510435,-0.16162992194996936,-0.008079391153186498,-0.00528176356184293,-0.0048855537698296765,-7.190512254823283e-06
96.16000000000003,0.92,0.025,0.009797958971132711,0.5248792922602417,0.5278473586035246,0.40598794438298186,-0.2220728068919021,0.4144814386701958,3.7795594728613945e-05,-0.004453089388865808,-0.00035011364506867186,-0.0020267617227117014,-3.178720543093151e-06,0.34362819612575585,-0.18796242375330593,0.3508170896904538,3.1990191378298846e-05,-0.4096825325394021,0.00703892916123732,-0.32414679086695014,-0.17113782295365734,0.21504264204996892,-0.3416201028068486,0.08564883584281838,-0.161645990351563,-0.008079430956054975,-0.005281771503900376,-0.004889873964492764,-7.223254334531107e-06
96.32,0.92,0.025,0.009797958971132711,0.5248792922602417,0.5278473586035246,0.4052758854060181,-0.2221284876284641,0.4141570627198837,3.730297632688094e-05,-0.004447648401581289,-0.00034589723673853097,-0.0020269565898851797,-3.187694338523474e-06,0.34302550940765375,-0.18800955192873203,0.35054253788610956,3.157323916307203e-05,-0.40914718621502666,0.007375602097651641,-0.3238933025712813,-0.17100352720794992,0.2144767373061156,-0.34136181604895394,0.0856577626359116,-0.16166116691501792,-0.008079470848448497,-0.005281779533954164,-0.00489417431938574,-7.256008264140906e-06
96.48000000000002,0.92,0.025,0.009797958971132711,0.5248792922602417,0.5278473586035246,0.4045646967092796,-0.22218349454316516,0.4138326537895321,3.68083391959578e-05,-0.004442210886721965,-0.00034169086916075445,-0.002027140292368176,-3.1966365396348297e-06,0.3424235592947343,-0.188056109781335,0.35026795816746,3.115457829545868e-05,-0.40861224491282594,0.007711388624452568,-0.323639789315587,-0.1708692162684298,0.2139117818373604,-0.34110338543913,0.08566621649662945,-0.1616754536231273,-0.008079510830450077,-0.005281787652383881,-0.0048984548273148035,-7.288773675044508e-06
96.63999999999999,0.92,0.025,0.009797958971132711,0.5248792922602417,0.5278473586035246,0.40385437773685656,-0.2222378292412558,0.41350821368903595,3.631168556106699e-05,-0.004436776848304275,-0.0003374945264635139,-0.002027312855023957,-3.205547006796959e-06,0.34182234531647543,-0.1881020986697989,0.34999335206640003,3.0734210658887104e-05,-0.408077708857538,0.008046290228930289,-0.3233862525144519,-0.17073489088400692,0.21334777454236892,-0.3408448119653705,0.08567419846140943,-0.16168885246640685,-0.008079550902142288,-0.005281795859570243,-0.004902715481260921,-7.321550198088148e-06
96.80000000000001,0.92,0.025,0.009797958971132711,0.5248792922602417,0.5278473586035246,0.4031449279321984,-0.22229149332544815,0.4131837442243308,3.581301772447055e-05,-0.004431346290326073,-0.0003333081927921013,-0.0020274743028119743,-3.214425601516438e-06,0.34122186700181273,-0.18814751995065931,0.3497187211114736,3.0312138201991874e-05,-0.407543578272354,0.0083803083966486,-0.3231326935793324,-0.17060055180201714,0.21278471432039645,-0.3405860966134629,0.08568170957083246,-0.16170136544300204,-0.008079591063607292,-0.0052818041558950896,-0.004906956274379011,-7.354337463574309e-06
96.96000000000004,0.92,0.025,0.009797958971132711,0.5248792922602417,0.5278473586035246,0.40243634673811624,-0.2223444883959192,0.41285924719737216,3.531233806550596e-05,-0.004425919216766663,-0.00032913185230892274,-0.0020276246607867413,-3.223272186438204e-06,0.3406221238791416,-0.18819237497830602,0.34944406682785584,2.9888362938644246e-05,-0.40700985337892115,0.008713444611446368,-0.32287911391854,-0.17046619976821337,0.21222260007128826,-0.34032724036699147,0.08568875086957559,-0.16171299455859842,-0.008079631314926798,-0.0052818125417413925,-0.004911177199997227,-7.38713510126196e-06
97.12,0.92,0.025,0.009797958971132711,0.5248792922602417,0.5278473586035246,0.4017286335967859,-0.22239681605031317,0.412534724406116,3.4809649040637016e-05,-0.004420495631586845,-0.0003249654891934924,-0.002027763954096681,-3.2320866253477668e-06,0.3400231154763196,-0.18823666510498507,0.3491693907373366,2.9462886947995172e-05,-0.40647653439734655,0.009045700355438181,-0.32262551493722685,-0.17033183552675785,0.21166143069548157,-0.34006824420734155,0.0856953234063637,-0.16172374182632948,-0.008079671656182109,-0.005281821017493263,-0.004915378251616148,-7.419942740368375e-06
97.28000000000003,0.92,0.025,0.009797958971132711,0.5248792922602417,0.5278473586035246,0.401021787949751,-0.22244847788374447,0.4122101776444978,3.430495318372334e-05,-0.0044150755387289435,-0.0003208090876424242,-0.002027892207983002,-3.2408687831732433e-06,0.3394248413206693,-0.18828039168080132,0.34889469435830295,2.9035712374703435e-05,-0.40594362154620073,0.009377077109015258,-0.3223718980373686,-0.1701974598202135,0.21110120509400582,-0.33980910911370177,0.08570142823392227,-0.1617336092666869,-0.008079712087454059,-0.00528182958353594,-0.004919559422908036,-7.4527600095680086e-06
97.44,0.92,0.025,0.009797958971132711,0.5248792922602417,0.5278473586035246,0.4003158092379259,-0.22249947548880017,0.41188560870241336,3.379825310583298e-05,-0.00440965894211685,-0.00031666263186942955,-0.002028009447778568,-3.249618525986765e-06,0.3388273009389805,-0.18832355605372048,0.3486199792057227,2.8606841428777037e-05,-0.40541111504252053,0.009707576350846592,-0.32211826461774945,-0.17006307338953608,0.2105419221684846,-0.33954983606306766,0.08570706640892989,-0.16174259890743034,-0.00807975260882306,-0.005281838240255806,-0.004923720707716083,-7.485586536995412e-06
97.60000000000002,0.92,0.025,0.009797958971132711,0.5248792922602417,0.5278473586035246,0.3996106969015985,-0.2225498104555431,0.41156101936569983,3.328955149546834e-05,-0.004404245845656066,-0.00031252610610530584,-0.00202811569890678,-3.2583357210071613e-06,0.33823049385751297,-0.18836615956957167,0.3483452467911283,2.8176276385764402e-05,-0.4048790151018133,0.010037199557879673,-0.32186461607394745,-0.16992867697406616,0.2099835808211361,-0.3392904260302459,0.08571223899197135,-0.16175071278349787,-0.008079793220369077,-0.005281846988040383,-0.0049278621000536415,-7.518421950246395e-06
97.75999999999999,0.92,0.025,0.009797958971132711,0.5248792922602417,0.5278473586035246,0.39890645038043354,-0.22259948437151417,0.41123641141611544,3.2778851118608666e-05,-0.004398836253233732,-0.00030839949459793406,-0.0020282109868804406,-3.2670202366007424e-06,0.33763441960199897,-0.1884082035720496,0.34807049862260014,2.7744019586790378e-05,-0.4043473219380595,0.01036594820534144,-0.3216109537983187,-0.16979427131152133,0.20942617995477433,-0.339030879987856,0.08571694704748983,-0.16175795293691542,-0.008079833922171625,-0.00528185582727833,-0.004931983594103456,-7.5512658763769e-06
97.92000000000002,0.92,0.025,0.009797958971132711,0.5248792922602417,0.5278473586035246,0.39820306911347503,-0.2226484988217355,0.41091178663132083,3.226615481868094e-05,-0.004393430168718674,-0.00030428278161227014,-0.002028295337300648,-3.2756719422838152e-06,0.3370390776976453,-0.18844968940271695,0.34779573620474996,2.7310073438531546e-05,-0.403816035763717,0.010693823766739335,-0.3213572791799826,-0.16965985713798792,0.2088697184728104,-0.3387711989063354,0.08572119164374062,-0.16176432141670852,-0.008079874714309768,-0.005281864758359457,-0.004936085184216931,-7.584117941907031e-06
98.07999999999998,0.92,0.025,0.009797958971132711,0.5248792922602417,0.5278473586035246,0.3975005525391495,-0.22269685538871292,0.4105871467848607,3.175146551674961e-05,-0.004388027595961436,-0.0003001759514303391,-0.0020283687758556736,-3.284290708723703e-06,0.33644446766913616,-0.18849061840100662,0.3475209610387061,2.687444041337687e-05,-0.40328515678972365,0.011020827713862227,-0.32110359360480734,-0.16952543518791388,0.20831419527925368,-0.33851138375394135,0.0857249738527437,-0.16176982027881237,-0.008079915596862124,-0.005281873781674723,-0.004940166864913345,-7.6169777728189076e-06
98.24000000000001,0.92,0.025,0.009797958971132711,0.5248792922602417,0.5278473586035246,0.39679890009526897,-0.22274455565243861,0.4102624936461443,3.1234786211305904e-05,-0.004382628538794319,-0.00029607898835122803,-0.0020284313283198655,-3.292876407740891e-06,0.3358505890406357,-0.18853099190422407,0.34724617462209656,2.643712304924932e-05,-0.4027546852255013,0.011346961516781088,-0.320849898455395,-0.16939100619410064,0.20775960927871223,-0.33825143549675496,0.08572829475023794,-0.1617744515859845,-0.008079956569906845,-0.005281882897616224,-0.004944228630879141,-7.6498449945622e-06
98.40000000000003,0.92,0.025,0.009797958971132711,0.5248792922602417,0.5278473586035246,0.3960981112190335,-0.22279160119039426,0.40993782898042785,3.0716119978552574e-05,-0.004377233001031422,-0.00029199187669108097,-0.0020284830205525295,-3.3014289123098973e-06,0.33525744133578994,-0.1885708112475497,0.34697137844903414,2.59981239498469e-05,-0.402224621278959,0.011672226643850571,-0.3205961951110674,-0.16925657088769572,0.2072059593763947,-0.33799135509868433,0.08573115541563386,-0.16177821740771525,-0.008079997633521628,-0.005281892106577226,-0.004948270476967139,-7.682719232050702e-06
98.56,0.92,0.025,0.009797958971132711,0.5248792922602417,0.5278473586035246,0.39539818534703464,-0.22283799357755318,0.4096131545487961,3.0195469972261335e-05,-0.004371840986468676,-0.0002879146007830899,-0.002028523878496843,-3.309948096561339e-06,0.33466502407773013,-0.188610077764041,0.346696574010101,2.5557445784521994e-05,-0.40169496515649633,0.011996624561708994,-0.32034248494785206,-0.16912212999818532,0.20665324447811073,-0.33773114352146805,0.0857335569319681,-0.16178111982014107,-0.008080038787783711,-0.005281901408952128,-0.004952292398195825,-7.715600109667053e-06
98.72000000000003,0.92,0.025,0.009797958971132711,0.5248792922602417,0.5278473586035246,0.3946991219152578,-0.2228837343863836,0.4092884721081441,2.9672839423759638e-05,-0.004366452498883886,-0.0002838471449774912,-0.00202855392817874,-3.318433835783095e-06,0.3340733367890742,-0.1886487927846351,0.3464217627923332,2.511509128827016e-05,-0.40116571706300697,0.012320156735280193,-0.3200887693384676,-0.1689876842533867,0.20610146349027267,-0.3374708017246781,0.08573550038585649,-0.16178316090595535,-0.008080080032769863,-0.005281910805136504,-0.0049562943897485685,-7.748487251263826e-06
98.88,0.92,0.025,0.009797958971132711,0.5248792922602417,0.5278473586035246,0.39400092035908546,-0.222928825186851,0.4089637834111603,2.9148231642141008e-05,-0.004361067542036763,-0.000279789493641556,-0.002028573195705826,-3.3268860064214016e-06,0.33348237899192995,-0.1886869576381507,0.3461469462792061,2.467106326190815e-05,-0.40063687720188185,0.012642824627773929,-0.31983504965231035,-0.1688532343794413,0.20555061531989577,-0.3372103306657234,0.08573698686744854,-0.161784342754322,-0.00808012136855638,-0.005281920295527077,-0.004960276446972891,-7.78138028016184e-06
99.04000000000002,0.92,0.025,0.009797958971132711,0.5248792922602417,0.5278473586035246,0.39330358011330013,-0.22297326754642108,0.4086390902063077,2.8621650013975397e-05,-0.004355686119668967,-0.00027574163115958524,-0.002028581707266303,-3.3353044860826345e-06,0.33289215020789725,-0.1887245736512908,0.34587212595061884,2.4225364571828777e-05,-0.4001084457750129,0.012964629700687036,-0.31958132725544053,-0.16871878110080685,0.2050006988746,-0.33694973129985334,0.0857380174703821,-0.1617846674607892,-0.008080162795219096,-0.005281929880521724,-0.004964238565379773,-7.81427881915631e-06
99.19999999999999,0.92,0.025,0.009797958971132711,0.5248792922602417,0.5278473586035246,0.3926071006120869,-0.22301706303006227,0.4083143942378086,2.8093098003517774e-05,-0.00435030823550414,-0.00027170354193290267,-0.0020285794891278628,-3.343689153534148e-06,0.3323026499580704,-0.18876164214864471,0.3455973032828812,2.3777998150177444e-05,-0.39958042298279606,0.013285573413804326,-0.31932760351056927,-0.1685843251402511,0.2044517130626108,-0.3366890045801603,0.08573859329173693,-0.16178413712720147,-0.008080204312833355,-0.0052819395605194965,-0.004968180740642843,-7.847182490514776e-06
99.36000000000001,0.92,0.025,0.009797958971132711,0.5248792922602417,0.5278473586035246,0.39191148128903674,-0.2230602132002488,0.40798969724562534,2.7562579152521762e-05,-0.004344933893247952,-0.00026767521037984797,-0.00202856656763662,-3.3520398887055087e-06,0.33171387776304073,-0.1887981644526906,0.3453224797486973,2.332896699469442e-05,-0.3990528090241349,0.013605657225199488,-0.3190738797770442,-0.16844986721884386,0.20390365679276012,-0.3364281514575842,0.08573871543198983,-0.16178275386161406,-0.008080245921474041,-0.005281949335920606,-0.004972102968597698,-7.880090915980892e-06
99.52000000000004,0.92,0.025,0.009797958971132711,0.5248792922602417,0.5278473586035246,0.3912167215771488,-0.22310271961696296,0.40766500096544556,2.7030097080372953e-05,-0.004339563096588126,-0.0002636566209357709,-0.0020285429692160377,-3.3603565726897873e-06,0.3311258331428988,-0.18883414188379746,0.34504765681715316,2.287827416882767e-05,-0.39852560409644394,0.013924882591236233,-0.3188201574108375,-0.1683154080559509,0.2033565289744874,-0.3361671728809143,0.08573838499496943,-0.16178051977820737,-0.00808028762121554,-0.005281959207126428,-0.0049760052452411515,-7.913003716774557e-06
99.68,0.92,0.025,0.009797958971132711,0.5248792922602417,0.5278473586035246,0.39052282090883395,-0.22314458383769814,0.40734030712866437,2.649565548390259e-05,-0.004334195849194484,-0.00025964775805302335,-0.0020285087203658495,-3.3686390877442347e-06,0.33053851561723707,-0.18886957576022773,0.34477283595370156,2.2425922801575154e-05,-0.3979988083956517,0.014243250966568994,-0.3185664377645325,-0.16818094836922648,0.2028103285178407,-0.33590606979679355,0.08573760308781088,-0.16177743699720076,-0.008080329412131758,-0.005281969174539514,-0.004979887566730508,-7.945920513594586e-06
99.84000000000003,0.92,0.025,0.009797958971132711,0.5248792922602417,0.5278473586035246,0.38982977871591734,-0.22318580741746147,0.40701561746236803,2.595925813743237e-05,-0.004328832154718987,-0.0002556486062009525,-0.002028463847660995,-3.3768873172917587e-06,0.32995192470515244,-0.1889044673981394,0.34449801862014834,2.197191608752276e-05,-0.3974724221162049,0.014560763804143817,-0.3183127221873103,-0.16804648887460671,0.2022650543334778,-0.3356448431497217,0.08573637082091104,-0.16177350764476764,-0.008080371294296118,-0.0052819792385635795,-0.004983749929382831,-7.978840926620607e-06
100.0,0.92,0.025,0.009797958971132711,0.5248792922602417,0.5278473586035246,0.3891375944296408,-0.22322639190877663,0.40669093368931875,2.542090889272523e-05,-0.0043234720167957645,-0.00025165914986589606,-0.0020284083777505624,-3.385101145921401e-06,0.329366059925248,-0.18893881811158855,0.3442232062746394,2.1516257286802634e-05,-0.3969464454510708,0.0148774225552,-0.3180590120249386,-0.16791203028630322,0.20172070533266712,-0.3353834938820583,0.08573468930788405,-0.1617687338529508,-0.008080413267781545,-0.005281989399603524,-0.004987592329674237,-8.011764575513754e-06
100.16000000000003,0.92,0.025,0.009797958971132711,0.5248792922602417,0.5278473586035246,0.3884462674806667,-0.2232663388616863,0.40636625752793765,2.488061167880852e-05,-0.004318115439041154,-0.0002476793735511725,-0.0020283423373567257,-3.3932804593895637e-06,0.3287809207956363,-0.18897262921253127,0.3439484003716464,2.1058949724943532e-05,-0.3964208785917412,0.015193228669270028,-0.31780530861975775,-0.16777757331679588,0.2011772804272886,-0.3351220229340258,0.08573255966551664,-0.16176311775957786,-0.008080455332660476,-0.00528199965806541,-0.004991414764239159,-8.044691079420904e-06
100.32,0.92,0.025,0.009797958971132711,0.5248792922602417,0.5278473586035246,0.3877557972990798,-0.22330564982375514,0.4060415906922906,2.4338370502075705e-05,-0.0043127624250537434,-0.00024370926177707652,-0.002028265753273697,-3.4014251446204795e-06,0.32819650683394114,-0.18900590201082637,0.3436736023619548,2.0599996792956878e-05,-0.39589572172823556,0.01550818359418133,-0.31755161331067017,-0.16764311867682719,0.2006347785298351,-0.3348604312437136,0.08572998301372388,-0.16175666150817739,-0.008080497489004844,-0.00528201001435649,-0.004995217229869642,-8.07762005697372e-06
100.48000000000002,0.92,0.025,0.009797958971132711,0.5248792922602417,0.5278473586035246,0.38706618331439063,-0.22334432634007234,0.40571693489207084,2.379418944608435e-05,-0.004307412978414402,-0.00023974879908087154,-0.0020281786523666727,-3.4095350897075053e-06,0.32761281755730026,-0.18903863781423724,0.3433988136926488,2.0139401947165793e-05,-0.3953709750491045,0.015822288776056737,-0.31729792743312657,-0.16750866707539475,0.2000931985534131,-0.3345987197470806,0.08572696047550514,-0.16174936724789482,-0.008080539736886081,-0.00528202046888519,-0.004998999723514624,-8.110551126293608e-06
100.63999999999999,0.92,0.025,0.009797958971132711,0.5248792922602417,0.5278473586035246,0.3863774249555383,-0.22338236995325464,0.40539229183258546,2.3248072671585348e-05,-0.00430206710268632,-0.00023579797001678182,-0.0020280810615707916,-3.417610183913031e-06,0.3270298524823676,-0.18907083792843474,0.3431240358071003,1.967716870922984e-05,-0.39484663874143294,0.016135545659316016,-0.31704425231911526,-0.16737421921974596,0.19955253941174375,-0.33433688937795863,0.08572349317689995,-0.16174123713340918,-0.008080582076375117,-0.005282031022061124,-0.005002762242279221,-8.143483904990473e-06
100.80000000000001,0.92,0.025,0.009797958971132711,0.5248792922602417,0.5278473586035246,0.38568952165089304,-0.22341978220344855,0.4050676632147396,2.270002441624748e-05,-0.004296724801415048,-0.00023185675915598724,-0.002027973007890102,-3.4256503176699647e-06,0.3264476111253159,-0.18910250365699885,0.3428492701449556,1.9213300665911866e-05,-0.39432271299084354,0.016447955686676237,-0.31679058929715037,-0.16723977581537108,0.199012800019164,-0.3340749410680559,0.08571958224694469,-0.16173227332485077,-0.008080624507542374,-0.0052820416742950845,-0.005006504783424036,-8.176418010169275e-06
100.96000000000004,0.92,0.025,0.009797958971132711,0.5248792922602417,0.5278473586035246,0.38500247282825933,-0.2234565646283334,0.4047430507350222,2.215004899476106e-05,-0.00429138607812853,-0.00022792515108661568,-0.0020278545183965153,-3.4336553825816643e-06,0.3258660930018387,-0.1891336363014214,0.3425745181421228,1.8747801469165762e-05,-0.3937991979814999,0.016759520299152963,-0.31653693969226016,-0.16710533756599746,0.19847397929062757,-0.3338128757469601,0.08571522881762858,-0.16172247798771747,-0.008080667030457763,-0.005282052425999059,-0.005010227344364429,-8.209353058428166e-06
101.12,0.92,0.025,0.009797958971132711,0.5248792922602417,0.5278473586035246,0.3843162779148786,-0.22349271876312402,0.404418456085491,2.1598150798647287e-05,-0.004286050936337143,-0.00022400313041373473,-0.0020277256202287943,-3.4416252714229524e-06,0.32528529762715325,-0.18916423716110817,0.3422997812307596,1.8280674835975066e-05,-0.39327609389611035,0.017070240936061326,-0.3162833048259755,-0.1669709051735832,0.1979360761417058,-0.33355069434214174,0.08571043402385094,-0.16171185329279403,-0.00808070964519068,-0.005282063277586218,-0.005013929922669855,-8.242288665863057e-06
101.28000000000003,0.92,0.025,0.009797958971132711,0.5248792922602417,0.5278473586035246,0.38363093633743184,-0.22352824614057343,0.40409388095375826,2.1044334296160825e-05,-0.004280719379533732,-0.00022009068175934726,-0.002027586340591513,-3.449559878140244e-06,0.3247052245160023,-0.18919430753338135,0.342025060839261,1.7811924548270522e-05,-0.39275340091593036,0.017380119035016992,-0.3160296860163191,-0.16683647933831142,0.19739908948858884,-0.33328839777895714,0.08570519900337753,-0.16170040141606903,-0.00808075235181,-0.005282074229470928,-0.005017612516063132,-8.275224448068968e-06
101.44,0.92,0.025,0.009797958971132711,0.5248792922602417,0.5278473586035246,0.3829464475220428,-0.2235631482909754,0.40376932702297735,2.048860403206397e-05,-0.004275391411193649,-0.00021618778976238213,-0.002027436706754047,-3.457459097852125e-06,0.32412587318265706,-0.18922384871348158,0.34175035839224804,1.7341554452738945e-05,-0.39223111922076687,0.01768915603193686,-0.31577608457779444,-0.16670206075858407,0.19686301824808647,-0.33302598698065194,0.08569952489679807,-0.16168812453865417,-0.008080795150384082,-0.005282085282068746,-0.005021275122419767,-8.308160020144158e-06
101.60000000000002,0.92,0.025,0.009797958971132711,0.5248792922602417,0.5278473586035246,0.38226281089428044,-0.22359742674216737,0.403444795971828,1.9930964627698574e-05,-0.004270067034774791,-0.0002122944390786892,-0.0020272767460495483,-3.4653228268496957e-06,0.323547243140919,-0.18925286199457048,0.3414756753105552,1.6869568460884075e-05,-0.39170924898898085,0.017997353361040382,-0.31552250182137503,-0.1665676501310163,0.19632786133762933,-0.3327634628683646,0.08569341284748289,-0.16167502484670263,-0.008080838040980759,-0.005282096435796431,-0.005024917739767251,-8.341094996690166e-06
101.75999999999999,0.92,0.025,0.009797958971132711,0.5248792922602417,0.5278473586035246,0.38158002587916195,-0.22363108301953308,0.4031202894745036,1.9371420780681198e-05,-0.004264746253717631,-0.0002084106143810298,-0.0020271064858739508,-3.4731509625969772e-06,0.3229693339041227,-0.1892813486677328,0.3412010130112199,1.6395970548768565e-05,-0.3911877903974911,0.018304712454850252,-0.31526893905449377,-0.1664332481504308,0.1957936176752696,-0.332500826361129,0.08568686400154127,-0.16166110453132934,-0.008080881023667332,-0.005282107691071932,-0.00502854036628439,-8.374028991816719e-06
101.92000000000002,0.92,0.025,0.009797958971132711,0.5248792922602417,0.5278473586035246,0.3808980919011553,-0.22366411864600527,0.40279580920069685,1.8809977264890308e-05,-0.004259429071445261,-0.0002045363003590726,-0.002026925953684958,-3.4809434037309704e-06,0.32239214498513785,-0.18930931002197887,0.34092637290746985,1.5920764757003157e-05,-0.390666743621777,0.01861123474419373,-0.31501539758103236,-0.16629885550985193,0.19526028617968222,-0.332238078375878,0.08567987950777868,-0.16164636578853062,-0.008080924098510574,-0.00528211904831441,-0.00503214300030063,-8.406961619142339e-06
102.07999999999998,0.92,0.025,0.009797958971132711,0.5248792922602417,0.5278473586035246,0.3802170083841823,-0.22369653514206836,0.40247135681558766,1.824663893015787e-05,-0.004254115491363423,-0.00020067148171938406,-0.0020267351770010397,-3.488700050062014e-06,0.32181567589637194,-0.18933674734424666,0.3406517564087134,1.544395519048562e-05,-0.3901461088358825,0.018916921658203186,-0.3147618787013116,-0.1661644729005005,0.1947278657701656,-0.33197521982744677,0.08567246051765459,-0.1616308108191036,-0.008080967265576723,-0.005282130507944217,-0.005035725640295343,-8.439892491799428e-06
102.24000000000001,0.92,0.025,0.009797958971132711,0.5248792922602417,0.5278473586035246,0.37953677475162123,-0.2237283340257611,0.4021469339798292,1.768141070226959e-05,-0.004248805516860556,-0.00019681614318542342,-0.0020265341834004437,-3.49642080257384e-06,0.3212399261497722,-0.1893636619194042,0.34037716492052744,1.4965546018400981e-05,-0.3896258862124188,0.0192217746243173,-0.3145083837120806,-0.1660301010117878,0.19419635536664318,-0.331712251628576,0.08566460818524074,-0.1616144418285678,-0.008081010524931483,-0.005282142070382921,-0.005039288284897186,-8.472821222434933e-06
102.40000000000003,0.92,0.025,0.009797958971132711,0.5248792922602417,0.5278473586035246,0.37885739042630934,-0.22375951681267942,0.401822542349536,1.7114297582777463e-05,-0.0042434991513078165,-0.00019297026949753292,-0.0020263230005202037,-3.5041055634237054e-06,0.32066489525682823,-0.18939005503025186,0.3401025998446473,1.4485541474062846e-05,-0.38910607592256785,0.019525795068282174,-0.31425491390650784,-0.16589574053131095,0.19366575388966342,-0.33144917468991486,0.0856563236671795,-0.1615972610270854,-0.008081053876640005,-0.005282153736053291,-0.005042830932883415,-8.5057474232136e-06
102.56,0.92,0.025,0.009797958971132711,0.5248792922602417,0.5278473586035246,0.3781788548305462,-0.22379008501597908,0.4014981835762712,1.6545304648667938e-05,-0.004238196398059129,-0.0001891338454129334,-0.0020261016560551553,-3.5117542359424754e-06,0.3200905827285743,-0.1894159279575247,0.339828062578956,1.4003945854632543e-05,-0.3885866781360858,0.0198289844141521,-0.3140014705741707,-0.16576139214484703,0.19313606026040162,-0.3311859899200244,0.08564760812264222,-0.1615792706293833,-0.008081097320766902,-0.0052821655053793045,-0.005046353583179217,-8.538670705823064e-06
102.72000000000003,0.92,0.025,0.009797958971132711,0.5248792922602417,0.5278473586035246,0.37750116738609596,-0.22382004014637827,0.40117385930703353,1.5974437052460073e-05,-0.004232897260451218,-0.00018530685570571518,-0.0020258701777569584,-3.5193667246345362e-06,0.31951698807559165,-0.18944128197989457,0.3395535545174732,1.3520763521202207e-05,-0.38806769302130584,0.02013134408429056,-0.31374805500104574,-0.16562705653634782,0.1926072734006606,-0.33092269822538123,0.08563846271328826,-0.16156047285467454,-0.008081140857376243,-0.0052821773787861594,-0.005049856234857065,-8.571590681473275e-06
102.88,0.92,0.025,0.009797958971132711,0.5248792922602417,0.5278473586035246,0.3768243275141903,-0.22384938371216045,0.400849571184247,1.5401700021771564e-05,-0.0042276017418036394,-0.00018148928516683262,-0.0020256285934331206,-3.5269429351778228e-06,0.3189441108080107,-0.18946611837397262,0.3392790770503467,1.3035998898427452e-05,-0.38754912074514203,0.020432875499371388,-0.3134946684695007,-0.16549273438793538,0.19207939223287154,-0.33065930051037945,0.08562888860322365,-0.1615408699265807,-0.008081184486531535,-0.005282189356700259,-0.005053338887136025,-8.604506960902912e-06
103.04000000000002,0.92,0.025,0.009797958971132711,0.5248792922602417,0.5278473586035246,0.3761483346355311,-0.22387811721917691,0.4005253208457468,1.4827098859236243e-05,-0.004222309845418827,-0.00017768111860409522,-0.0020253769309460305,-3.534482774423609e-06,0.31837195043551353,-0.18949043841431135,0.33900463156384014,1.2549656474457556e-05,-0.38703096147309207,0.020733580078379547,-0.3132413122582834,-0.16535842637989598,0.19155241568009507,-0.33039579767733557,0.08561888695896049,-0.1615204640730546,-0.00808122820829574,-0.00528220143954923,-0.005056801539381141,-8.637419154381043e-06
103.19999999999999,0.92,0.025,0.009797958971132711,0.5248792922602417,0.5278473586035246,0.37547318817029335,-0.22390624217084965,0.4002011099247703,1.4250638942300118e-05,-0.0042170215745821185,-0.000173882340842161,-0.0020251152182119976,-3.5419861503961858e-06,0.3178005064673363,-0.18951424337340714,0.3387302194403256,1.206174080076282e-05,-0.3865132153692408,0.02103345923861219,-0.31298798764251484,-0.16522413319067636,0.1910263426660222,-0.3301321906264904,0.08560845894937631,-0.16149925752630373,-0.00808127202273125,-0.005282213627761912,-0.005060244191102758,-8.670326871710014e-06
103.36000000000001,0.92,0.025,0.009797958971132711,0.5248792922602417,0.5278473586035246,0.3747988875381277,-0.22393376006817392,0.39987694004994306,1.3672325723058836e-05,-0.004211736932561798,-0.00017009293672252962,-0.0020248434832002833,-3.549452972293126e-06,0.3172297784122713,-0.1895375345217024,0.33845584205827184,1.1572256491997e-05,-0.38599588259626355,0.021332514395679805,-0.31273469589367864,-0.16508985549687785,0.19050117211497508,-0.3298684802560126,0.0855976057456734,-0.1614772525227128,-0.008081315929899899,-0.005282225921768367,-0.005063666841955877,-8.70322972222951e-06
103.52000000000004,0.92,0.025,0.009797958971132711,0.5248792922602417,0.5278473586035246,0.374125432158163,-0.2239606724097209,0.3995528128452698,1.309216472791418e-05,-0.004206455922609131,-0.00016631289110353463,-0.0020245617539321648,-3.556883150484373e-06,0.31665976577866917,-0.18956031312758778,0.33818150079223636,1.1081208225706562e-05,-0.38547896331542897,0.021630746963506906,-0.3124814382796132,-0.16495559397325207,0.18997690295190822,-0.32960466746200223,0.08558632852133934,-0.16145445130276917,-0.008081359929862957,-0.005282238321999887,-0.005067069491739534,-8.736127314820015e-06
103.68,0.92,0.025,0.009797958971132711,0.5248792922602417,0.5278473586035246,0.37345282144900976,-0.22398698069164039,0.39922872993012215,1.2510161557479553e-05,-0.0042011785479584,-0.00016254218886033688,-0.0020242700584799673,-3.5642765965124606e-06,0.31609046807444185,-0.18958258045740442,0.33790719701285543,1.0588600742250695e-05,-0.3849624576866027,0.021928158354333163,-0.31222821606450357,-0.16482134929269623,0.18945353410240928,-0.3293407531384937,0.08557462845210599,-0.1614308561109855,-0.008081404022681125,-0.005282250828888978,-0.005070452140396127,-8.769019257906107e-06
103.84000000000003,0.92,0.025,0.009797958971132711,0.5248792922602417,0.5278473586035246,0.37278105482876167,-0.22401268640766372,0.3989046929192287,1.1926321886307187e-05,-0.0041959048118269384,-0.0001587808148849162,-0.0020239684249661397,-3.571633223091706e-06,0.3155218848070639,-0.18960433777544658,0.3376329320868352,1.0094438844570404e-05,-0.3844463658682503,0.022224749978714632,-0.3119750305088723,-0.16468712212624853,0.18893106449269997,-0.3290767381774588,0.08556250671591079,-0.16140646919582619,-0.008081448208414525,-0.005282263442869385,-0.00507381478801081,-8.801905159459543e-06
104.0,0.92,0.025,0.009797958971132711,0.5248792922602417,0.5278473586035246,0.3721101317149998,-0.22403779104910626,0.39858070342266383,1.1340651462696027e-05,-0.004190634717415174,-0.00015502875408606503,-0.0020236568815623092,-3.578952944108229e-06,0.3149540154835758,-0.18962558634396354,0.3373587073769427,9.598727398025917e-06,-0.3839306880174409,0.02252052324552424,-0.311721882869572,-0.16455291314308357,0.1884094930496371,-0.3288126234688102,0.08554996449285668,-0.1613812928096315,-0.008081492487122708,-0.005282276164376073,-0.005077157434810866,-8.834784627003529e-06
104.16000000000003,0.92,0.025,0.009797958971132711,0.5248792922602417,0.5278473586035246,0.37144005152479376,-0.22406229610487,0.3982567630458381,1.0753156108350026e-05,-0.004185368267906653,-0.00015128599138938007,-0.00202333545648835,-3.586235674618981e-06,0.31438685961058543,-0.18964632742316198,0.3370845242419974,9.101471330107462e-06,-0.38341542428984987,0.022815479561953345,-0.3114687743997771,-0.16441872301050778,0.1878888187007133,-0.32854840990040446,0.08553700296517294,-0.16135532920854384,-0.008081536858864641,-0.005282288993845249,-0.005080480081165057,-8.867657267616503e-06
104.32,0.92,0.025,0.009797958971132711,0.5248792922602417,0.5278473586035246,0.3707708136747056,-0.2240862030614465,0.397932873389488,1.0163841718250422e-05,-0.00418010546646809,-0.00014755251173725577,-0.0020230041780114564,-3.593481330851633e-06,0.31382041669427085,-0.18966656227120832,0.3368103840368627,8.602675630327157e-06,-0.3829005748397625,0.023109620333512274,-0.3112157063489763,-0.16428455239395556,0.18736904037405835,-0.32828409835804534,0.08552362331717606,-0.16132858065243322,-0.008081581323698713,-0.005282301931714351,-0.005083782727583021,-8.900522687935502e-06
104.48000000000002,0.92,0.025,0.009797958971132711,0.5248792922602417,0.5278473586035246,0.370102417580792,-0.22410951340291943,0.39760903604966547,9.572714260321382e-06,-0.00417484631624939,-0.00014382830008887663,-0.0020226630744452265,-3.6006898302035757e-06,0.31325468624038233,-0.18968629214423102,0.33653628811243685,8.10234534993602e-06,-0.38238613982007696,0.023402946964031647,-0.3109626799629645,-0.1641504019569843,0.18685015699843927,-0.32801968972548656,0.08550982673523107,-0.16130104940482454,-0.008081625881682713,-0.005282314978422048,-0.005087065374714659,-8.93338049416004e-06
104.63999999999999,0.92,0.025,0.009797958971132711,0.5248792922602417,0.5278473586035246,0.36943486265860676,-0.22413222861096713,0.3972852526177297,8.979779775146102e-06,-0.004169590820383696,-0.00014011334142020993,-0.002022312174148746,-3.6078610912417265e-06,0.3126896677542448,-0.1897055182963226,0.3362622378156464,7.6004856016836616e-06,-0.38187211938230753,0.023695460855663066,-0.3107096964838365,-0.16401627236127103,0.18633216750326245,-0.3277551848844359,0.08549561440771289,-0.16127273773282425,-0.008081670532873854,-0.005282328134408258,-0.005090328023349511,-8.966230292057473e-06
104.80000000000001,0.92,0.025,0.009797958971132711,0.5248792922602417,0.5278473586035246,0.36876814832320387,-0.22415435016486568,0.39696152468033574,8.385044375867844e-06,-0.004164338981987418,-0.00013640762072399768,-0.0020219515055256744,-3.6149950337014498e-06,0.31212536074075975,-0.18972424197954232,0.3359882344894362,7.097101559734543e-06,-0.3813585136765879,0.023987163408880557,-0.310456757149978,-0.16388216426660768,0.18581507081857335,-0.3274905847145574,0.0854809875249678,-0.16124364790704762,-0.008081715277328741,-0.005282341400114132,-0.0050935706744161735,-8.999071686963951e-06
104.96000000000004,0.92,0.025,0.009797958971132711,0.5248792922602417,0.5278473586035246,0.3681022739891401,-0.22417587954149112,0.39663785381942723,7.788514247746986e-06,-0.004159090804160268,-0.00013271112300974953,-0.002021581097023343,-3.6220915784862488e-06,0.31156176470440816,-0.1897424644439181,0.3357142794727632,6.5921984592930495e-06,-0.38084532285167444,0.02427805602248101,-0.31020386319606014,-0.1637480783308972,0.18529886587505812,-0.3272258900934748,0.08546594727927542,-0.16121378220154656,-0.008081760115103387,-0.005282354775982068,-0.005096793328981657,-9.031904283791757e-06
105.12,0.92,0.025,0.009797958971132711,0.5248792922602417,0.5278473586035246,0.3674372390704775,-0.2241968182153225,0.39631424161222667,7.190195647939375e-06,-0.004153846289985302,-0.00012902383330373602,-0.002021200977131856,-3.6291506476665405e-06,0.31099887914925217,-0.18976018693744898,0.3354403741005887,6.085781596415887e-06,-0.38033254705494923,0.024568140093585718,-0.3099510158530321,-0.16361401521015015,0.18478355160404436,-0.32696110189677535,0.08545049486481056,-0.16118314289373814,-0.008081805046253204,-0.005282368262455712,-0.0050999959882508175,-9.064727687031673e-06
105.28000000000003,0.92,0.025,0.009797958971132711,0.5248792922602417,0.5278473586035246,0.3667730429807862,-0.22421716765844435,0.3959906896312259,6.590094905172279e-06,-0.00414860544252895,-0.0001253457366489798,-0.0020208111743832,-3.636172164479125e-06,0.3104367035789375,-0.18977741070610732,0.3351665197038696,5.5778563277378174e-06,-0.3798201864324234,0.02485741701764097,-0.30969821634811356,-0.16347997555847982,0.1842691269375019,-0.3266962209980119,0.08543463147760598,-0.16115173226433338,-0.008081850070832996,-0.005282381859979951,-0.005103178653565774,-9.097541500758553e-06
105.44,0.92,0.025,0.009797958971132711,0.5248792922602417,0.5278473586035246,0.366109685133147,-0.22423692934054942,0.3956671994441791,5.988218419504411e-06,-0.0041433682648410524,-0.0001216768181052491,-0.0020204117173503533,-3.643156053326194e-06,0.30987523749669565,-0.18979413699384104,0.3348927176095532,5.068428070268534e-06,-0.37930824112873984,0.025145888188419403,-0.3094454659047897,-0.16334596002809978,0.18375559080804377,-0.326431248268707,0.08541835831551448,-0.16111955259726618,-0.008081895188896954,-0.00528239556900093,-0.005106341326405289,-9.130345328634705e-06
105.60000000000002,0.92,0.025,0.009797958971132711,0.5248792922602417,0.5278473586035246,0.36544716494015406,-0.2242561047289413,0.39534377261409287,5.384572662094917e-06,-0.004138134759954898,-0.00011801706274904934,-0.0020200026346464048,-3.650102239774337e-06,0.3093144804053464,-0.18981036704257592,0.3346189691405682,4.557502301197138e-06,-0.3787967112871772,0.025433554998020726,-0.3091927657428032,-0.1632119692693191,0.18324294214892714,-0.3261661845783557,0.08540167657817178,-0.1610866061796231,-0.008081940400498665,-0.005282409389966044,-0.005109484008384212,-9.16313877391336e-06
105.75999999999999,0.92,0.025,0.009797958971132711,0.5248792922602417,0.5278473586035246,0.3647854818139175,-0.22427469528853736,0.3950204106992193,4.779164174666493e-06,-0.0041329049308872585,-0.0001143664556736168,-0.002019583954923674,-3.6570106505538932e-06,0.3087544318072998,-0.18982610209221804,0.3343452756158192,4.04508455743772e-06,-0.37828559704965237,0.0257204188368729,-0.30894011707814895,-0.16307800393053923,0.18273117989405407,-0.3259010307944284,0.08538458746695957,-0.16105289530157316,-0.008081985705691089,-0.0052824233233239445,-0.005112606701252877,-9.195921439446988e-06
105.92000000000002,0.92,0.025,0.009797958971132711,0.5248792922602417,0.5278473586035246,0.3641246351660662,-0.22429270248187097,0.3946971152530471,4.171999569484879e-06,-0.00412767878063842,-0.0001107249819889093,-0.002019155706872845,-3.6638812135574816e-06,0.30819509120455846,-0.18984134338065559,0.3340716383501791,3.531180435612002e-06,-0.3777748985567242,0.026006481093733023,-0.30868752112306774,-0.16294406465825048,0.18222030297797256,-0.3256357877823745,0.08536709218496863,-0.16101842225629873,-0.008082031104526571,-0.0052824373695245334,-0.005115709406896558,-9.22869292768711e-06
106.07999999999998,0.92,0.025,0.009797958971132711,0.5248792922602417,0.5278473586035246,0.3634646244077501,-0.22431012776909465,0.3943738878242953,3.563085528834062e-06,-0.004122456312192225,-0.00010709262682160051,-0.0020187179192221027,-3.6707138578393186e-06,0.3076364580987197,-0.18985609214376173,0.33379805865448353,3.01579559160515e-06,-0.377264615947596,0.02629174315568861,-0.3084349790860406,-0.16281015209702873,0.18171031033587712,-0.32537045640562534,0.08534919193696257,-0.1609831893399266,-0.008082076597056832,-0.005282451529018978,-0.005118792127334878,-9.261452840692594e-06
106.24000000000001,0.92,0.025,0.009797958971132711,0.5248792922602417,0.5278473586035246,0.36280544894964334,-0.2243269726079824,0.39405072995690377,2.952428804713757e-06,-0.004117237528516103,-0.00010346937531507083,-0.002018270620736263,-3.677508513613591e-06,0.3070785319909781,-0.1898703496153963,0.3335245378355234,2.4989357403097243e-06,-0.37675474936011955,0.02657620640815814,-0.30818249217178256,-0.16267626688953155,0.18120120090361014,-0.3251050375255973,0.085330887929341,-0.16094719885145875,-0.008082122183332962,-0.0052824658022597075,-0.005121854864721255,-9.29420078013298e-06
106.40000000000003,0.92,0.025,0.009797958971132711,0.5248792922602417,0.5278473586035246,0.3621471082019463,-0.2243432384539325,0.39372764319002795,2.3400362186432795e-06,-0.0041120224325611075,-9.985521262940039e-05,-0.0020178138402159322,-3.684265112254138e-06,0.3065213123821274,-0.18988411702740848,0.3332510771960397,1.980606655459672e-06,-0.3762452989307972,0.0268598722348926,-0.30793006158123776,-0.16254240967649564,0.1806929736176623,-0.3248395320016949,0.08531218137010402,-0.160910453092705,-0.008082167863405416,-0.005282480189700409,-0.005124897621342343,-9.326936347293704e-06
106.56,0.92,0.025,0.009797958971132711,0.5248792922602417,0.5278473586035246,0.3614896015743886,-0.22435892675997027,0.39340462905803003,1.7259146611942725e-06,-0.004106811027261951,-9.625012394136128e-05,-0.0020173476064966464,-3.6909835862923664e-06,0.3059647987725625,-0.18989739560963884,0.3329776780347166,1.4608141692348324e-06,-0.3757362647947862,0.027142742017976135,-0.3076776885115732,-0.1624085810967331,0.18018562741517363,-0.3245739406913143,0.08529307346881593,-0.16087295436821458,-0.008082213637324021,-0.005282494691796044,-0.005127920399617479,-9.359659143080618e-06
106.72000000000003,0.92,0.025,0.009797958971132711,0.5248792922602417,0.5278473586035246,0.36083292847623155,-0.22437403897675057,0.39308168909047336,1.1100710916941308e-06,-0.004101603315537039,-9.265409444441051e-05,-0.002016871948448033,-3.6976638694165703e-06,0.3054089906622824,-0.18991018658992168,0.3327043416461767,9.395641720099123e-07,-0.37522764708590084,0.0274248171378272,-0.30742537415617427,-0.16227478178712854,0.17967916123393438,-0.32430826444984595,0.08527356543656975,-0.1608347049852094,-0.008082259505137959,-0.005282509309002837,-0.005130923202098122,-9.392368768025874e-06
106.88,0.92,0.025,0.009797958971132711,0.5248792922602417,0.5278473586035246,0.36017708831627104,-0.22438857655256053,0.39275882481211527,4.925125378714665e-07,-0.004096399300288507,-8.906710934868095e-05,-0.0020163868949729757,-3.704305896470288e-06,0.3048538875508918,-0.18992249119408725,0.3324310693209744,4.1686261205440925e-07,-0.3747194459366162,0.027706098973199526,-0.30717311970463945,-0.16214101238263612,0.1791735740123859,-0.3240425041306779,0.08525365848595183,-0.16079570725351697,-0.008082305466895775,-0.005282524041778284,-0.0051339060314673285,-9.425064822292311e-06
107.04000000000002,0.92,0.025,0.009797958971132711,0.5248792922602417,0.5278473586035246,0.35952208050283957,-0.22440254093332224,0.39243603774290003,-1.267539044945968e-07,-0.004091198984402255,-8.548915388097415e-05,-0.0020158924750067865,-3.7109096034512468e-06,0.30429948893760345,-0.18993431064596394,0.3321578623455906,-1.0728450476422674e-07,-0.37421166147807094,0.02798658890118321,-0.30692092634277496,-0.16200727351627617,0.17866886468962123,-0.32377666058519905,0.08523335383100712,-0.1607559634855049,-0.008082351522645354,-0.005282538890581152,-0.005136868890539225,-9.457746905679406e-06
107.19999999999999,0.92,0.025,0.009797958971132711,0.5248792922602417,0.5278473586035246,0.35886790444380967,-0.2244159335625955,0.392113329397954,-7.477210718877375e-07,-0.004086002370747983,-8.192021328475371e-05,-0.0020153887175163652,-3.7174749275097078e-06,0.30374579432124055,-0.18994564616738085,0.3318847220024283,-6.328711152457811e-07,-0.373704293840071,0.0282662882972057,-0.3066687952525908,-0.16187356581913326,0.17816503220538651,-0.3235107346628025,0.08521265268720343,-0.16071547599601355,-0.008082397672433943,-0.005282553855871485,-0.005139811782258423,-9.49041461762727e-06
107.36000000000001,0.92,0.025,0.009797958971132711,0.5248792922602417,0.5278473586035246,0.35821455954659537,-0.22442875588158032,0.3917907012875781,-1.3703817335122611e-06,-0.004080809462179222,-7.836027282013577e-05,-0.002014875651499395,-3.7240018069474595e-06,0.30319280320023834,-0.1899564989781696,0.3316116495698061,-1.1598910992447778e-06,-0.37319734315109154,0.028545198535032852,-0.3064167276122954,-0.16173988992035226,0.17766207550008126,-0.3232447272108878,0.08519155627139748,-0.16067424710229192,-0.008082443916308133,-0.00528256893811061,-0.005142734709699552,-9.5230675572244e-06
107.52000000000004,0.92,0.025,0.009797958971132711,0.5248792922602417,0.5278473586035246,0.3575620452181561,-0.2244410093291196,0.3914681549172429,-1.9947285915952064e-06,-0.004075620261533375,-7.480931776388279e-05,-0.0020143533059835232,-3.7304901812156706e-06,0.30264051507264733,-0.18996687029616682,0.3313386463219544,-1.6883382799261827e-06,-0.3726908095382817,0.02882332098676982,-0.30616472459629174,-0.16160624644713653,0.17715999351475936,-0.32297863907486485,0.08517006580180021,-0.16063227912393244,-0.008082490254313845,-0.005282584137761117,-0.00514563767606671,-9.555705323210552e-06
107.68,0.92,0.025,0.009797958971132711,0.5248792922602417,0.5278473586035246,0.35691036086499806,-0.2244526953417021,0.3911456917875826,-2.6207542818170717e-06,-0.004070434771631749,-7.126733340939476e-05,-0.0020138217100255395,-3.736939990914002e-06,0.30208892943613436,-0.18997676133721667,0.33106571352900993,-2.21820642412997e-06,-0.37218469312746616,0.029100657022862433,-0.30591278737517275,-0.16147263602474476,0.17665878519113026,-0.32271247109815715,0.08514818249794219,-0.16058957438280533,-0.008082536686496349,-0.005282599455286901,-0.005148520684692916,-9.588327513984642e-06
107.84000000000003,0.92,0.025,0.009797958971132711,0.5248792922602417,0.5278473586035246,0.3562595058931777,-0.22446381535346452,0.390823313394389,-3.2484513735776816e-06,-0.004065252995279588,-6.773430506670112e-05,-0.0020132808927105983,-3.7433511777887125e-06,0.3015380457879856,-0.18998617331517237,0.3307928524570109,-2.7494892425961497e-06,-0.3716789940431494,0.029377208012097693,-0.3056609171157171,-0.16133905927648856,0.17615844947155937,-0.3224462241222041,0.0851259075806406,-0.1605461352029966,-0.00808258321290024,-0.005282614891153118,-0.0051513837390396765,-9.620933727608085e-06
108.0,0.92,0.025,0.009797958971132711,0.5248792922602417,0.5278473586035246,0.3556094797083036,-0.22447437079619476,0.39050102122860797,-3.877812370538376e-06,-0.00406007493526611,-6.421021806245431e-05,-0.0020127308831514017,-3.74972368473112e-06,0.30098786362510815,-0.18999510744189926,0.33052006436789383,-3.2821803904236816e-06,-0.37117371240851826,0.029652975321605282,-0.3054091149808859,-0.16120551682373024,0.17565898529906895,-0.32217989898646476,0.08510324227196471,-0.1605019639107429,-0.008082629833569452,-0.005282630445826229,-0.005154226842696402,-9.653523561812701e-06
108.16000000000003,0.92,0.025,0.009797958971132711,0.5248792922602417,0.5278473586035246,0.35496028171553956,-0.22448436309933414,0.39017881677633215,-4.508829710907549e-06,-0.0040549005943645395,-6.0695057739920505e-05,-0.0020121717104874108,-3.756057455776041e-06,0.3004383824440327,-0.19000356492727644,0.33024735051948756,-3.816273467312149e-06,-0.3706688483454448,0.029927960316858265,-0.3051573821298181,-0.16107200928587997,0.17516039161733918,-0.3219134965284206,0.08508018779520246,-0.16045706283436872,-0.008082676548547234,-0.0052826461197739705,-0.005157049999379944,-9.686096614005443e-06
108.32,0.92,0.025,0.009797958971132711,0.5248792922602417,0.5278473586035246,0.354311911319607,-0.22449379368998035,0.38985670151879775,-5.141495767921335e-06,-0.004049729975332148,-5.718880945897222e-05,-0.0020116034038840627,-3.7623524361000808e-06,0.2998896017409154,-0.19001154697919936,0.32997471216551044,-4.351762017968618e-06,-0.3701644019744902,0.030202164361674385,-0.3049057197178271,-0.1609385372803937,0.17466266737070885,-0.3216470175835793,0.08505674537482749,-0.1604114343042239,-0.008082723357876164,-0.005282661913465374,-0.0051598532129340825,-9.718652481275323e-06
108.48000000000002,0.92,0.025,0.009797958971132711,0.5248792922602417,0.5278473586035246,0.3536643679247871,-0.2245026639928899,0.3895346769323787,-5.775802850111389e-06,-0.00404456308091028,-5.3691458596080955e-05,-0.0020110259925319924,-3.7686085720197198e-06,0.2993415210115398,-0.19001905480358203,0.32970215055556534,-4.88863953233428e-06,-0.36966037341490693,0.030475588818216912,-0.3046541288963972,-0.16080510142277088,0.17416581150417612,-0.3213804629854767,0.08503291623646607,-0.16036508065262145,-0.008082770261598139,-0.005282677827370769,-0.0051626364873290625,-9.751190760397211e-06
108.63999999999999,0.92,0.025,0.009797958971132711,0.5248792922602417,0.5278473586035246,0.3530176509349241,-0.2245109754304809,0.3892127444885834,-6.411743201871129e-06,-0.004039399913824396,-5.020299054430862e-05,-0.0020104395056462524,-3.774825810989602e-06,0.2987941397513198,-0.19002608960435904,0.329429666935137,-5.4268994460637235e-06,-0.3691567627846428,0.0307482350469957,-0.304402610813181,-0.16067170232655237,0.17366982296339947,-0.32111383356568085,0.0850087016068641,-0.16031800421377573,-0.008082817259754361,-0.005282693861961772,-0.005165399826661075,-9.78371104784016e-06
108.80000000000001,0.92,0.025,0.009797958971132711,0.5248792922602417,0.5278473586035246,0.3523717597534273,-0.22451872942283577,0.3888909056540492,-7.049309003824e-06,-0.004034240476784099,-4.6723390713299435e-05,-0.002009843972465548,-3.781004101601238e-06,0.2982474574553009,-0.1900326525834882,0.32915726254558725,-5.9665351408366335e-06,-0.36865357020034323,0.03102010440686833,-0.30415116661199476,-0.16053834060331815,0.1731747006946983,-0.3208471301537947,0.08498410271385484,-0.16027020732374098,-0.008082864352385347,-0.005282710017711301,-0.0051681432351517965,-9.816212939774355e-06
108.96000000000004,0.92,0.025,0.009797958971132711,0.5248792922602417,0.5278473586035246,0.3517266937832735,-0.2245259273877036,0.3885691618905388,-7.688492373175751e-06,-0.004029084772483174,-4.325264452927277e-05,-0.002009239422251475,-3.787143393580236e-06,0.2977014736181627,-0.19003874494095235,0.3288849386241521,-6.507539944655956e-06,-0.36815079577735443,0.03129119825504109,-0.3038997974328166,-0.16040501686268524,0.172680443645054,-0.32058035357745923,0.08495912078632652,-0.16022169232035088,-0.008082911539530925,-0.005282726295093576,-0.005170866717147924,-9.848696032074172e-06
109.12,0.92,0.025,0.009797958971132711,0.5248792922602417,0.5278473586035246,0.3510824524270101,-0.22453257074050315,0.388247514654937,-8.329285364167119e-06,-0.004023932803599623,-3.979073743501513e-05,-0.002008625884287759,-3.7932436377850472e-06,0.29715618773422137,-0.19004436787476187,0.3286126964039387,-7.0499071322310495e-06,-0.36764843962972704,0.03156151794706983,-0.30364850441178337,-0.16027173171230638,0.1721870507621106,-0.32031350466235653,0.0849337570541902,-0.16017246154315795,-0.008082958821230215,-0.005282742694584113,-0.005173570277120682,-9.881159920326551e-06
109.28000000000003,0.92,0.025,0.009797958971132711,0.5248792922602417,0.5278473586035246,0.3504390350867571,-0.22453866089432534,0.3879259653992452,-8.971679968586332e-06,-0.0040187845727956955,-3.6337654889870524e-05,-0.0020080033878795028,-3.7993047862048655e-06,0.29661159929743125,-0.19004952258095698,0.32834053711392114,-7.593629925411472e-06,-0.36714650187021886,0.031831064836861434,-0.3033972886811869,-0.160138485757867,0.1716945209941757,-0.32004658423221316,0.08490801274834797,-0.16012251733337324,-0.008083006197521643,-0.005282759216659741,-0.005176253919665378,-9.913604199838197e-06
109.44,0.92,0.025,0.009797958971132711,0.5248792922602417,0.5278473586035246,0.3497964411642098,-0.22454419925993585,0.38760451557058007,-9.615668116115582e-06,-0.004013640082717925,-3.289338236973437e-05,-0.0020073719623524447,-3.8053267919578084e-06,0.2960677078013872,-0.19005421025360972,0.32806846197893896,-8.13870149348023e-06,-0.3666449826102975,0.03209984027667433,-0.3031461513694734,-0.1600052796030847,0.17120285329022095,-0.3197795931088026,0.08488188910066138,-0.1600718620338075,-0.00808305366844292,-0.0052827758617985865,-0.005178917649500931,-9.946028465641315e-06
109.60000000000002,0.92,0.025,0.009797958971132711,0.5248792922602417,0.5278473586035246,0.3491546700606414,-0.22454918724577788,0.3872831666111681,-1.0261241674782965e-05,-0.0040084993359971646,-2.9457905367045595e-05,-0.0020067316370522134,-3.8113096092885137e-06,0.2955245127393269,-0.1900584320848264,0.32779647221969266,-8.685114953536301e-06,-0.3661438819601441,0.03236784561712,-0.3028950936012386,-0.15987211384970637,0.17071204659988326,-0.3195125321119491,0.08485538734392004,-0.16002049798881174,-0.008083101234031054,-0.005282792630480089,-0.005181561471469439,-9.978432312499497e-06
109.75999999999999,0.92,0.025,0.009797958971132711,0.5248792922602417,0.5278473586035246,0.3485137211769053,-0.22455362625797468,0.3869619199583438,-1.0908392451409516e-05,-0.004003362335248618,-2.603120939077618e-05,-0.0020060824413436033,-3.8172531935664344e-06,0.2949820136041327,-0.19006218926474977,0.3275245690527422,-9.232863370873015e-06,-0.36564320002865625,0.03263508220716366,-0.30264411649722733,-0.1597389890975074,0.1702220998734653,-0.3192454020595301,0.08482850871181079,-0.15996842754421933,-0.008083148894322337,-0.005282809523184995,-0.005184185390535725,-1.0010815334915318e-05
109.92000000000002,0.92,0.025,0.009797958971132711,0.5248792922602417,0.5278473586035246,0.34787359391343775,-0.2245575177003323,0.38664077704454636,-1.1557112192185722e-05,-0.003998229083071876,-2.261327996642639e-05,-0.0020054244046098318,-3.823157501283633e-06,0.29444020988833375,-0.19006548298156128,0.32725275369050405,-9.781939759465995e-06,-0.36514293692345035,0.03290155139412563,-0.30239322117433054,-0.1596059059442896,0.1697330120619365,-0.3189782037674797,0.0848012544388864,-0.15991565304728697,-0.00808319664935234,-0.0052828265403953726,-0.005186789411786886,-1.0043177127138632e-05
110.07999999999998,0.92,0.025,0.009797958971132711,0.5248792922602417,0.5278473586035246,0.3472342876702603,-0.22456086297434216,0.38631973929731656,-1.2207392582871932e-05,-0.00399309958205095,-1.9204102636013825e-05,-0.0020047575562518226,-3.829022490052647e-06,0.2938991010841083,-0.19006831442148323,0.32698102734124873,-1.0332337082142804e-05,-0.36464309275086587,0.03316725452368203,-0.3021424087455834,-0.15947286498587981,0.1692447821169337,-0.31871093804979167,0.08477362576053504,-0.15986217684663745,-0.008083244499155916,-0.0052828436825945995,-0.005189373540431857,-1.0075517283170064e-05
110.24000000000001,0.92,0.025,0.009797958971132711,0.5248792922602417,0.5278473586035246,0.3465958018469825,-0.22456366347918386,0.38599880813929416,-1.2859225249504223e-05,-0.003987973834754305,-1.5803662958067246e-05,-0.002004081925687495,-3.8348481186043415e-06,0.293358686683286,-0.19007068476878122,0.3267093912090986,-1.0884048251180374e-05,-0.3641436676159674,0.03343219293986624,-0.3018916803201634,-0.15933986681612838,0.1687574089907619,-0.31844360571852215,0.08474562391295026,-0.15980800129220316,-0.008083292443767185,-0.0052828609502673695,-0.005191937781801017,-1.0107835396771406e-05
110.40000000000003,0.92,0.025,0.009797958971132711,0.5248792922602417,0.5278473586035246,0.345958135842804,-0.22456592061172748,0.3856779849882158,-1.3512601758684056e-05,-0.003982851843734895,-1.2411946507617045e-05,-0.00200339754235104,-3.840634346785748e-06,0.2928189661773493,-0.19007259520576614,0.3264378464940259,-1.1437066128550185e-05,-0.36364466162254794,0.03369636798506947,-0.30164103700338873,-0.15920691202690807,0.16827089163639503,-0.3181762075837932,0.08471725013310033,-0.1597531287351681,-0.008083340483219537,-0.005282878343899697,-0.005194482141345713,-1.0140131061470471e-05
110.56,0.92,0.025,0.009797958971132711,0.5248792922602417,0.5278473586035246,0.345321289056517,-0.22456763576653657,0.38535727125691244,-1.416751361818922e-05,-0.003977733611530196,-9.028938876188336e-06,-0.002002704435692219,-3.846381135557508e-06,0.292279939057436,-0.19007404691279656,0.3261663943918507,-1.1991383526435358e-05,-0.36314607487313205,0.03395978100004232,-0.3013904798967165,-0.15907400120811233,0.16778522900747692,-0.3179087444537956,0.08468850565869836,-0.1596975615279124,-0.008083388617545631,-0.005282895863978922,-0.005197006624637875,-1.0172403870569417e-05
110.72000000000003,0.92,0.025,0.009797958971132711,0.5248792922602417,0.5278473586035246,0.34468526088650936,-0.22456881033587056,0.38503666835330724,-1.4823952277309067e-05,-0.003972619140662242,-5.654625671792169e-06,-0.002002002635175671,-3.8520884469923505e-06,0.2917416048143415,-0.19007504106828085,0.32589503609423925,-1.2546993207514395e-05,-0.3626479074689789,0.03422243332389534,-0.3011400100977416,-0.1589411349476543,0.16730042005832202,-0.31764121713479215,0.08465939172817318,-0.15964130202395688,-0.008083436846777392,-0.005282913510993709,-0.005199511237369607,-1.0204653417152133e-05
110.88,0.92,0.025,0.009797958971132711,0.5248792922602417,0.5278473586035246,0.3440500507307665,-0.22456944570968757,0.38471617768041355,-1.5481909127471177e-05,-0.003967508433637654,-2.2889925189169413e-06,-0.002001292170280204,-3.857756244271804e-06,0.2912039629385208,-0.19007557884867957,0.325623772788702,-1.3103887885491605e-05,-0.3621501595100852,0.03448432629410042,-0.30088962870019487,-0.15880831383146565,0.1668164637439158,-0.3173736264311201,0.08462990958063907,-0.15958435257790646,-0.008083485170945984,-0.005282931285434041,-0.005201995985352756,-1.023687929409112e-05
111.04000000000002,0.92,0.025,0.009797958971132711,0.5248792922602417,0.5278473586035246,0.3434156579868739,-0.22456954327564682,0.38439580063633344,-1.614137550261476e-05,-0.003962401492947681,1.0679749414784904e-06,-0.0020005730704981198,-3.8633844916845965e-06,0.29066701292009006,-0.1900756614285075,0.32535260565859264,-1.3662060225413134e-05,-0.3616528310951882,0.034745461246491756,-0.3006393367939424,-0.15867553844349533,0.16633335901991603,-0.3171059731451952,0.0846000604558672,-0.1595267155453967,-0.008083533590081841,-0.005282949187791242,-0.0052044608745185385,-1.0269081094055417e-05
111.19999999999999,0.92,0.025,0.009797958971132711,0.5248792922602417,0.5278473586035246,0.34278208205201977,-0.22456910441911154,0.38407553861425575,-1.6802342679730735e-05,-0.003957298321068223,4.416291051974574e-06,-0.001999845365334522,-3.868973154623709e-06,0.29013075424882956,-0.19007528998033602,0.32508153588310607,-1.4221502844124095e-05,-0.36115592232176863,0.03500583951526682,-0.30038913546498436,-0.1585428093657086,0.1658511048426532,-0.3168382580775135,0.08456984559425632,-0.15946839328303844,-0.008083582104214634,-0.0052829672185579525,-0.0052069059109171294,-1.0301258409517473e-05
111.36000000000001,0.92,0.025,0.009797958971132711,0.5248792922602417,0.5278473586035246,0.3421493223229973,-0.22456813052315136,0.38375539300245454,-1.7464801879278853e-05,-0.003952198920459878,7.755970138698204e-06,-0.0019991090843066383,-3.874522199584855e-06,0.2895951864141849,-0.19007446567479533,0.32481056463727753,-1.4782208310621623e-05,-0.36065943328605393,0.03526546243298753,-0.3001390257954535,-0.15841012717808597,0.16536970016913144,-0.31657048202665555,0.08453926623680405,-0.1594093881483638,-0.008083630713373285,-0.005282985378228161,-0.005209331100717271,-1.0333410832762117e-05
111.52000000000004,0.92,0.025,0.009797958971132711,0.5248792922602417,0.5278473586035246,0.3415173781962074,-0.22456662296854515,0.3834353651842888,-1.8128744265812303e-05,-0.003947103293567966,1.108702651133128e-05,-0.0019983642569431507,-3.880031594162609e-06,0.28906030890526996,-0.19007318968057663,0.32453969309198205,-1.5344169146583534e-05,-0.3601633640830213,0.03552433133058123,-0.2998890088636156,-0.15827749245862266,0.16488914395702922,-0.31630264578928885,0.08450832362507826,-0.1593497024997729,-0.00808367941758595,-0.005283003667297179,-0.00521173645020589,-1.0365537955892389e-05
111.68,0.92,0.025,0.009797958971132711,0.5248792922602417,0.5278473586035246,0.3408862490676608,-0.2245645831337834,0.3831154565382003,-1.879416094839215e-05,-0.0039420114428225655,1.4409474463118808e-05,-0.001997610912783532,-3.885501307049355e-06,0.2885261212108681,-0.1900714631644343,0.32426892241393274,-1.5907377826719115e-05,-0.35966771480640003,0.03578244753734176,-0.2996390857438678,-0.15814490578332724,0.16440943516470005,-0.3160347501601709,0.0844770190011892,-0.15928933869648101,-0.00808372821688003,-0.005283022086261666,-0.005214121965787728,-1.0397639370839959e-05
111.84000000000003,0.92,0.025,0.009797958971132711,0.5248792922602417,0.5278473586035246,0.3402559343329806,-0.2245620123950712,0.3827956684377127,-1.946104298106674e-05,-0.003936923370638546,1.7723328270877708e-05,-0.0019968490813773825,-3.890931308031767e-06,0.28799262281943483,-0.19006928729118827,0.32399825376568003,-1.647182677917489e-05,-0.3591724855486755,0.0360398123809306,-0.29938925750673806,-0.1580123677262211,0.16393057275117326,-0.3157667959321522,0.08444535360776112,-0.15922829909846561,-0.008083777111282145,-0.005283040635619614,-0.005216487653984982,-1.0429714669370171e-05
112.0,0.92,0.025,0.009797958971132711,0.5248792922602417,0.5278473586035246,0.339626433387405,-0.22455891212633045,0.38247600225143136,-2.0129381363509345e-05,-0.003931839079415605,2.1028602195004656e-05,-0.001996078792283768,-3.896321567988644e-06,0.2874598132190996,-0.1900666632237261,0.3237276883056115,-1.703750838607431e-05,-0.35867767640109127,0.03629642718737771,-0.2991395252188856,-0.15787987885933763,0.16345255567615485,-0.3154987838961795,0.0844133286879043,-0.1591665860664138,-0.00808382610081815,-0.005283059315870361,-0.005218833521436892,-1.0461763443092822e-05
112.15999999999997,0.92,0.025,0.009797958971132711,0.5248792922602417,0.5278473586035246,0.338997745625789,-0.2245552836992028,0.3821564593430429,-2.079916704134119e-05,-0.003926758571538296,2.4325310479484426e-05,-0.0019953000750705884,-3.901672058888559e-06,0.2869276918976678,-0.19006359212300525,0.3234572271879515,-1.7604414983791186e-05,-0.35818328745365263,0.036552293281082955,-0.2988898899430999,-0.15774743975272212,0.162975382900028,-0.315230714841299,0.08438094548518812,-0.15910420196167177,-0.00808387518551312,-0.005283078127514588,-0.005221159574899436,-1.049378528346834e-05
112.32000000000005,0.92,0.025,0.009797958971132711,0.5248792922602417,0.5278473586035246,0.33836987044260763,-0.2245511284830522,0.3818370410713131,-2.1470390906826944e-05,-0.003921681849376065,2.761346735189845e-05,-0.0019945129593139104,-3.906982753786529e-06,0.2863962583426231,-0.1900600751480554,0.32318687156275944,-1.8172538863538326e-05,-0.35768931879512944,0.03680741198481675,-0.2986403527383004,-0.15761505097442993,0.162499053383854,-0.3149625895546584,0.08434820524361294,-0.15904114914619205,-0.008083924365391345,-0.00528309707105432,-0.0052234658212449376,-1.0525779781816614e-05
112.48000000000002,0.92,0.025,0.009797958971132711,0.5248792922602417,0.5278473586035246,0.337742807231958,-0.2245464478449675,0.3815177487900891,-2.2143043799345425e-05,-0.003916608915283287,3.089308702343291e-05,-0.001993717474597342,-3.912253626822043e-06,0.28586551204112925,-0.1900561134559805,0.3229166225759314,-1.874187227176597e-05,-0.35719577051305895,0.03706178461972146,-0.29839091465953754,-0.15748271309052728,0.162023566089373,-0.3146944088215112,0.08431510920758335,-0.15897742998248324,-0.008083973640476343,-0.005283116146992937,-0.005225752267461719,-1.0557746529326379e-05
112.63999999999999,0.92,0.025,0.009797958971132711,0.5248792922602417,0.5278473586035246,0.3371165553875616,-0.22454124314976495,0.3811985838482975,-2.2817116505778016e-05,-0.00391153977159929,3.416418368888757e-05,-0.0019929136505114084,-3.917484653216101e-06,0.2853354524800321,-0.19005170820196107,0.32264648136919905,-1.9312407410490514e-05,-0.35670264269374885,0.03731541250531223,-0.298141576757992,-0.1573504266650903,0.16154891997900436,-0.3144261734252187,0.08428165862188164,-0.1589130468335606,-0.008084023010790824,-0.005283135355835162,-0.005228018920653789,-1.0589685117061065e-05
112.79999999999995,0.92,0.025,0.009797958971132711,0.5248792922602417,0.5278473586035246,0.3364911143027669,-0.2245355157599911,0.3808795475899446,-2.349259976129046e-05,-0.003906474420648401,3.7426771526683324e-05,-0.0019921015166529045,-3.922675809268257e-06,0.2848060791458619,-0.19004686053925646,0.3223764490801291,-1.9884136437956248e-05,-0.3562099354222804,0.03756829695947817,-0.29789234008097476,-0.15721819226020411,0.1610751140158481,-0.3141578841472539,0.08424785473164047,-0.15884800206289443,-0.008084072476356712,-0.005283154698087079,-0.005230265788040475,-1.062159513597014e-05
112.96000000000004,0.92,0.025,0.009797958971132711,0.5248792922602417,0.5278473586035246,0.3358664833705516,-0.22452926703592513,0.38056064135411694,-2.4169484249666874e-05,-0.0039014128647399658,4.068086469887085e-05,-0.0019912811026242864,-3.927827072354426e-06,0.2842773915248349,-0.19004157161920704,0.3221065268421246,-2.0457051468918043e-05,-0.3557176487825111,0.03782043929848353,-0.2976432056719281,-0.1570860104359632,0.16060214716368484,-0.3138895417672034,0.0842136987823169,-0.15878229803436145,-0.008084122037195133,-0.005283174174256126,-0.005232492876956099,-1.0653476176896429e-05
113.12,0.92,0.025,0.009797958971132711,0.5248792922602417,0.5278473586035246,0.3352426619835252,-0.2245224983355818,0.3802418664749818,-2.4847760603879448e-05,-0.003896355106168392,4.392647735114079e-05,-0.001990452438033054,-3.932938420923523e-06,0.28374938910285574,-0.19003584259123643,0.32183671578442463,-2.1031144575123567e-05,-0.35522578285707784,0.038071840836968525,-0.29739417457042583,-0.15695388175047087,0.16013001838697696,-0.3136211470627715,0.0841791920196662,-0.15871593711219598,-0.008084171693326408,-0.005283193784851089,-0.005234700194849661,-1.0685327830583733e-05
113.27999999999997,0.92,0.025,0.009797958971132711,0.5248792922602417,0.5278473586035246,0.33461964953393125,-0.22451521101471356,0.37992322428178726,-2.5527419406710094e-05,-0.0038913011472131776,4.716362361282828e-05,-0.001989615552491135,-3.938009834494964e-06,0.2832220713655194,-0.19002967460285355,0.3215670170321048,-2.1606407785839424e-05,-0.3547343377273998,0.03832250288795043,-0.2971452478121739,-0.15682180675983903,0.1596587266508694,-0.3133527008097826,0.08414433568971554,-0.15864892166094044,-0.008084221444770048,-0.005283213530382129,-0.0052368877492845025,-1.0717149687687571e-05
113.44000000000005,0.92,0.025,0.009797958971132711,0.5248792922602417,0.5278473586035246,0.33399744541364973,-0.22450740642681372,0.3796047160988627,-2.6208451191247494e-05,-0.0038862509901389456,5.0392317596926055e-05,-0.001988770475614289,-3.943041293655821e-06,0.2826954377981131,-0.19002306879965514,0.3212974317060774,-2.218283308827188e-05,-0.3542433134736814,0.038572426762824935,-0.2968964264290108,-0.1566897860181878,0.15918827092118984,-0.3130842037821842,0.08410913103873884,-0.1585812540453983,-0.008084271291544754,-0.005283233411360756,-0.0052390555479380225,-1.0748941338783367e-05
113.60000000000002,0.92,0.025,0.009797958971132711,0.5248792922602417,0.5278473586035246,0.3333760490141996,-0.2244990859231188,0.37928634324562016,-2.689084644135785e-05,-0.003881204637195475,5.361257340008918e-05,-0.0019879172370214893,-3.9480327800577e-06,0.2821694878856186,-0.19001602632532774,0.32102796092309294,-2.2760412427965286e-05,-0.35375271017491516,0.03882161377136695,-0.296647711448909,-0.1565578200776458,0.1587186501644501,-0.3128156567520502,0.08407357931323045,-0.15851293663058466,-0.008084321233668411,-0.00528325342829985,-0.005241203598601313,-1.0780702374373711e-05
113.75999999999999,0.92,0.025,0.009797958971132711,0.5248792922602417,0.5278473586035246,0.33275545972674075,-0.224490250852611,0.37896810703655504,-2.7574595592423908e-05,-0.0038761620906177362,5.6824405102645795e-05,-0.0019870558663343573,-3.952984276414142e-06,0.28164422111271337,-0.19000854832164996,0.32075860579574017,-2.3339137709427596e-05,-0.3532625279088848,0.03907006522173172,-0.2963991038959755,-0.15642590948834992,0.15824986334784627,-0.31254706048958364,0.08403768175988095,-0.15844397178168118,-0.008084371271158084,-0.005283273581713662,-0.005243331909178934,-1.0812432384900805e-05
113.91999999999996,0.92,0.025,0.009797958971132711,0.5248792922602417,0.5278473586035246,0.3321356769420771,-0.22448090256202113,0.37865000878124644,-2.8259689031679947e-05,-0.0038711233526259234,6.0027826768604235e-05,-0.001986186393176548,-3.957895766497402e-06,0.28111963696377407,-0.1900006359284947,0.320489367432447,-2.391900079641391e-05,-0.3527727667521681,0.03931778242045585,-0.2961506047904527,-0.1562940547984451,0.15778190943925985,-0.31227841576311965,0.08400143962555119,-0.15837436186398735,-0.008084421404030007,-0.005283293872117802,-0.005245440487688561,-1.0844130960751824e-05
114.08000000000004,0.92,0.025,0.009797958971132711,0.5248792922602417,0.5278473586035246,0.33151670005065803,-0.22447104239583102,0.3783320497843591,-2.894611709889108e-05,-0.0038660884254254854,6.322285244566255e-05,-0.0019853088471731726,-3.9627672351357305e-06,0.280595734922877,-0.18999229028383138,0.3202202469374815,-2.449999351250141e-05,-0.35228342678013974,0.03956476667245863,-0.2959022151487196,-0.1561622565540846,0.157314787407258,-0.3120097233391287,0.08396485415724761,-0.15830410924287433,-0.00808447163229959,-0.005283314300029259,-0.005247529342260697,-1.0875797692270435e-05
114.24000000000001,0.92,0.025,0.009797958971132711,0.5248792922602417,0.5278473586035246,0.3308985284425816,-0.2244606716962762,0.3780142313456457,-2.9633870086999796e-05,-0.0038610573112071596,6.640949616521661e-05,-0.0019844232579502357,-3.967598668210158e-06,0.2800725144738011,-0.1899835125237282,0.31995124541095454,-2.508210764163663e-05,-0.35179450806697427,0.03981101928104289,-0.2956539359832945,-0.15603051529943057,0.1568484962210946,-0.3117409839822194,0.08392792660209837,-0.1582332162837402,-0.008084521955981406,-0.00528333486596639,-0.005249598481138418,-1.0907432169766693e-05
114.39999999999998,0.92,0.025,0.009797958971132711,0.5248792922602417,0.5278473586035246,0.3302811615075964,-0.22444979180334837,0.3776965547599456,-3.0322938242465015e-05,-0.0038560300121470055,6.958777194236842e-05,-0.0019835296551340407,-3.972390052651607e-06,0.2795499751000296,-0.18997430378235408,0.319682363948818,-2.566533492842239e-05,-0.3513060106856491,0.040056541547896035,-0.2954057683028336,-0.15589883157665305,0.1563830348507108,-0.3114721984551413,0.08389065820732801,-0.15816168535196282,-0.008084572375089185,-0.005283355570448926,-0.005251647912677068,-1.093903398352375e-05
114.56000000000006,0.92,0.025,0.009797958971132711,0.5248792922602417,0.5278473586035246,0.32966459863510394,-0.22443840405479823,0.37737902131718903,-3.1013311766021984e-05,-0.0038510065304064385,7.275769377593563e-05,-0.001982628068350635,-3.977141376437786e-06,0.279028116284752,-0.18996466519198124,0.3194136036428688,-2.624966707876101e-05,-0.3508179347079472,0.040301334773091266,-0.2951577131121349,-0.1557672059259313,0.1559184022667358,-0.3112033675187884,0.08385305022023386,-0.15808951881285532,-0.008084622889635825,-0.005283376413997983,-0.0052536776453440005,-1.0970602723809772e-05
114.72000000000003,0.92,0.025,0.009797958971132711,0.5248792922602417,0.5278473586035246,0.3290488392141612,-0.22442650978613796,0.3770616323023982,-3.170498081320061e-05,-0.003845986868132257,7.591927564845824e-05,-0.0019817185272252486,-3.981852628590238e-06,0.2785069375108661,-0.1899545978829872,0.31914496558074984,-2.6835095760292995e-05,-0.35033028020446044,0.04054540025508866,-0.2949097714121394,-0.15563563888545381,0.15545459744048729,-0.3109344919322015,0.08381510388816207,-0.1580167190316217,-0.00808467349963336,-0.00528339739713605,-0.005255687687718289,-1.1002137980887152e-05
114.88,0.92,0.025,0.009797958971132711,0.5248792922602417,0.5278473586035246,0.3284338826334827,-0.2244141103306437,0.3767443889956879,-3.239793549479546e-05,-0.0038409710274566818,7.907253152621e-05,-0.0019808010613817295,-3.986523799170937e-06,0.2779864382609798,-0.18994410298385683,0.31887645084595023,-2.742161260279488e-05,-0.3498430472445918,0.040788739290736106,-0.2946619441999314,-0.15550413099141816,0.1549916193439723,-0.3106655724525716,0.0837768204584837,-0.1579432883733118,-0.008084724205092987,-0.0052834185203870015,-0.005257678048490498,-1.1033639345019978e-05
115.03999999999996,0.92,0.025,0.009797958971132711,0.5248792922602417,0.5278473586035246,0.3278197282814433,-0.2244012070193585,0.3764272926722694,-3.309216587765833e-05,-0.0038359590104973837,8.221747535920408e-05,-0.001979875700442,-3.991154879279342e-06,0.2774666180174136,-0.18993318162118505,0.3186080605178088,-2.800920919885001e-05,-0.3493562358965593,0.04103135317527046,-0.29441423246874193,-0.15537268277803182,0.15452946694988803,-0.3103966098352426,0.08373820117857138,-0.15786922920277804,-0.008084775006025034,-0.005283439784276088,-0.0052596487364623985,-1.106510640648723e-05
115.20000000000005,0.92,0.025,0.009797958971132711,0.5248792922602417,0.5278473586035246,0.3272063755460796,-0.22438780118109466,0.37611034460245085,-3.3787661985034166e-05,-0.0038309508193575194,8.535412108120364e-05,-0.0019789424740255094,-3.995745861049257e-06,0.2769474762622018,-0.18992183491967854,0.31833979567151444,-2.859787710413292e-05,-0.34886984622739764,0.041273243202318906,-0.2941666372079497,-0.15524129477751253,0.15406813923162221,-0.3101276048337145,0.0836992472957762,-0.15779454388463182,-0.008084825902438971,-0.005283461189329963,-0.005261599760546744,-1.1096538755589312e-05
115.36000000000001,0.92,0.025,0.009797958971132711,0.5248792922602417,0.5278473586035246,0.32659382381509355,-0.22437389414243616,0.3757935460516419,-3.448441379736763e-05,-0.003825946456125761,8.848248260972979e-05,-0.001978001411748692,-4.000296737645625e-06,0.27642901247709517,-0.18991006400215799,0.3180716573781097,-2.9187607838091966e-05,-0.3483838783029621,0.041514410663899305,-0.29391915940308444,-0.15510996752008904,0.153607635163254,-0.3098585581996462,0.08365996005740452,-0.1577192347832005,-0.008084876894343404,-0.0052834827360766475,-0.005263531129766993,-1.1127935982660994e-05
115.51999999999998,0.92,0.025,0.009797958971132711,0.5248792922602417,0.5278473586035246,0.3259820724758534,-0.22435948722774174,0.3754768982803529,-3.518241125269869e-05,-0.003820945922876331,9.160257384607032e-05,-0.0019770525432244303,-4.00480750326121e-06,0.27591122614356234,-0.18989786998956062,0.31780364670449074,-2.977839288428417e-05,-0.34789833218793076,0.041754856850422226,-0.2936718000358266,-0.1549787015340008,0.15314795371955459,-0.3095894706828584,0.083620340710695,-0.15764330426248446,-0.008084927981746067,-0.005283504425045573,-0.005265442853257108,-1.1159297678078567e-05
115.68000000000006,0.92,0.025,0.009797958971132711,0.5248792922602417,0.5278473586035246,0.3253711209153972,-0.22434458175914707,0.37516040254419986,-3.588164424739271e-05,-0.003815949221669032,9.471440867528907e-05,-0.001976095898061518,-4.009278153113492e-06,0.27539411674279224,-0.18988525400094208,0.3175357647134108,-3.037022369099319e-05,-0.347413207945808,0.04199458305069121,-0.29342456008401174,-0.1548474973454994,0.15268909387598764,-0.3093203430313369,0.08358039050279592,-0.15756675468611483,-0.00808497916465382,-0.005283526256767548,-0.005267334940261276,-1.1190623432272238e-05
115.84000000000003,0.92,0.025,0.009797958971132711,0.5248792922602417,0.5278473586035246,0.32476096852043446,-0.22432917905656766,0.37484406009390697,-3.6582102636641925e-05,-0.0038109563545492813,9.781800096623316e-05,-0.0019751315058641615,-4.013708683441259e-06,0.2748776837556957,-0.18987221715347888,0.31726801246348285,-3.096309167165373e-05,-0.34692850563892697,0.04223359055190444,-0.2931774405216326,-0.15471635547884904,0.15223105460871045,-0.3090511759912348,0.08354011068074374,-0.1574895884173132,-0.00808503044307263,-0.005283548231774782,-0.005269207400133749,-1.122191283573465e-05
116.0,0.92,0.025,0.009797958971132711,0.5248792922602417,0.5278473586035246,0.32415161467734827,-0.22431328043770107,0.37452787217530803,-3.728377623515591e-05,-0.003805967323548142,0.00010091336457154244,-0.0019741593962314197,-4.018099091501442e-06,0.2743619266629076,-0.1898587605624702,0.3170003910091807,-3.155698820543596e-05,-0.3464442253284521,0.042471880639655485,-0.29293044231884036,-0.15458527645632686,0.15177383489457413,-0.30878197030687654,0.08349950249143932,-0.15741180781884762,-0.0080850818170076,-0.005283570350600888,-0.005271060242338538,-1.1253165479032889e-05
116.15999999999997,0.92,0.025,0.009797958971132711,0.5248792922602417,0.5278473586035246,0.32354305877219824,-0.22429688721802996,0.3742118400293502,-3.798665481759947e-05,-0.003800982130682355,0.0001040005133276596,-0.001973179598756724,-4.022449375565714e-06,0.2738468449447886,-0.18984488534134056,0.31673290140084204,-3.215190463761619e-05,-0.345960367074383,0.04270945459793441,-0.2926835664419479,-0.15445426079822377,0.15131743371112447,-0.30851272672075986,0.08345856718162747,-0.15733341525299413,-0.00808513328646293,-0.005283592613780868,-0.005272893476449274,-1.1284380952816366e-05
116.32000000000005,0.92,0.025,0.009797958971132711,0.5248792922602417,0.5278473586035246,0.3229353001907223,-0.22428000071082432,0.373895964892097,-3.8690728119340764e-05,-0.0037960007779543723,0.00010707946105483648,-0.0019721921430273476,-4.026759534917103e-06,0.2733324380814274,-0.18983059260164173,0.3164655446846709,-3.2747832280210025e-05,-0.34547693093555637,0.04294631370912915,-0.29243681385343245,-0.1543233090228456,0.15086185003660252,-0.30824344597355907,0.08341730599787414,-0.1572544130814945,-0.008085184851441926,-0.0052836150218511305,-0.005274707112148946,-1.131555884782922e-05
116.48000000000002,0.92,0.025,0.009797958971132711,0.5248792922602417,0.5278473586035246,0.3223283383183392,-0.22426262222714433,0.3735802479947314,-3.9395985837004666e-05,-0.003791023267352387,0.00011015022155714432,-0.0019711970586239187,-4.031029569846775e-06,0.2728187055526423,-0.18981588345305497,0.31619832190274066,-3.334476241244075e-05,-0.3449939169696492,0.04318245925402628,-0.2921901855119383,-0.1541924216465135,0.1504070828499454,-0.3079741288041283,0.08337572018654592,-0.1571748036655177,-0.008085236511946996,-0.0052836375753494876,-0.005276501159229744,-1.134669875492055e-05
116.63999999999999,0.92,0.025,0.009797958971132711,0.5248792922602417,0.5278473586035246,0.3217221725401506,-0.22424475307584263,0.373264690563559,-4.01024176290375e-05,-0.003786049600850367,0.00011321280862248218,-0.001970194375119896,-4.035259481650386e-06,0.2723056468379835,-0.18980075900339322,0.31593123409299634,-3.394268628121734e-05,-0.34451132523318184,0.04341789251181221,-0.29194368237227936,-0.15406159918356496,0.14995313113078662,-0.3077047759495039,0.08333381099378735,-0.1570945893656181,-0.008085288267979647,-0.005283660274815156,-0.00527827562759279,-1.137780026505379e-05
116.79999999999995,0.92,0.025,0.009797958971132711,0.5248792922602417,0.5278473586035246,0.32111680224094363,-0.22422639456356722,0.37294929382001124,-4.0810013116440975e-05,-0.0037810797804080877,0.00011626723602258586,-0.0019691841220811006,-4.039449272625162e-06,0.2717932614167347,-0.1897852203586033,0.3156642822892575,-3.454159510175564e-05,-0.3440291557815205,0.04365261476007433,-0.29169730538544186,-0.1539308421463547,0.14949999385945711,-0.30743538814490784,0.08329157966550121,-0.15701377254169824,-0.008085340119540476,-0.005283683120788763,-0.005280030527248027,-1.1408862969320513e-05
116.96000000000004,0.92,0.025,0.009797958971132711,0.5248792922602417,0.5278473586035246,0.32051222680519287,-0.2242075479947638,0.3726340589806489,-4.151876188318227e-05,-0.0037761138079711615,0.00011931351751303709,-0.001968166329065206,-4.043598946065744e-06,0.27128154876791527,-0.1897692686227681,0.3153974675212212,-3.5141480057925474e-05,-0.34354740866888,0.04388662727480205,-0.29145105549858763,-0.15380015104525557,0.14904767001698555,-0.3071659661237503,0.08324902744732662,-0.15693235555296817,-0.008085392066629166,-0.005283706113812338,-0.005281765868313965,-1.1439886458946485e-05
117.12,0.92,0.025,0.009797958971132711,0.5248792922602417,0.5278473586035246,0.31990844561706266,-0.22418821467167868,0.3723189872571664,-4.222865347690012e-05,-0.0037711516854710718,0.00012235166683327096,-0.0019671410256212676,-4.0477085062614295e-06,0.2707705083702818,-0.18975290489810884,0.31513079081446566,-3.574233230284826e-05,-0.3430660839483272,0.04411993133038805,-0.2912049336550577,-0.1536695263886599,0.1485961585850991,-0.3068965106176328,0.0832061555846189,-0.1568503407579082,-0.008085444109244484,-0.005283729254429338,-0.005283481661017534,-1.1470870325305684e-05
117.27999999999997,0.92,0.025,0.009797958971132711,0.5248792922602417,0.5278473586035246,0.31930545806040966,-0.224168395894361,0.37200407985639405,-4.293967740964344e-05,-0.003766193414825203,0.0001253816977065863,-0.001966108241289241,-4.05177795849214e-06,0.27026013970233076,-0.18973613028498715,0.31486425319045197,-3.634414295952221e-05,-0.34258518167178337,0.04435252819962902,-0.29095894079437384,-0.1535389686829799,0.1481454585462241,-0.3066270223563509,0.08316296532242913,-0.15676773051423054,-0.008085496247384265,-0.005283752543184621,-0.00528517791569392,-1.1501814159931627e-05
117.44000000000005,0.92,0.025,0.009797958971132711,0.5248792922602417,0.5278473586035246,0.3187032635187846,-0.22414809296066532,0.371689337980303,-4.3651823158271146e-05,-0.0037612389979368743,0.00012840362384015425,-0.0019650680055994926,-4.0558073090252775e-06,0.26975044224229927,-0.18971894588190713,0.3145978556665285,-3.69469031211607e-05,-0.3421047018900269,0.04458441915372711,-0.2907130778522434,-0.1534084784326492,0.14769556888348653,-0.3063575020678974,0.08311945790548313,-0.15668452717884032,-0.008085548481045432,-0.005283775980624467,-0.005286854642786338,-1.1532717554526223e-05
117.60000000000002,0.92,0.025,0.009797958971132711,0.5248792922602417,0.5278473586035246,0.31810186137543506,-0.2241273071662546,0.3713747628260089,-4.436508016521024e-05,-0.0037562884366953704,0.000131417458925026,-0.0019640203480723486,-4.0597965651119335e-06,0.26924141546816827,-0.1897013527855179,0.31433159925593396,-3.7550603851833944e-05,-0.34162464465269654,0.04481560546229075,-0.2904673457605617,-0.15327805614012396,0.14724648858071296,-0.3060879504784651,0.08307563457816218,-0.15660073310779987,-0.008085600810223963,-0.00528379956729657,-0.00528851185284592,-1.1563580100972201e-05
117.75999999999999,0.92,0.025,0.009797958971132711,0.5248792922602417,0.5278473586035246,0.3175012510133073,-0.22410603980460247,0.37106035558577555,-4.507943783899716e-05,-0.0037513417329759725,0.00013442321663614291,-0.0019629652982176274,-4.063745734983631e-06,0.2687330588576633,-0.18968335209061554,0.31406548496780046,-3.81552361869272e-05,-0.3411450100082939,0.04504608839333614,-0.29022174544741586,-0.15314770230588395,0.1467982166224307,-0.3058183683124495,0.08303149658448317,-0.15651635065629138,-0.008085653234914903,-0.005283823303750056,-0.005290149556531553,-1.1594401391343941e-05
117.91999999999996,0.92,0.025,0.009797958971132711,0.5248792922602417,0.5278473586035246,0.31690143181504865,-0.22408429216699574,0.37074611744701924,-4.5794885554987476e-05,-0.003746398888639992,0.00013742091063234494,-0.0019619028855341622,-4.067654827848365e-06,0.2682253718882572,-0.1896649448901452,0.3137995138071571,-3.87607911337414e-05,-0.3406657980041865,0.045275869213287905,-0.2899762778370877,-0.15301741742843353,0.1463507519938689,-0.3055487562924523,0.08298704516807799,-0.1564313821785791,-0.008085705755112353,-0.005283847190535464,-0.005291767764609671,-1.1625181017918946e-05
118.08000000000004,0.92,0.025,0.009797958971132711,0.5248792922602417,0.5278473586035246,0.31630240316300995,-0.2240620655425372,0.3704320495923126,-4.651141265584968e-05,-0.003741459905534799,0.00014041055455638033,-0.0019608331395093697,-4.071523853887515e-06,0.26771835403717165,-0.1896461322752035,0.3135336867749334,-3.936725967191117e-05,-0.3401870086866105,0.0455049491869804,-0.28973094385005765,-0.1528872020043032,0.14590409368095864,-0.3052791151392835,0.08294228157217529,-0.15634583002797492,-0.008085758370809467,-0.0052838712282047545,-0.005293366487954187,-1.1655918573188712e-05
118.24000000000001,0.92,0.025,0.009797958971132711,0.5248792922602417,0.5278473586035246,0.3157041644392472,-0.22403936121814805,0.37011815319938973,-4.722900845236417e-05,-0.0037365247854938576,0.0001433921620349126,-0.001959756089618786,-4.075352824251683e-06,0.26721200478137885,-0.18962691533504053,0.31326800486796347,-3.997463275408104e-05,-0.33970864210067325,0.04573332957765896,-0.2894857444030088,-0.15275705652805088,0.14545824067033417,-0.30500944557196513,0.08289720703958045,-0.1562596965568016,-0.00808581108199845,-0.005283895417311335,-0.005294945737546283,-1.1686613649871089e-05
118.39999999999998,0.92,0.025,0.009797958971132711,0.5248792922602417,0.5278473586035246,0.31510671502552456,-0.2240161804785705,0.3698044294411499,-4.794766222385935e-05,-0.003731593530336754,0.00014636574667853167,-0.001958671765325624,-4.079141751057356e-06,0.266706323597604,-0.18960729515706207,0.31300246907898926,-4.0582901306274554e-05,-0.33923069829035646,0.045961011646980604,-0.2892406804088297,-0.15262698149226317,0.14501319194933296,-0.3047397483077334,0.08285182281265678,-0.15617298411635758,-0.008085863888670547,-0.005283919758410022,-0.005296505524474306,-1.171726584091989e-05
118.56000000000006,0.92,0.025,0.009797958971132711,0.5248792922602417,0.5278473586035246,0.3145100543033158,-0.22399252460637037,0.3694908794856615,-4.8667363218988435e-05,-0.0037266661418692303,0.00014933132208176143,-0.001957580196080326,-4.082890647383368e-06,0.2662013099623265,-0.18958727282683188,0.3127370803966639,-4.119205622855181e-05,-0.3387531772985189,0.04618799665501567,-0.28899575277661854,-0.1524969773875563,0.14456894650599655,-0.3044700240620422,0.0828061301333063,-0.1560856950568813,-0.008085916790816043,-0.005283944252057076,-0.005298045859933615,-1.1747874739538902e-05
118.72000000000003,0.92,0.025,0.009797958971132711,0.5248792922602417,0.5278473586035246,0.31391418165380713,-0.22396839488193956,0.36917750449616815,-4.9388100656247154e-05,-0.003721742621883214,0.00015228890182306934,-0.001956481411320145,-4.0865995272668514e-06,0.2656969633517824,-0.18956684942807367,0.31247183980555676,-4.1802088395447595e-05,-0.33827607916689884,0.04641428586024828,-0.288750962411687,-0.15236704470257836,0.14412550332907118,-0.30420027354856544,0.0827601302429518,-0.15599783172751808,-0.008085969788424253,-0.0052839688988101825,-0.005299566755226482,-1.1778439939190856e-05
118.88,0.92,0.025,0.009797958971132711,0.5248792922602417,0.5278473586035246,0.3133190964578991,-0.22394379258349886,0.3688643056310919,-5.0109863724738525e-05,-0.0037168229721568514,0.00015523849946487553,-0.0019553754404686885,-4.090268405699948e-06,0.26519328324196584,-0.18954602604267345,0.3122067482861562,-4.241298865661869e-05,-0.3377994039361175,0.04663988051957805,-0.28850631021556433,-0.15223718392400995,0.14368286140800826,-0.30393049747920053,0.08271382438251738,-0.15590939647628374,-0.008086022881483525,-0.005283993699228471,-0.005301068221761927,-1.1808961033612185e-05
119.03999999999996,0.92,0.025,0.009797958971132711,0.5248792922602417,0.5278473586035246,0.31272479809620873,-0.22391871898710022,0.368551284044039,-5.0832641584626434e-05,-0.0037119071944545366,0.0001581801285535609,-0.0019542623129355187,-4.093897298625797e-06,0.2646902691086311,-0.18952480375068165,0.3119418068148746,-4.302474783722781e-05,-0.3373231516456812,0.04686478188832088,-0.288261797086001,-0.1521073955365662,0.14324101973296507,-0.3036606965640707,0.08266721379241126,-0.15582039165003297,-0.008086076069981225,-0.005284018653872507,-0.005302550271055658,-1.1839437616821425e-05
119.20000000000005,0.92,0.025,0.009797958971132711,0.5248792922602417,0.5278473586035246,0.3121312859490721,-0.22389317536662953,0.36823844088380325,-5.1556423367963624e-05,-0.0037069952905269456,0.0001611138026194776,-0.0019531420581157042,-4.097486222934917e-06,0.2641879204272946,-0.18950318363031524,0.3116770163640511,-4.363735673864441e-05,-0.3368473223339848,0.04708899122021015,-0.2880174239169724,-0.15197768002299752,0.14279997729480537,-0.30339087151152827,0.08262029971250666,-0.15573081959442367,-0.008086129353903739,-0.005284043763304292,-0.005304012914729909,-1.1869869283134185e-05
119.36000000000001,0.92,0.025,0.009797958971132711,0.5248792922602417,0.5278473586035246,0.31153855939654596,-0.2238671629938091,0.3679257772943734,-5.228119817912559e-05,-0.0037020872621110652,0.00016403953517695678,-0.0019520147053894252,-4.10103519646146e-06,0.2636862366732365,-0.18948116675796003,0.3114123779019577,-4.4250806138811905e-05,-0.3363719160383135,0.04731250976739771,-0.2877731915986843,-0.15184803786409237,0.14235973308509983,-0.3031210230281574,0.08257308338212471,-0.15564068265388542,-0.008086182733236465,-0.005284069028087273,-0.005305456164513358,-1.1900255627172128e-05
119.51999999999998,0.92,0.025,0.009797958971132711,0.5248792922602417,0.5278473586035246,0.31094661781841043,-0.22384068313820008,0.3676132944149354,-5.300695509568055e-05,-0.003697183110930224,0.00016695733972431784,-0.0019508802841215439,-4.10454423797939e-06,0.26318521732150263,-0.18945875420817254,0.31114789239280133,-4.486508679298402e-05,-0.3358969327948465,0.04753533878045508,-0.28752910101757523,-0.15171846953867743,0.14192028609612675,-0.30285115181877675,0.08252556604001626,-0.15554998317158564,-0.008086236207963818,-0.0052840944487863445,-0.005306880032241033,-1.1930596243878297e-05
119.68000000000006,0.92,0.025,0.009797958971132711,0.5248792922602417,0.5278473586035246,0.31035546059417096,-0.22381373706720536,0.3673009933798794,-5.373368316877589e-05,-0.0036922828386941257,0.000169867229743878,-0.001949738823661201,-4.108013367198844e-06,0.2626848618469063,-0.18943594705368264,0.31088356079672996,-4.548018943405192e-05,-0.3354223726386597,0.047757479508374646,-0.28728515305632224,-0.1515889755236202,0.14148163532087268,-0.30258125858644286,0.08247774892434447,-0.15545872348939727,-0.008086289778069203,-0.005284120025967844,-0.005308284529854184,-1.1960890728525872e-05
119.84000000000003,0.92,0.025,0.009797958971132711,0.5248792922602417,0.5278473586035246,0.30976508710306055,-0.22378632604607188,0.3669888753188044,-5.4461371423994926e-05,-0.003687386447098878,0.00017276921870196214,-0.0019485903533414204,-4.111442604762103e-06,0.26218516972403044,-0.18941274636539523,0.3106193840698361,-4.6096104773269305e-05,-0.3349482356037278,0.047978933198570606,-0.2870413485938443,-0.15145955629383023,0.14104377975303278,-0.30231134403245247,0.08242963327266774,-0.15536690594786756,-0.008086343443535033,-0.0052841457601995575,-0.005309669669400243,-1.1991138676732918e-05
120.0,0.92,0.025,0.009797958971132711,0.5248792922602417,0.5278473586035246,0.3091754967240419,-0.22375845133789324,0.3666769413565225,-5.519000886182737e-05,-0.0036824939378270246,0.00017566332004890914,-0.0019474349024786873,-4.114831972239917e-06,0.26168614042722904,-0.18938915321239286,0.3103553631641607,-4.671282350065069e-05,-0.3344745217229276,0.04819970109688021,-0.2867976885053067,-0.15133021232226074,0.14060671838701164,-0.30204140885634573,0.08238122032192187,-0.15527453288618454,-0.008086397204342701,-0.005284171652050722,-0.005311035463032675,-1.2021339684472528e-05
120.15999999999997,0.92,0.025,0.009797958971132711,0.5248792922602417,0.5278473586035246,0.3085866888358094,-0.22373011420361225,0.3663651926130662,-5.591958445844474e-05,-0.0036776053125475764,0.0001785495472190843,-0.0019462725003725869,-4.118181492127621e-06,0.2611877734306291,-0.18936516866193742,0.3100914990276993,-4.733033628562763e-05,-0.3340012310280407,0.04841978444756477,-0.2865541736621262,-0.15120094407991055,0.14017045021792376,-0.30177145375590897,0.08233251130840433,-0.15518160664214817,-0.008086451060472606,-0.005284197702092033,-0.005312381923010975,-1.2051493348086911e-05
120.32000000000005,0.92,0.025,0.009797958971132711,0.5248792922602417,0.5278473586035246,0.30799866281679183,-0.22370131590202352,0.36605363020369147,-5.665008716624835e-05,-0.0036727205729160423,0.0001814279136308857,-0.001945103176305375,-4.121491187841189e-06,0.2606900682081326,-0.18934079377947272,0.30982779260440446,-4.7948633777512604e-05,-0.33352836354975623,0.048639184493310915,-0.2863108049319744,-0.15107175203582543,0.13973497424159415,-0.30150147942717753,0.08228350746775596,-0.15508812955213647,-0.008086505011904114,-0.005284223910895633,-0.005313709061700511,-1.2081599264298207e-05
120.48000000000002,0.92,0.025,0.009797958971132711,0.5248792922602417,0.5278473586035246,0.30741141804515393,-0.2236720576897759,0.36574225523888554,-5.738150591455899e-05,-0.003667839720574459,0.00018429843268675603,-0.0019439269595416199,-4.124761083713621e-06,0.2601930242334183,-0.18931602962862634,0.30956424483419276,-4.856770660608273e-05,-0.3330559193176733,0.04885790247523142,-0.28606758317878356,-0.15094263665710042,0.1393002894545586,-0.30123148656443854,0.08223421003494556,-0.1549941039510769,-0.00808655905861558,-0.005284250279035124,-0.005315016891572509,-1.2111657030222202e-05
120.63999999999999,0.92,0.025,0.009797958971132711,0.5248792922602417,0.5278473586035246,0.30682495389879877,-0.2236423408213754,0.3654310688243704,-5.81138296102374e-05,-0.0036629627571514232,0.00018716111777318926,-0.00194274387932781,-4.127991204990705e-06,0.25969664097994327,-0.18929087727121216,0.3093008566529471,-4.918754538210494e-05,-0.3325838983603042,0.049075939632866786,-0.2858245092627499,-0.15081359840888092,0.13886639485406482,-0.3009614758602339,0.08218462024425294,-0.1548995321724153,-0.008086613200584321,-0.0052842768070855755,-0.005316305425203973,-1.2141666243379611e-05
120.79999999999995,0.92,0.025,0.009797958971132711,0.5248792922602417,0.5278473586035246,0.30623926975537014,-0.22361216654918709,0.3651200720611094,-5.884704713834065e-05,-0.003658089684262122,0.0001900159822607403,-0.0019415539648919764,-4.131181577827495e-06,0.2592009179209453,-0.18926533776723195,0.309037628992523,-4.980814069789153e-05,-0.33211230070507697,0.04929329720418577,-0.2855815840403389,-0.15068463775436503,0.1384332894380726,-0.3006914480053633,0.0821347393292529,-0.154804416548086,-0.008086667437786629,-0.005284303495623504,-0.0053175746752776275,-1.2171626501709836e-05
120.96000000000004,0.92,0.025,0.009797958971132711,0.5248792922602417,0.5278473586035246,0.3056543649922541,-0.22358153612343828,0.3648092660453131,-5.958114736280752e-05,-0.003653220503508362,0.0001928630395040363,-0.0019403572454433206,-4.134332229283963e-06,0.2587058545294439,-0.18923941217487816,0.30877456278075305,-5.042948312788029e-05,-0.3316411263783376,0.04950997642558713,-0.28533880836429026,-0.1505557551548051,0.13800097220525423,-0.3004214036888864,0.0820845685227991,-0.15470875940848197,-0.008086721770197756,-0.005284330345226903,-0.005318824654581855,-1.220153740358297e-05
121.12,0.92,0.025,0.009797958971132711,0.5248792922602417,0.5278473586035246,0.3050702389865819,-0.22355045079222066,0.36449865186844443,-6.0316119126998606e-05,-0.0036483552164786044,0.00019570230284178322,-0.00193915375017184,-4.137443187321295e-06,0.25821145027824294,-0.18921310155053558,0.3085116589414514,-5.1051563229091624e-05,-0.33117037540535366,0.04972597853190012,-0.28509618308362206,-0.15042695106950976,0.1375694421549955,-0.30015134359812656,0.08203410905700796,-0.15461256308242555,-0.008086776197791912,-0.005284357356475224,-0.005320055376010639,-1.2231398547811615e-05
121.27999999999997,0.92,0.025,0.009797958971132711,0.5248792922602417,0.5278473586035246,0.3044868911152315,-0.22351891180149325,0.3641882306172252,-6.105195125444869e-05,-0.00364349382474799,0.0001985337855967763,-0.0019379435082479681,-4.1405144807981215e-06,0.25771770463993193,-0.1891864069487839,0.3082489183944194,-5.167437154176537e-05,-0.3307000478103166,0.04994130475638624,-0.2848537090436363,-0.15029822595584588,0.13713869828739592,-0.2998812684186731,0.08198336216324328,-0.1545158298971395,-0.008086830720542252,-0.0052843845299493895,-0.005321266852563525,-1.2261209533665641e-05
121.44000000000005,0.92,0.025,0.009797958971132711,0.5248792922602417,0.5278473586035246,0.3039043207548297,-0.2234869203950843,0.36387800337364046,-6.178863254946749e-05,-0.0036386363298783735,0.00020135750107590876,-0.001936726548822214,-4.1435461394660206e-06,0.2572246170868879,-0.18915932942239935,0.3079863420554493,-5.2297898589869286e-05,-0.330230143616344,0.05015595633073973,-0.28461138708592226,-0.1501695802692399,0.1367087396032694,-0.29961117883438404,0.08193232907210056,-0.15441856217821853,-0.008086885338420887,-0.00528441186623179,-0.005322459097345605,-1.2290969960882945e-05
121.60000000000002,0.92,0.025,0.009797958971132711,0.5248792922602417,0.5278473586035246,0.303322527281755,-0.22345447781469469,0.36356797121494666,-6.252615179779869e-05,-0.0036337827334183533,0.00020417346257018185,-0.0019355029010248044,-4.146538193966307e-06,0.2567321870912775,-0.1891318700223576,0.3077239308363309,-5.2922134881656814e-05,-0.32976066284548344,0.05036993448508922,-0.28436921804836357,-0.15004101446318066,0.1362795651041447,-0.2993410755273896,0.08188101101339186,-0.154320762249601,-0.008086940051398858,-0.005284439365906286,-0.005323632123567439,-1.2320679429684506e-05
121.75999999999999,0.92,0.025,0.009797958971132711,0.5248792922602417,0.5278473586035246,0.30274151007213856,-0.22342158529989964,0.36325813521367567,-6.32644977672133e-05,-0.0036289330369033016,0.0002069816833547138,-0.001934272593965328,-4.149490675825004e-06,0.2562404141250581,-0.18910402979783505,0.3074616856448551,-5.354707091016933e-05,-0.3292916055187137,0.05058324044799854,-0.28412720276514125,-0.14991252898922067,0.1358511737922661,-0.2990709591780943,0.08182940921613023,-0.15422243243354053,-0.008086994859446157,-0.005284467029558225,-0.005324785944545053,-1.2350337540783766e-05
121.91999999999996,0.92,0.025,0.009797958971132711,0.5248792922602417,0.5278473586035246,0.3021612685018674,-0.22338824408815183,0.3629484964376416,-6.40036592083038e-05,-0.003624087241855393,0.0002097821766887481,-0.0019330356567323842,-4.152403617449882e-06,0.2557492976599806,-0.18907580979621172,0.3071996073848199,-5.417269715390834e-05,-0.32882297165594887,0.05079587544646788,-0.28388534206673965,-0.14978412429697827,0.13542356467059374,-0.29880083046517997,0.08177752490851477,-0.15412357505057822,-0.008087049762531688,-0.0052844948577744095,-0.005325920573699883,-1.2379943895404611e-05
122.08000000000004,0.92,0.025,0.009797958971132711,0.5248792922602417,0.5278473586035246,0.3015818019465859,-0.2233544554147836,0.36263905594994694,-6.474362485495445e-05,-0.0036192453497836414,0.00021257495581566415,-0.0019317921183932497,-4.1552770521256896e-06,0.25525883716759035,-0.18904721106307285,0.3069376969560351,-5.479900407723345e-05,-0.3283547612760402,0.051007840705935004,-0.28364363677995114,-0.14965580083413976,0.13499673674280444,-0.2985306900656091,0.08172535931791615,-0.1540241924195162,-0.008087104760623296,-0.005284522851143134,-0.005327036024558795,-1.2409498095289782e-05
122.24000000000001,0.92,0.025,0.009797958971132711,0.5248792922602417,0.5278473586035246,0.3010031097816979,-0.22332022051300965,0.3623298148089892,-6.548438342509538e-05,-0.003614407362183921,0.00021536003396298593,-0.0019305420079935268,-4.158111014010497e-06,0.25476903211922913,-0.18901823464221137,0.30667595525432845,-5.542598213100074e-05,-0.327886974396779,0.05121913745027632,-0.28340208772788184,-0.1495275590464617,0.1345706890132919,-0.2982605386546269,0.08167291367086157,-0.15392428685738974,-0.008087159853687742,-0.005284551010254172,-0.005328132310754028,-1.2438999742716553e-05
122.39999999999998,0.92,0.025,0.009797958971132711,0.5248792922602417,0.5278473586035246,0.30042519138236917,-0.2232855406139297,0.3620207740684656,-6.622592362134523e-05,-0.003609573280539004,0.0002181374243423908,-0.0019292853545568123,-4.160905538131501e-06,0.2542798819860373,-0.1889888815756301,0.3064143831715493,-5.60536217531066e-05,-0.32741961103489947,0.05142976690180809,-0.2831606957299556,-0.14939939937777205,0.13414542048716754,-0.2979903769057646,0.0816201891930204,-0.1538238606794409,-0.00808721504169069,-0.005284579335698779,-0.0053292094460232016,-1.2468448440509453e-05
122.56000000000006,0.92,0.025,0.009797958971132711,0.5248792922602417,0.5278473586035246,0.2998480461235292,-0.22325041694653053,0.3617119347773806,-6.696823413163952e-05,-0.003604743106318588,0.0002209071401497198,-0.0019280221870843575,-4.1636606603810976e-06,0.25379138623895514,-0.18895915290354345,0.30615298159557497,-5.668191336901969e-05,-0.326952671206081,0.051639730281287245,-0.2829194616019199,-0.14927132226997308,0.13372093017026088,-0.29772020549084205,0.08156718710918956,-0.15372291619909167,-0.008087270324596734,-0.005284607828069691,-0.005330267444209297,-1.2497843792053541e-05
122.72000000000003,0.92,0.025,0.009797958971132711,0.5248792922602417,0.5278473586035246,0.29927167337987337,-0.22321485073768924,0.36140329798005216,-6.771130362988152e-05,-0.003599916840979326,0.00022366919456498746,-0.001926752534554747,-4.166376417512393e-06,0.2533035443487248,-0.18892904966438018,0.30589175141031616,-5.7310847392331725e-05,-0.32648615492495164,0.05184902880791301,-0.2826783861558511,-0.1491433281630433,0.13329721706911982,-0.2974500250799707,0.08151390864327966,-0.1536214557279185,-0.008087325702369353,-0.005284636487961132,-0.005331306319260653,-1.2527185401306568e-05
122.88,0.92,0.025,0.009797958971132711,0.5248792922602417,0.5278473586035246,0.2986960725258649,-0.2231788432121751,0.3610948647161175,-6.845512077657268e-05,-0.0035950944859648574,0.00022642360075238866,-0.001925476425923573,-4.16905284713564e-06,0.25281635578589207,-0.188898572894785,0.30563069349572186,-5.794041422529112e-05,-0.3260200622050897,0.052057663699327676,-0.2824374702001596,-0.14901541749503935,0.1328742801910117,-0.29717983634155615,0.08146035501830101,-0.1535194815756264,-0.008087381174970933,-0.0052846653159688214,-0.005332326085230982,-1.2556472872813514e-05
123.03999999999996,0.92,0.025,0.009797958971132711,0.5248792922602417,0.5278473586035246,0.2981212429357374,-0.22314239559265264,0.3607866360205398,-6.919967421953601e-05,-0.003590276042705838,0.00022917037186030975,-0.0019241938901231066,-4.1716899877136824e-06,0.2523298200208081,-0.1888677236296212,0.3053698087277849,-5.857060425941528e-05,-0.32555439305902745,0.05226563617161779,-0.28219671453959455,-0.14888759070209828,0.13245211854392347,-0.2969096399423013,0.0814065274563493,-0.1534169960500229,-0.00808743674236275,-0.0052846943126899585,-0.005333326756279351,-1.2585705811719812e-05
123.20000000000005,0.92,0.025,0.009797958971132711,0.5248792922602417,0.5278473586035246,0.2975471839834963,-0.2231055090996836,0.36047861292361405,-6.994495259451106e-05,-0.0035854615126199698,0.00023190952102133922,-0.0019229049560619852,-4.174287878558426e-06,0.25184393652363124,-0.1888365029019722,0.30510909797854696,-5.920140787599417e-05,-0.32508914749825296,0.0524729474393153,-0.28195611997524955,-0.14875984821843943,0.13203073113656208,-0.29663943654720887,0.08135242717859222,-0.1533140014569933,-0.008087492404504973,-0.005284723478723242,-0.005334308346670209,-1.2614883823785623e-05
123.36000000000001,0.92,0.025,0.009797958971132711,0.5248792922602417,0.5278473586035246,0.29697389504292127,-0.22306818495173,0.3601707964509755,-7.06909445257479e-05,-0.00358065089711203,0.0002346410613522741,-0.0019216096526249045,-4.176846559825917e-06,0.2513587047643286,-0.1888049117431443,0.30484856211610567,-5.983281544659303e-05,-0.3246243255332133,0.05267959871539872,-0.281715687304569,-0.14863219047636747,0.13161011697835534,-0.2963692268195842,0.08129805540525617,-0.15321050010047632,-0.008087548161356647,-0.005284752814668865,-0.00533527087077339,-1.2644006515396266e-05
123.51999999999998,0.92,0.025,0.009797958971132711,0.5248792922602417,0.5278473586035246,0.29640137548756845,-0.22303042436515635,0.3598631876236031,-7.143763862680429e-05,-0.0035758441975739033,0.00023736500595413116,-0.0019203080086722904,-4.179366072512869e-06,0.25087412421267796,-0.18877295118266835,0.30458820200461767,-6.046481733372715e-05,-0.32415992717331704,0.052885591211294256,-0.2814754173213511,-0.14850461790627317,0.13119027507945213,-0.29609901142103834,0.08124341335561196,-0.15310649428243783,-0.008087604012875695,-0.005284782321128516,-0.005336214343064121,-1.2673073493579897e-05
123.68000000000006,0.92,0.025,0.009797958971132711,0.5248792922602417,0.5278473586035246,0.2958296246907721,-0.22299222855423226,0.35955578745782896,-7.218502350103231e-05,-0.0035710414153846104,0.00024008136791215667,-0.0019190000530400133,-4.1818464584521006e-06,0.25039019433826953,-0.18874062224830218,0.30432801850430646,-6.109740389127375e-05,-0.3236959524269369,0.05309092613687682,-0.2812353108157558,-0.14837713093663693,0.1307712044507231,-0.2958287910114904,0.08118850224796265,-0.1530019863028486,-0.008087659959018913,-0.00528481199870538,-0.0053371387781230685,-1.2702084366017458e-05
123.84000000000003,0.92,0.025,0.009797958971132711,0.5248792922602417,0.5278473586035246,0.29525864202564706,-0.22295359873113504,0.3592485969653434,-7.293308774233476e-05,-0.003566242551910337,0.00024279016029583495,-0.0019176858145390709,-4.184287760308684e-06,0.24990691461050768,-0.1887079259660327,0.30406801247146664,-6.173056546511215e-05,-0.3232324013014121,0.05329560470047144,-0.2809953685743088,-0.1482497299940304,0.130352904103761,-0.2955585662491707,0.08113332329962963,-0.1528969784596588,-0.008087715999741963,-0.005284841848004147,-0.005338044190636335,-1.2731038741058852e-05
124.0,0.92,0.025,0.009797958971132711,0.5248792922602417,0.5278473586035246,0.2946884268650903,-0.22291453610595197,0.3589416171532013,-7.368181993582033e-05,-0.0035614476085044666,0.0002454913961588977,-0.0019163653219552907,-4.186690021575417e-06,0.24942428449861243,-0.18867486336007774,0.3038081847584696,-6.236429239367834e-05,-0.32276927380305176,0.053499628108854023,-0.2807555913799065,-0.14812241550311833,0.12993537305088138,-0.29528833779062347,0.08107787772693993,-0.15279147304877475,-0.008087772134999364,-0.005284871869631008,-0.0053389305953955085,-1.2759936227735756e-05
124.15999999999997,0.92,0.025,0.009797958971132711,0.5248792922602417,0.5278473586035246,0.29411897858178354,-0.22287504188668317,0.3586348490238302,-7.443120865832603e-05,-0.0035566565865076073,0.00024818508853933396,-0.0019150386040490419,-4.189053286568927e-06,0.2489423034716216,-0.18864143545288864,0.30354853621376987,-6.299857500840715e-05,-0.3223065699371367,0.05370299756725281,-0.28051598001182343,-0.1479951878866618,0.1295186103051229,-0.2950181062907094,0.08102216674521363,-0.15268547236403568,-0.008087828364744492,-0.005284902064193661,-0.005339798007297685,-1.2788776435774246e-05
124.32000000000005,0.92,0.025,0.009797958971132711,0.5248792922602417,0.5278473586035246,0.293550296548195,-0.22283511727924382,0.3583282935750357,-7.518124247924305e-05,-0.0035518694872476216,0.00025087125045940013,-0.0019137056895549337,-4.191377600425417e-06,0.24846097099839223,-0.18860764326515198,0.3032890676819102,-6.363340363443132e-05,-0.3218442897079226,0.05390571427934923,-0.2802765352457159,-0.14786804756551958,0.1291026148802479,-0.2947478724026088,0.08096619156875093,-0.15257897869719036,-0.00808788468892957,-0.005284932432301305,-0.005340646441345512,-1.2817558975611133e-05
124.48000000000002,0.92,0.025,0.009797958971132711,0.5248792922602417,0.5278473586035246,0.2929823801365813,-0.2227947634874669,0.3580219518000088,-7.593190996100919e-05,-0.0035470863120396594,0.00025354989492562725,-0.0019123666071815344,-4.193663009096305e-06,0.2479802865476024,-0.188573487815792,0.3030297800035274,-6.426876859099818e-05,-0.3213824331186426,0.05410777944727938,-0.2800372578536283,-0.14774099495865084,0.128687385790743,-0.29447763677782407,0.08090995341081984,-0.15247199433787437,-0.008087941107505667,-0.0052849629745646545,-0.005341475912647233,-1.2846283458405027e-05
124.63999999999999,0.92,0.025,0.009797958971132711,0.5248792922602417,0.5278473586035246,0.2924152287189898,-0.22275398171310556,0.35771582468733293,-7.66831996598798e-05,-0.003542307062186183,0.00025622103492883353,-0.0019110213856110762,-4.1959095593442185e-06,0.24750024958775296,-0.18853897012197257,0.3027706740153586,-6.490466019212227e-05,-0.3209210001715095,0.05430919427163479,-0.2797981486039992,-0.14761403048311755,0.1282729220518192,-0.2942074000661826,0.08085345348364348,-0.15236452157358704,-0.008087997620422685,-0.005284993691595931,-0.005342286436416701,-1.2874949496052631e-05
124.79999999999995,0.92,0.025,0.009797958971132711,0.5248792922602417,0.5278473586035246,0.29184884166726044,-0.22271277315583562,0.3574099132209899,-7.743510012643621e-05,-0.003537531738977002,0.00025888468344413096,-0.0019096700534991795,-4.198117298738525e-06,0.24702085958716924,-0.18850409119909928,0.3025117505502459,-6.554106874701561e-05,-0.3204599908677189,0.05450995995146381,-0.27955920826166564,-0.1474871545540864,0.127859222679413,-0.29393716291583954,0.08079669299838817,-0.15225656268966942,-0.008088054227629366,-0.005285024584008876,-0.005343078027973466,-1.2903556701199992e-05
124.96000000000004,0.92,0.025,0.009797958971132711,0.5248792922602417,0.5278473586035246,0.2912832183530278,-0.2226711390132582,0.3571042183803669,-7.818759990636299e-05,-0.003532760343689297,0.00026154085343093784,-0.0019083126394745778,-4.2002862756513596e-06,0.24654211601400272,-0.18846885206082173,0.30225301043714253,-6.617798456074564e-05,-0.31999940520745174,0.05471007768427269,-0.27932043758786934,-0.1473603675848311,0.12744628669018618,-0.2936669259732805,0.08073967316515138,-0.15214811996928262,-0.008088110929073269,-0.005285055652418731,-0.005343850702742825,-1.2932104687259135e-05
125.12,0.92,0.025,0.009797958971132711,0.5248792922602417,0.5278473586035246,0.29071835814772307,-0.22262908048090216,0.3567987411402647,-7.894068754104382e-05,-0.0035279928775876533,0.00026418955783298473,-0.0019069491721388349,-4.202416539253224e-06,0.24606401833623281,-0.1884332537190356,0.30199445450112006,-6.68153979347395e-05,-0.3195392431898765,0.05490954866602658,-0.2790818373402634,-0.14723366998673548,0.12703411310152685,-0.29339668988332424,0.08068239519294965,-0.1520391956933854,-0.008088167724700782,-0.005285086897442272,-0.005344604476255839,-1.2960593068420852e-05
125.27999999999997,0.92,0.025,0.009797958971132711,0.5248792922602417,0.5278473586035246,0.29015426042257614,-0.22258659875222658,0.35649348247090307,-7.969435156819559e-05,-0.00352322934192409,0.0002668308095783271,-0.0019055796800660732,-4.204508139508779e-06,0.24558656602166845,-0.1883972971838846,0.3017360835633724,-6.745329916732075e-05,-0.31907950481315217,0.05510837409115096,-0.2788434082729163,-0.14710706216929487,0.12662270093154956,-0.2931264552891258,0.08062486028970661,-0.15192979214071253,-0.008088224614457105,-0.005285118319697785,-0.0053453393641494235,-1.2989021459668786e-05
125.44000000000005,0.92,0.025,0.009797958971132711,0.5248792922602417,0.5278473586035246,0.2895909245486176,-0.22254369501862337,0.35618844333792754,-8.044858052247075e-05,-0.0035184697379380867,0.00026946462157935344,-0.0019042041918027107,-4.206561127172359e-06,0.24510975853794997,-0.18836098346376282,0.30147789844122186,-6.809167855421925e-05,-0.3186201900744309,0.055306555152532424,-0.2786051511363182,-0.14698054454011883,0.12621204919909593,-0.2928562228321788,0.08056706966224168,-0.15181991158775424,-0.008088281598286243,-0.005285149919805074,-0.005346055382166416,-1.3017389476792281e-05
125.60000000000002,0.92,0.025,0.009797958971132711,0.5248792922602417,0.5278473586035246,0.2890283498966808,-0.22250037046941964,0.35588362470241797,-8.120336293620579e-05,-0.0035137140668566164,0.000272091006732795,-0.00190282273586719,-4.208575553784115e-06,0.24463359535255064,-0.1883243135653168,0.3012198999481266,-6.873052638920458e-05,-0.31816129896986056,0.05550409304152013,-0.2783670666773871,-0.14685411750493377,0.1258021569237351,-0.2925859931523185,0.08050902451625828,-0.15170955630873448,-0.008088338676131018,-0.005285181698385477,-0.005346752546155617,-1.3045696736403192e-05
125.75999999999999,0.92,0.025,0.009797958971132711,0.5248792922602417,0.5278473586035246,0.2884665358374036,-0.22245662629188034,0.35557902752089376,-8.195868733993698e-05,-0.0035089623298941728,0.00027470997791973595,-0.0019014353407497164,-4.21055147166544e-06,0.24415807593277844,-0.18828728849344753,0.3009620888936845,-6.936983296452267e-05,-0.31770283149458695,0.05570098894792676,-0.2781291556394739,-0.14672778146758494,0.12539302312576409,-0.29231576688772437,0.0804507260563324,-0.15159872857559034,-0.008088395847933033,-0.005285213656061845,-0.005347430872071873,-1.3073942855947378e-05
125.91999999999996,0.92,0.025,0.009797958971132711,0.5248792922602417,0.5278473586035246,0.2879054817412307,-0.22241246367121065,0.3552746527453214,-8.271454226317242e-05,-0.0035042145282527986,0.00027732154800562175,-0.0019000420349120045,-4.212488933914822e-06,0.24368319974577768,-0.1882499092513127,0.30070446608364004,-7.000958857154914e-05,-0.3172447876427571,0.05589724406002968,-0.2778914187623681,-0.14660153683003876,0.12498464682620848,-0.29204554467492283,0.08039217548590177,-0.1514874306579521,-0.00808845311363269,-0.00528524579345856,-0.005348090375976171,-1.3102127453721277e-05
126.08000000000004,0.92,0.025,0.009797958971132711,0.5248792922602417,0.5278473586035246,0.28734518697841527,-0.22236788379055858,0.3549705013231219,-8.347091623491953e-05,-0.0034994706631221177,0.00027992572984026986,-0.001898642846787005,-4.214387994403169e-06,0.2432089662585307,-0.1882121768403288,0.3004470323198904,-7.064978350123589e-05,-0.31678716740752116,0.05609285956457223,-0.27765385678230414,-0.14647538399238566,0.12457702704682265,-0.29177532714879023,0.08033337400725371,-0.15137566482312137,-0.008088510473169188,-0.005285278111201541,-0.005348731074035649,-1.3130250148883325e-05
126.24000000000001,0.92,0.025,0.009797958971132711,0.5248792922602417,0.5278473586035246,0.28678565091902136,-0.22232288783101728,0.35466657419717756,-8.422779778440407e-05,-0.0034947307356793626,0.0002825225362578786,-0.0018972378047786783,-4.2162487077701056e-06,0.24273537493785968,-0.18817409226017304,0.3001897884004911,-7.129040804471961e-05,-0.31632997078103525,0.056287836646764594,-0.2774164704319668,-0.14634932335284206,0.12417016281009043,-0.2915051149425554,0.0802743228215155,-0.15126343333605335,-0.008088567926480494,-0.005285310609918226,-0.005349352982523763,-1.3158310561471159e-05
126.39999999999998,0.92,0.025,0.009797958971132711,0.5248792922602417,0.5278473586035246,0.2862268729329255,-0.22227747697162792,0.35436287230583885,-8.498517544161932e-05,-0.003489994747089403,0.00028511198007703787,-0.0018958269372617235,-4.218071129419284e-06,0.24226242525042813,-0.1881356565087859,0.299932735119662,-7.19314524937866e-05,-0.31587319775446454,0.05648217649028527,-0.2771792604404968,-0.14622335530775304,0.12376405313922532,-0.2912349086878022,0.08021502312864248,-0.15115073845933544,-0.008088625473503353,-0.005285343290237595,-0.005349956117820305,-1.3186308312413501e-05
126.56000000000006,0.92,0.025,0.009797958971132711,0.5248792922602417,0.5278473586035246,0.2856688523898189,-0.22223165238938164,0.3540593965829312,-8.574303773804761e-05,-0.0034852626985047755,0.0002876940741007371,-0.0018944102725813301,-4.219855315513918e-06,0.2417901166627427,-0.18809687058237262,0.29967587326779294,-7.257290714148351e-05,-0.3154168483179848,0.05667588027728183,-0.2769422275334965,-0.14609748025159439,0.12335869705817117,-0.2909647090144728,0.08015547612740732,-0.1510375824531674,-0.008088683114173278,-0.005285376152790155,-0.005350540496411498,-1.3214243023545365e-05
126.72000000000003,0.92,0.025,0.009797958971132711,0.5248792922602417,0.5278473586035246,0.2851115886592093,-0.22218541525922264,0.353756147957763,-8.650137320726084e-05,-0.0034805345910657133,0.0002902688311163769,-0.001892987839052952,-4.221601322973011e-06,0.2413184486411548,-0.18805773547540605,0.29941920363145064,-7.321476228262558e-05,-0.31496092246078594,0.05686894918837248,-0.27670537243303656,-0.14597169857697564,0.12295409359160246,-0.29069451655086975,0.08009568301539008,-0.15092396757534365,-0.008088740848424548,-0.005285409198207956,-0.00535110613489011,-1.3242114317623421e-05
126.88,0.92,0.025,0.009797958971132711,0.5248792922602417,0.5278473586035246,0.2845550811104231,-0.22213876675405028,0.35345312735513157,-8.726017038553854e-05,-0.0034758104259001743,0.0002928362638957774,-0.0018915596649620474,-4.22330920946644e-06,0.24084742065186213,-0.18801825218062818,0.29916272699338337,-7.385700821431982e-05,-0.3145054201710741,0.05706138440264702,-0.2764686958576605,-0.14584601067464176,0.12255024176492484,-0.29042433192365924,0.08003564498896698,-0.1508098960812327,-0.008088798676190197,-0.0052854424271245835,-0.005351653049955525,-1.3269921818338524e-05
127.03999999999996,0.92,0.025,0.009797958971132711,0.5248792922602417,0.5278473586035246,0.283999329112607,-0.22209170804472156,0.3531503356953307,-8.801941781251237e-05,-0.00347109020412387,0.0002953963851951875,-0.0018901257785638465,-4.2249790334107354e-06,0.24037703216091058,-0.18797842168905235,0.2989064441325279,-7.449963523651047e-05,-0.3140503414360741,0.057253187097667746,-0.27623219852239106,-0.14572041693347607,0.12214714060427556,-0.2901541557578735,0.07997536324330018,-0.15069537022375873,-0.008088856597402015,-0.005285475840175169,-0.00535218125841383,-1.3297665150330624e-05
127.20000000000005,0.92,0.025,0.009797958971132711,0.5248792922602417,0.5278473586035246,0.28344433203473024,-0.22204424030005382,0.3528477738941579,-8.877910403179884e-05,-0.0034663739268402972,0.00029794920775529614,-0.001888686208083127,-4.226610853965007e-06,0.2399072826341957,-0.18793824498996556,0.2986503558240153,-7.514263365251454e-05,-0.3135956862420323,0.05744435844947114,-0.27599588113873624,-0.14559491774050248,0.12174478913652394,-0.2898839886769138,0.07991483897232807,-0.15058039225338377,-0.008088914611990534,-0.005285509437996381,-0.005352690777177954,-1.3325343939203993e-05
127.36000000000001,0.92,0.025,0.009797958971132711,0.5248792922602417,0.5278473586035246,0.2828900892455867,-0.2219963646868272,0.35254544286292155,-8.953921759165408e-05,-0.0034616615951407613,0.000300494744301241,-0.001887240981713959,-4.2282047310263435e-06,0.23943817153746458,-0.18789772307093056,0.2983944628391768,-7.578599376957602e-05,-0.3131414545742192,0.0576348996325684,-0.275759744414695,-0.14546951348088813,0.12134318638927163,-0.2896138313025528,0.07985407336875411,-0.15046496441808768,-0.008088972719885023,-0.005285543221226433,-0.005353181623267698,-1.3352957811541353e-05
127.51999999999998,0.92,0.025,0.009797958971132711,0.5248792922602417,0.5278473586035246,0.28233660011379635,-0.22194808236978691,0.3522433435084475,-9.029974704551186e-05,-0.0034569532101044105,0.0003030330075426182,-0.0018857901276194923,-4.22976072522551e-06,0.23896969833631723,-0.18785685691778764,0.29813876594555,-7.642970589932124e-05,-0.31268764641693186,0.05782481181994707,-0.2755237890547625,-0.14534420453794558,0.12094233139085328,-0.28934368425493767,0.0797930676240375,-0.15034908896335136,-0.008089030921013493,-0.005285577190505086,-0.005353653813809897,-1.338050639491716e-05
127.68000000000006,0.92,0.025,0.009797958971132711,0.5248792922602417,0.5278473586035246,0.28178386400780747,-0.22189939451164603,0.35194147673308646,-9.106068095278136e-05,-0.003452248772798261,0.000305564010173492,-0.0018843336739317283,-4.2312788979225955e-06,0.23850186249620825,-0.1878156475146572,0.2978832659068844,-7.707376035843415e-05,-0.31223426175349595,0.05801409618307205,-0.2752880157599368,-0.1452189912931353,0.1205422231703369,-0.2890735481525923,0.07973182292838328,-0.15023276813213857,-0.008089089215302674,-0.005285611346473657,-0.005354107366038515,-1.340798931791475e-05
127.84000000000003,0.92,0.025,0.009797958971132711,0.5248792922602417,0.5278473586035246,0.28123188029589874,-0.22185030227308766,0.35163984343472177,-9.182200787922335e-05,-0.0034475482842772284,0.00030808776487240545,-0.0018828716487512792,-4.232759311202513e-06,0.2380346634824487,-0.18777409584394142,0.2976279634831485,-7.771814746897464e-05,-0.31178130056626924,0.05820275389188662,-0.2750524252277243,-0.1450938741260685,0.1201428607575241,-0.2888034236124207,0.07967034047073185,-0.15011600416487697,-0.008089147602678022,-0.005285645689775001,-0.005354542297294701,-1.3435406210136653e-05
128.0,0.92,0.025,0.009797958971132711,0.5248792922602417,0.5278473586035246,0.280680648346181,-0.22180080681276776,0.3513384445067752,-9.258371639780209e-05,-0.0034428517455841546,0.00031060428430238824,-0.0018814040801471738,-4.2342020278707176e-06,0.23756810076020762,-0.18773220288632664,0.29737285943053454,-7.836285755909969e-05,-0.31132876283664357,0.05839078611481365,-0.27481701815214515,-0.14496885341450888,0.11974424318295086,-0.288533311249709,0.07960862143875033,-0.14999879929944285,-0.008089206083063707,-0.005285680221053533,-0.005354958625026999,-1.3462756702222972e-05
128.15999999999997,0.92,0.025,0.009797958971132711,0.5248792922602417,0.5278473586035246,0.28013016752659914,-0.22175090928731725,0.3510372808382152,-9.334579508918803e-05,-0.003438159157749837,0.0003131135811109689,-0.0018799309961566055,-4.2356071114489315e-06,0.2371021737945135,-0.18768996962078532,0.2971179545014654,-7.900788096348876e-05,-0.31087664854504743,0.05857819401875691,-0.27458179522373993,-0.14484392953437583,0.11934636947788761,-0.28826321167812863,0.07954666701882171,-0.1498811557711412,-0.008089264656382612,-0.005285714940955218,-0.005355356366791341,-1.3490040425864333e-05
128.32000000000005,0.92,0.025,0.009797958971132711,0.5248792922602417,0.5278473586035246,0.279580437204934,-0.22170061085134488,0.3507363533135635,-9.410823254239083e-05,-0.0034334705217930568,0.000315615667930182,-0.0018784524247847415,-4.236974626170557e-06,0.23663688205025613,-0.1876473970245783,0.2968632494446002,-7.965320802387961e-05,-0.3104249576709484,0.058764978769102014,-0.2743467571295747,-0.1447191028597463,0.11894923867433986,-0.28799312550973877,0.07948447839603634,-0.14976307581269058,-0.008089323322556323,-0.005285749850127588,-0.00535573554025126,-1.351725701381616e-05
128.48000000000002,0.92,0.025,0.009797958971132711,0.5248792922602417,0.5278473586035246,0.2790314567488046,-0.22164991265743936,0.35043566281290245,-9.487101735547435e-05,-0.0034287858387206075,0.00031811055737658085,-0.001876968394004496,-4.238304636976295e-06,0.2361722249921882,-0.1876044860732567,0.29660874500484063,-8.02988290896735e-05,-0.3099736901928562,0.05895114152971764,-0.2741119045532473,-0.14459437376285758,0.11855284980504853,-0.28772305335498916,0.0794220567541822,-0.14964456165420525,-0.008089382081505118,-0.005285784949219715,-0.005356096163177953,-1.354440609991474e-05
128.64,0.92,0.025,0.009797958971132711,0.5248792922602417,0.5278473586035246,0.2784832255256697,-0.22159881585617214,0.3501352102118821,-9.563413813593199e-05,-0.003424105109527325,0.000320598262051244,-0.001875478931756323,-4.239597209509762e-06,0.23570820208492682,-0.1875612377406641,0.29635444192333704,-8.094473451825284e-05,-0.3095228460883244,0.05913668346295674,-0.27387723817489323,-0.14446974261410983,0.11815720190349042,-0.28745299582272277,0.07935940327573555,-0.14952561552317883,-0.008089440933147968,-0.005285820238882247,-0.005356438253450421,-1.3571487319088172e-05
128.79999999999995,0.92,0.025,0.009797958971132711,0.5248792922602417,0.5278473586035246,0.27793574290282963,-0.22154732159609952,0.34983499638172705,-9.639758350157179e-05,-0.0034194283351961143,0.000323078794539788,-0.0018739840659480033,-4.240852410113178e-06,0.235244812792955,-0.18751765299893863,0.29610034093749377,-8.159091467573036e-05,-0.30907242533395346,0.059321605729657695,-0.27364275867119076,-0.1443452097820682,0.11776229400387862,-0.2871829535201785,0.07929651914185194,-0.14940623964446753,-0.008089499877402545,-0.005285855719767392,-0.005356761829055586,-1.3598500307375428e-05
128.96000000000004,0.92,0.025,0.009797958971132711,0.5248792922602417,0.5278473586035246,0.27738900824742896,-0.22149543102376554,0.3495350221892442,-9.716134208098966e-05,-0.0034147555166979776,0.0003255521674123752,-0.0018724838244544354,-4.242070305822893e-06,0.23478205658062387,-0.18747373281851515,0.2958464427809763,-8.223735993734965e-05,-0.3086224279053935,0.05950590948914518,-0.27340846671536784,-0.1442207756334656,0.1173681251411628,-0.2869129270529937,0.07923340553235676,-0.14928643624027346,-0.008089558914185176,-0.005285891392528909,-0.005357066908088391,-1.3625444701938572e-05
129.12,0.92,0.025,0.009797958971132711,0.5248792922602417,0.5278473586035246,0.2768430209264572,-0.2214431452837041,0.3492352884968295,-9.792540251421335e-05,-0.003410086654992044,0.0003280183932237247,-0.001870978235117447,-4.243250964364862e-06,0.23431993291215336,-0.18742947816812716,0.2955927481837165,-8.288406068803018e-05,-0.3081728537773459,0.05968959589923187,-0.2731743629772073,-0.14409644053320514,0.11697469435102976,-0.2866429170252073,0.07917006362573709,-0.14916620753013005,-0.008089618043410884,-0.005285927257822141,-0.005357353508751987,-1.3652320141077663e-05
129.27999999999997,0.92,0.025,0.009797958971132711,0.5248792922602417,0.5278473586035246,0.27629778030675184,-0.2213904655184417,0.34893579616247494,-9.868975345320453e-05,-0.0034054217510255972,0.00033047748451312165,-0.0018694673257455643,-4.244394454150238e-06,0.23385844125163477,-0.18738489001480904,0.2953392578719188,-8.353100732279233e-05,-0.30772370292356677,0.05987266611621915,-0.2729404481230527,-0.1439722048443625,0.11658200066990371,-0.28637292403926173,0.07910649459913156,-0.14904555573088352,-0.008089677264993333,-0.005285963316303981,-0.005357621649357771,-1.367912626424373e-05
129.44000000000005,0.92,0.025,0.009797958971132711,0.5248792922602417,0.5278473586035246,0.2757532857549994,-0.22133739286849974,0.3486365460397756,-9.945438356266297e-05,-0.0034007608057341054,0.0003329294538044271,-0.0018679511241138423,-4.2455008442711e-06,0.23339758106303152,-0.18733996932389818,0.2950859725680661,-8.417819024743794e-05,-0.30727497531686876,0.06005512129489847,-0.27270672281581376,-0.14384806892818816,0.11619004313494694,-0.28610294869600666,0.07904269962832294,-0.14892448305667982,-0.008089736578844877,-0.00528599956863291,-0.005357871348325607,-1.3705862712056924e-05
129.60000000000002,0.92,0.025,0.009797958971132711,0.5248792922602417,0.5278473586035246,0.27520953663773806,-0.22128392847239695,0.3483375389779379,-0.00010021928152050128,-0.003396103820041245,0.0003353743136060886,-0.0018664296579636503,-4.246570204495936e-06,0.23293735181018152,-0.18729471705903677,0.29483289299092663,-8.482559987895229e-05,-0.3068266709291241,0.06023696258855226,-0.27247318771497364,-0.1437240331441107,0.11579882078405972,-0.2858329915947005,0.0789786798877286,-0.1488029917189474,-0.008089795984876507,-0.005286036015468962,-0.005358102624183892,-1.3732529126318845e-05
129.76,0.92,0.025,0.009797958971132711,0.5248792922602417,0.5278473586035246,0.2746665323213588,-0.2212300734666522,0.348038775821785,-0.00010098443601841593,-0.0033914507948589346,0.00033781207641114905,-0.0018649029550024741,-4.247602605265076e-06,0.2324777529567981,-0.18724913418217443,0.2945800198555588,-8.547322664598726e-05,-0.30637878973126664,0.06041819114895558,-0.272239843476593,-0.14360009784973818,0.11540833265588114,-0.285563053333014,0.07891443655039194,-0.14868108392638185,-0.008089855482997862,-0.005286072657473758,-0.005358315495569703,-1.3759125150026398e-05
129.91999999999996,0.92,0.025,0.009797958971132711,0.5248792922602417,0.5278473586035246,0.2741242721721078,-0.22117582898578636,0.34774025741176473,-0.0001017498357625963,-0.003386801731087358,0.0003402427546972571,-0.001863371042903736,-4.248598117686456e-06,0.23201878396647202,-0.1872032216535696,0.2943273538733177,-8.612106098946151e-05,-0.30593133169329456,0.06059880812637668,-0.27200669075331657,-0.1434762634008613,0.11501857778978937,-0.2852931345070323,0.07884997078797448,-0.14855876188493158,-0.008089915073117229,-0.005286109495310485,-0.00535850998122896,-1.3785650427388655e-05
130.08000000000004,0.92,0.025,0.009797958971132711,0.5248792922602417,0.5278473586035246,0.27358275555608796,-0.22112119616232534,0.34744198458395714,-0.00010251546947422582,-0.003382156629614997,0.00034266636092667704,-0.0018618339493065904,-4.2495568135310014e-06,0.23156044430267286,-0.18715698043179219,0.29407489575186135,-8.676909336298474e-05,-0.3054842967842728,0.06077881466957862,-0.27177373019437917,-0.14335253015145577,0.11462955522590197,-0.2850232357112582,0.07878528377074673,-0.14843602779778176,-0.008089974755141536,-0.005286146529643917,-0.005358686100016513,-1.3812104603839489e-05
130.24,0.92,0.025,0.009797958971132711,0.5248792922602417,0.5278473586035246,0.27304198183926137,-0.22106617612680227,0.34714395817008087,-0.00010328132589010837,-0.0033775154913186557,0.0003450829075462982,-0.0018602917018157477,-4.250478765228166e-06,0.23110273342875085,-0.18711041147372545,0.29382264619515647,-8.741731423338773e-05,-0.3050376849723357,0.06095821192582017,-0.27154096244561104,-0.14322889845368456,0.1142412640050764,-0.284753357538614,0.07872037666758058,-0.14831288386534044,-0.008090034528976324,-0.0052861837611403945,-0.005358843870896326,-1.3838487326052662e-05
130.39999999999998,0.92,0.025,0.009797958971132711,0.5248792922602417,0.5278473586035246,0.2725019503874503,-0.22101077000775993,0.34684617899750064,-0.0001040473937633052,-0.0033728783170634906,0.00034749240698764587,-0.0018587443280012742,-4.251364045861732e-06,0.23064565080793795,-0.187063515734568,0.29357060590348455,-8.806571408126152e-05,-0.304591496224689,0.061137001040857106,-0.2713083881494442,-0.1431053686579006,0.11385370316891026,-0.28448350058044514,0.07865525064594046,-0.1481893322852227,-0.00809009439452578,-0.005286221190467852,-0.005358983312941574,-1.3864798241957854e-05
130.56000000000006,0.92,0.025,0.009797958971132711,0.5248792922602417,0.5278473586035246,0.2719626605663397,-0.2209549789317534,0.3465486478892338,-0.00010481366186361989,-0.003368245107703037,0.00034989487166689064,-0.0018571918553984192,-4.252212729165089e-06,0.23018919590334996,-0.18701629416783608,0.2933187755734475,-8.871428340136788e-05,-0.304145730507613,0.061315183158943305,-0.2710760079449173,-0.14298194111264903,0.11346687175974175,-0.284213665426522,0.07858990687187564,-0.14806537525223712,-0.008090154351692684,-0.005286258818295796,-0.00535910444533482,-1.3891037000752901e-05
130.72000000000003,0.92,0.025,0.009797958971132711,0.5248792922602417,0.5278473586035246,0.27142411174147907,-0.22089880402335235,0.34625136566395825,-0.00010558011897833202,-0.0033636158640792386,0.0003522903139848582,-0.00185563431150743,-4.253024889516706e-06,0.2297333681779879,-0.18696874772536545,0.2930671558979743,-8.936301270326023e-05,-0.30370038778646447,0.061492759422832,-0.2708438224676825,-0.14285861616466983,0.11308076882065007,-0.2839438526650429,0.07852434651001212,-0.14794101495837117,-0.008090214400378446,-0.005286296645295322,-0.0053592072873681375,-1.3917203252920422e-05
130.88,0.92,0.025,0.009797958971132711,0.5248792922602417,0.5278473586035246,0.2708863032782839,-0.22084224640514352,0.34595433313601853,-0.00010634675391260692,-0.003358990587022475,0.0003546787463270391,-0.0018540717237933604,-4.253800601936126e-06,0.2292781670947395,-0.1869208773573135,0.2928157475663261,-9.00118925116305e-05,-0.3032554680256793,0.06166973097377667,-0.2706118323500102,-0.14273539415890008,0.11269539339545581,-0.28367406288263697,0.07845857072354427,-0.14781625359277611,-0.008090274540483071,-0.00528633467213911,-0.0053592918584432344,-1.3943296650241059e-05
131.03999999999996,0.92,0.025,0.009797958971132711,0.5248792922602417,0.5278473586035246,0.27034923454203774,-0.2207853071977332,0.3456575511154336,-0.0001071135554902207,-0.0033543692773515877,0.0003570601810636001,-0.0018525041196859073,-4.254539942078857e-06,0.22882359211638076,-0.1868726840121614,0.292564551264103,-9.066091336692281e-05,-0.30281097118877504,0.06184609895153254,-0.2703800382207954,-0.14261227543847665,0.11231074452872118,-0.2834042966643664,0.0783925806742275,-0.14769109334175412,-0.008090334771905164,-0.00528637289950143,-0.005359358178071631,-1.3969316845808387e-05
131.20000000000005,0.92,0.025,0.009797958971132711,0.5248792922602417,0.5278473586035246,0.2698129048978942,-0.22072798751974979,0.34536102040790345,-0.00010788051255404187,-0.0033497519358739103,0.00035943463054939216,-0.0018509315265792259,-4.255242986232379e-06,0.2283696427055777,-0.18682416863671622,0.2923135676732495,-9.131006582574105e-05,-0.30236689723835336,0.0620218644943577,-0.2701484407055633,-0.14248926034473844,0.11192682126575049,-0.28313455459372927,0.07832637752237014,-0.14756553638874378,-0.00809039509454192,-0.00528641132805814,-0.005359406265874784,-1.3995263494043356e-05
131.36,0.92,0.025,0.009797958971132711,0.5248792922602417,0.5278473586035246,0.26927731371087843,-0.22067028848784592,0.3450647418148164,-0.00010864761396671902,-0.003345138563385295,0.0003618021071239615,-0.0018493539718317587,-4.255909811311582e-06,0.2279163183248875,-0.1867753321761128,0.2920627974720606,-9.195934046143098e-05,-0.30192324613610205,0.06219702873901397,-0.26991704042647513,-0.14236634921722893,0.1115436226525906,-0.2828648372526622,0.07825996242682587,-0.14743958491430656,-0.008090455508289126,-0.005286449958486694,-0.005359436141584236,-1.4021136250710287e-05
131.51999999999998,0.92,0.025,0.009797958971132711,0.5248792922602417,0.5278473586035246,0.2687424603458894,-0.2206122112167013,0.3447687161332558,-0.00010941484861113734,-0.0033405291606701413,0.0003641626231115598,-0.0018477714827660559,-4.256540494853989e-06,0.2274636184367608,-0.186726175573816,0.29181224133518774,-9.260872786446665e-05,-0.30148001784279826,0.06237159282076834,-0.26968583800233353,-0.14224354239369866,0.11116114773603111,-0.282595145221543,0.07819333654498588,-0.1473132410961127,-0.008090516013041137,-0.005286488791466133,-0.005359447825041749,-1.4046934772928717e-05
131.68000000000006,0.92,0.025,0.009797958971132711,0.5248792922602417,0.5278473586035246,0.26820834416770134,-0.22055375681902495,0.344472944156007,-0.00011018220539106093,-0.0033359237285014226,0.0003665161908211532,-0.0018461840866686148,-4.257135115015779e-06,0.2270115425035424,-0.18667669977162274,0.29156189993364434,-9.325821864299398e-05,-0.30103721231831043,0.0625455578733941,-0.2694548340485883,-0.14212084021010732,0.11077939556360489,-0.2823254790791932,0.07812650103277158,-0.14718650710892858,-0.00809057660869089,-0.005286527827677095,-0.005359441336199488,-1.40726587191905e-05
131.84000000000003,0.92,0.025,0.009797958971132711,0.5248792922602417,0.5278473586035246,0.2676749645409656,-0.2204949264055576,0.3441774266715647,-0.00011094967323163821,-0.003331322267640713,0.00036886282254643425,-0.001844591810789696,-4.2576937505670135e-06,0.22656008998747332,-0.18662690570966395,0.2913117739348124,-9.39078034232586e-05,-0.30059482952160055,0.06271892502917194,-0.26922402917734245,-0.1419982430006268,0.11039836518358816,-0.28205583940288076,0.07805945704462669,-0.14705938512460226,-0.008090637295129884,-0.005286567067801821,-0.005359416695120101,-1.409830774937241e-05
132.0,0.92,0.025,0.009797958971132711,0.5248792922602417,0.5278473586035246,0.26714232083021294,-0.22043572108507428,0.3438821644641395,-0.00011171724108005574,-0.0033267247788382175,0.0003712025305658292,-0.0018429946823431747,-4.258216480886851e-06,0.22610926035069226,-0.1865767943264069,0.29106186400244766,-9.455747285015918e-05,-0.3001528694107272,0.06289169541889107,-0.2689934239973575,-0.14187575109764305,0.11001805564500128,-0.2817862267683227,0.07799220573351041,-0.14693187731205173,-0.008090698072248178,-0.005286606512524145,-0.0053593739219769485,-1.41238815247512e-05
132.15999999999997,0.92,0.025,0.009797958971132711,0.5248792922602417,0.5278473586035246,0.26661041239985467,-0.22037614196438668,0.3435871583136648,-0.00011248489790603806,-0.003322131262832797,0.0003735353271425106,-0.0018413927285063603,-4.2587033859597555e-06,0.225659053055237,-0.1865263665586569,0.2908121707966859,-9.520721758767062e-05,-0.2997113319428474,0.06306387017185058,-0.26876301911405925,-0.1417533648317587,0.10963846599760861,-0.28151664174968766,0.07792474825088971,-0.14680398583725074,-0.00809075893993438,-0.005286646162529501,-0.0053593130370541975,-1.4149379708019045e-05
132.32000000000005,0.92,0.025,0.009797958971132711,0.5248792922602417,0.5278473586035246,0.2660792386141849,-0.2203161901483456,0.3432924089958039,-0.00011325263270240072,-0.003317541720351998,0.0003758612245244055,-0.0018397859764198326,-4.259154546370551e-06,0.22520946756304613,-0.18647562334155973,0.2905626949740484,-9.585702831931197e-05,-0.2992702170742194,0.06323545041586047,-0.26853281512954313,-0.14163108453179554,0.1092595952919193,-0.2812470849195986,0.07785708574673184,-0.14667571286321593,-0.008090819898075651,-0.005286686018504927,-0.005359234060746973,-1.4174801963296554e-05
132.48000000000002,0.92,0.025,0.009797958971132711,0.5248792922602417,0.5278473586035246,0.26554879883738225,-0.2202558667398434,0.3429979172819576,-0.00011402043448565998,-0.0033129561521120774,0.00037818023494420644,-0.0018381744531872897,-4.2595700432998765e-06,0.22476050333596034,-0.18642456560860346,0.29031343718744895,-9.650689574866261e-05,-0.29882952476020486,0.06340643727724275,-0.268302812642581,-0.14150891052479708,0.1088814425791874,-0.2809775568491354,0.07778921936949763,-0.14654706054999486,-0.008090880946557685,-0.0052867260811390706,-0.0053591370135615156,-1.4200147956147801e-05
132.64,0.92,0.025,0.009797958971132711,0.5248792922602417,0.5278473586035246,0.2650190924335117,-0.2201951728398164,0.34270368393926925,-0.00011478829229652214,-0.0033083745588180324,0.00038049237061938134,-0.0018365581858753818,-4.259949958519929e-06,0.2243121598357243,-0.1863731942916206,0.2900643980861975,-9.715681059977634e-05,-0.2983892549552716,0.0635768318808327,-0.2680730122486248,-0.14138684313603037,0.1085040069114122,-0.28070805810783733,0.07772115026613426,-0.14641803105465298,-0.008090942085264716,-0.0052867663511221765,-0.0053590219161153635,-1.4225417353594506e-05
132.79999999999995,0.92,0.025,0.009797958971132711,0.5248792922602417,0.5278473586035246,0.2644901187665261,-0.22013410954724733,0.34240970973063334,-0.00011555619520050576,-0.003303796941163627,0.0003827976437521838,-0.001834937201513542,-4.260294374390063e-06,0.22386443652398771,-0.18632151032079014,0.28981557831600807,-9.780676361770808e-05,-0.2979494076129954,0.06374663534998007,-0.26784341453981375,-0.14126488268898904,0.10812728734133867,-0.2804385892637061,0.07765287958206758,-0.1462886265312602,-0.008091003314079501,-0.005286806829146103,-0.005358888789137426,-1.4250609824131646e-05
132.96000000000004,0.92,0.025,0.009797958971132711,0.5248792922602417,0.5278473586035246,0.2639618772002686,-0.22007267795916785,0.3421159954147011,-0.00011632413228841229,-0.0032992232998314175,0.00038509606652966256,-0.0018333115270938538,-4.260603373851756e-06,0.22341733286230733,-0.18626951462463967,0.28956697851900304,-9.845674556891216e-05,-0.2975099826860633,0.06391584880655023,-0.2676140201049789,-0.14114302950539523,0.10775128292245771,-0.2801691508832077,0.07758440846119627,-0.1461588491308806,-0.008091064632883312,-0.005286847515904313,-0.005358737653468238,-1.427572503773912e-05
133.12,0.92,0.025,0.009797958971132711,0.5248792922602417,0.5278473586035246,0.26343436709847357,-0.22001087917066084,0.341822541745889,-0.00011709209267692823,-0.0032946536354927828,0.0003873876511236724,-0.0018316811895708652,-4.260877040424794e-06,0.22297084831214803,-0.18621720813004736,0.28931859933372045,-9.910674724175206e-05,-0.29707098012627514,0.06408447337092525,-0.2673848295296501,-0.14102128390520255,0.10737599270900654,-0.27989974353127584,0.07751573804588369,-0.1460287010015578,-0.008091126041555943,-0.005286888412091886,-0.00535856853005999,-1.4300762665898819e-05
133.27999999999997,0.92,0.025,0.009797958971132711,0.5248792922602417,0.5278473586035246,0.26290758782476914,-0.21994871427486296,0.3415293494743834,-0.00011786006550912345,-0.0032900879488079503,0.00038967240969088325,-0.001830046215861453,-4.261115458202269e-06,0.2225249823348846,-0.186164591762244,0.2890704413951181,-9.97567594469221e-05,-0.2966323998845464,0.06425251016200524,-0.2671558433960597,-0.14089964620659784,0.1070014157559691,-0.279630367771314,0.07744686947695163,-0.14589818428830412,-0.008091187539975692,-0.005286929518405512,-0.005358381439976765,-1.4325722381606846e-05
133.44000000000005,0.92,0.025,0.009797958971132711,0.5248792922602417,0.5278473586035246,0.26238153874267867,-0.2198861843629669,0.34123641934614846,-0.00011862803995503394,-0.0032855262404260224,0.0003919503543727911,-0.0018284066328446665,-4.261318711846319e-06,0.22207973439180323,-0.1861116664448152,0.2888225053345801,-0.00010040677301794073,-0.2961942419109108,0.06441996029720926,-0.26692706228314883,-0.14077811672600357,0.10662755111907621,-0.27936102416519826,0.07737780389367364,-0.14576730113308867,-0.008091249128019359,-0.005286970835543498,-0.005358176404394672,-1.4350603859389143e-05
133.60000000000002,0.92,0.025,0.009797958971132711,0.5248792922602417,0.5278473586035246,0.2618562192156224,-0.21982329052422409,0.3409437521029337,-0.00011939600521216267,-0.003280968510985004,0.00039422149729572786,-0.0018267624673615709,-4.261486886583542e-06,0.22163510394410282,-0.18605843309970327,0.2885747917799231,-0.00010105677881157449,-0.29575650615452187,0.06458682489247686,-0.2666984867665741,-0.14065669577808104,0.10625439785480606,-0.2790917132732798,0.0773085424337678,-0.14563605367482463,-0.008091310805562222,-0.005287012364205762,-0.005357953444601954,-1.4375406775314797e-05
133.76,0.92,0.025,0.009797958971132711,0.5248792922602417,0.5278473586035246,0.2613316286069196,-0.2197600338459468,0.34065134848227896,-0.0001201639505060003,-0.00327641476111183,0.00039648585057087195,-0.0018251137462151077,-4.2616200682006294e-06,0.22119109045289675,-0.18600489264720937,0.2883273013554009,-0.00010170676770827867,-0.2953191925636564,0.06475310506226886,-0.26647011741871107,-0.1405353836757317,0.10588195502038444,-0.27882243565438763,0.0772390862333906,-0.14550444404935856,-0.00809137257247807,-0.0052870541050938444,-0.0053577125819992055,-1.4400130807010564e-05
133.91999999999996,0.92,0.025,0.009797958971132711,0.5248792922602417,0.5278473586035246,0.26080776627978997,-0.21969641541351073,0.340359209217522,-0.00012093186509065152,-0.0032718649914223923,0.0003987434262942571,-0.0018234604961699305,-4.261718343039647e-06,0.22074769337921424,-0.1859510460059955,0.2880800346817106,-0.00010235673061272746,-0.294882301085716,0.06491880191956864,-0.26624195480866086,-0.14041418073009995,0.10551022167378515,-0.2785531918658309,0.07716943642712971,-0.14537247438945738,-0.008091434428639157,-0.005287096058910904,-0.005357453838099458,-1.4424775633675825e-05
134.08000000000004,0.92,0.025,0.009797958971132711,0.5248792922602417,0.5278473586035246,0.2602846315973555,-0.21963243631035761,0.34006733503780534,-0.0001216997382491799,-0.0032673192025215662,0.00040099423654678417,-0.0018218027439522682,-4.2617817979937996e-06,0.2203049121840017,-0.18589689409308668,0.28783299237599846,-0.00010300665845410588,-0.29444583166723,0.06508391657588371,-0.26601399950225524,-0.14029308725057554,0.10513919687373019,-0.2782839824634018,0.0770995941479978,-0.14524014682479772,-0.008091496373916207,-0.005287138226361724,-0.005357177234528358,-1.4449340936094625e-05
134.24,0.92,0.025,0.009797958971132711,0.5248792922602417,0.5278473586035246,0.2597622239226424,-0.2195680976179973,0.3397757266680832,-0.00012246755929427319,-0.003262777395003238,0.00040323829339423067,-0.0018201405162497786,-4.261810520502606e-06,0.21986274632812455,-0.18584243782387294,0.2875861750518656,-0.00010365654218667284,-0.29400978425385743,0.06524845014124626,-0.2657862520620628,-0.14017210354479617,0.10476887967969016,-0.27801480800137796,0.07702956052742596,-0.14510746348195422,-0.008091558408178419,-0.005287180608152705,-0.00535688279302431,-1.4473826396651014e-05
134.39999999999998,0.92,0.025,0.009797958971132711,0.5248792922602417,0.5278473586035246,0.25924054261858276,-0.2195034004160103,0.33948438482912724,-0.00012323531756875398,-0.003258239569450332,0.00040547560888726,-0.0018184738397113986,-4.261804598547646e-06,0.21942119527236845,-0.18578767811211114,0.2873395833193733,-0.00010430637279019337,-0.29357415879038984,0.06541240372421472,-0.2655587130473934,-0.14005122991864918,0.10439926915188465,-0.2777456690325252,0.07695933669525713,-0.14497442648438807,-0.008091620531293451,-0.0052872232049918765,-0.005356570535438627,-1.4498231699343723e-05
134.56000000000006,0.92,0.025,0.009797958971132711,0.5248792922602417,0.5278473586035246,0.2587195870480161,-0.21943834578205032,0.3391933102375333,-0.00012400300244604144,-0.0032537057264348367,0.00040770619506143296,-0.0018168027409472026,-4.261764120648165e-06,0.21898025847744085,-0.1857326158699274,0.2870932177850482,-0.00010495614127032948,-0.29313895522075306,0.06557577843187483,-0.2653313830143035,-0.13993046667627415,0.10403036435128248,-0.2774765661080998,0.07688892377973976,-0.1448410379524357,-0.008091682743127404,-0.005287266017588895,-0.005356240483735674,-1.4522556529799585e-05
134.72000000000003,0.92,0.025,0.009797958971132711,0.5248792922602417,0.5278473586035246,0.25819935657369153,-0.21937293479184647,0.3389025036057291,-0.0001247706033306372,-0.0032491758665178314,0.0004099300639372175,-0.0018151272465282608,-4.261689175856189e-06,0.2185399354039725,-0.18567725200781887,0.2868470790518891,-0.00010560583865905133,-0.29270417348801014,0.06573857536984076,-0.26510426251560276,-0.13980981412006563,0.10366216433960192,-0.2772074997778513,0.07681832290752136,-0.1447073000032976,-0.008091745043544837,-0.005287309046655044,-0.005355892659993002,-1.4546800575285887e-05
134.88,0.92,0.025,0.009797958971132711,0.5248792922602417,0.5278473586035246,0.257679850558269,-0.21930716851920595,0.33861196564197965,-0.0001255381096587345,-0.0032446499902495153,0.00041214722751999874,-0.0018134473829865007,-4.261579853752193e-06,0.21810022551251887,-0.18562158743465593,0.2866011677193716,-0.00010625545601515289,-0.2922698135343634,0.0659007956422565,-0.26487735210085805,-0.13968927255067495,0.10329466817931116,-0.2769384705900253,0.07674753520364246,-0.14457321475102763,-0.008091807432408738,-0.005287352292903241,-0.005355527086401523,-1.4570963524726386e-05
135.03999999999996,0.92,0.025,0.009797958971132711,0.5248792922602417,0.5278473586035246,0.2571610683643214,-0.21924104803601616,0.33832169705039367,-0.00012630551089863162,-0.0032401280981692294,0.00041435769780008943,-0.00181176317681456,-4.261436244440829e-06,0.21766112826356165,-0.1855656230576841,0.2863554843834532,-0.0001069049844246018,-0.2918358753011569,0.0660624403517968,-0.2646506523163992,-0.13956884226701247,0.10292787493362848,-0.2766694790913654,0.07667656179152998,-0.14443878430652143,-0.008091869909580534,-0.005287395757048025,-0.005355143785265627,-1.4595045068714404e-05
135.20000000000005,0.92,0.025,0.009797958971132711,0.5248792922602417,0.5278473586035246,0.25664300935433637,-0.21917457441224727,0.3380316985309316,-0.00012707279655125504,-0.00323561019080549,0.00041656148675273965,-0.0018100746544656506,-4.261258438546173e-06,0.21722264311751033,-0.1855093597825261,0.28611002963658055,-0.00010755441500098228,-0.2914023587288789,0.06622351059966829,-0.26442416370532495,-0.1394485235662505,0.10256178366652272,-0.2764005258271164,0.07660540379299115,-0.14430401077750557,-0.008091932474920075,-0.005287439439805581,-0.005354742779003317,-1.461904489952611e-05
135.36,0.92,0.025,0.009797958971132711,0.5248792922602417,0.5278473586035246,0.2561256728907176,-0.21910774871595476,0.3377419707794104,-0.0001278399561506978,-0.0032310962686760095,0.00041875860633814807,-0.00180838184235343,-4.2610465272072e-06,0.21678476953470338,-0.1854527985131841,0.285864804067693,-0.00010820373888595061,-0.29096926375716375,0.0663840074856111,-0.2641978868075072,-0.13932831674382498,0.10219639344271335,-0.2761316113410264,0.07653406232820775,-0.14416889626852777,-0.008091995128285625,-0.005287483341893717,-0.0053543240901464005,-1.464296271113496e-05
135.51999999999998,0.92,0.025,0.009797958971132711,0.5248792922602417,0.5278473586035246,0.25560905833578695,-0.21904057201328148,0.3374525144875114,-0.00012860697926467192,-0.0032265863322877256,0.0004209490685014708,-0.0018066847668518477,-4.260800602073448e-06,0.21634750697541008,-0.18539594015204144,0.28561980826222966,-0.00010885294724961832,-0.2905365903247948,0.06654393210789944,-0.2639718221595973,-0.1392082220934381,0.10183170332767102,-0.2758627361753497,0.07646253851572918,-0.14403344288094455,-0.008092057869533863,-0.005287527464031888,-0.005353887741340562,-1.4666798199225101e-05
135.68000000000006,0.92,0.025,0.009797958971132711,0.5248792922602417,0.5278473586035246,0.25509316505178603,-0.2189730453684604,0.3371633303427849,-0.00012937385549498728,-0.003222080382136826,0.0004231328851728328,-0.0018049834542950176,-4.260520755300459e-06,0.2159108548998317,-0.18533878559986489,0.28537504280213316,-0.00010950203129095723,-0.29010433836970645,0.06670328556334325,-0.2637459702950299,-0.13908823990706018,0.10146771238761766,-0.275593900870849,0.07639083347246693,-0.14389765271291144,-0.00809212069851987,-0.0052875718069411775,-0.005353433755345551,-1.4690551061204734e-05
135.84000000000003,0.92,0.025,0.009797958971132711,0.5248792922602417,0.5278473586035246,0.2545779924008778,-0.21890516984381686,0.33687441902865956,-0.00013014057447803082,-0.0032175784187087795,0.00042531006826733756,-0.001803277930977095,-4.260207079545223e-06,0.21547481276810299,-0.1852813357558066,0.28513050826585745,-0.00011015098223820529,-0.28967250782898646,0.06686206894728919,-0.2635203317440302,-0.13896837047493288,0.10110441968952685,-0.2753251059667985,0.07631894831368877,-0.14376152785937324,-0.008092183615097129,-0.005287616371344319,-0.005352962155035311,-1.4714220996219287e-05
136.0,0.92,0.025,0.009797958971132711,0.5248792922602417,0.5278473586035246,0.25406353974514845,-0.21883694649977087,0.33658578122444527,-0.00013090712588531816,-0.003213080442478356,0.0004274806296850777,-0.0018015682231521174,-4.259859667961656e-06,0.21503938004029366,-0.18522359151740608,0.2848862052283705,-0.00011079979134933329,-0.28924109863887826,0.0670202833536217,-0.2632949070336171,-0.13884861408557,0.10074182430112415,-0.27505635200098577,0.07624688415301197,-0.14362507041205153,-0.008092246619117506,-0.005287661157965682,-0.005352472963398093,-1.4737807705166073e-05
136.15999999999997,0.92,0.025,0.009797958971132711,0.5248792922602417,0.5278473586035246,0.2535498064466092,-0.21876837639483976,0.33629741760534243,-0.00013167349942393093,-0.003208586453909658,0.00042964458131114486,-0.001799854357033897,-4.259478614196296e-06,0.21460455617641003,-0.18516555378059238,0.28464213426116186,-0.00011144844991241515,-0.28881011073478374,0.06717792987476447,-0.26306969668760954,-0.13872897102576115,0.10037992529088725,-0.2747876395097148,0.07617464210239815,-0.1434882824594363,-0.008092309710431254,-0.005287706167531275,-0.0053519662035366265,-1.4761310890707571e-05
136.32000000000005,0.92,0.025,0.009797958971132711,0.5248792922602417,0.5278473586035246,0.2530367918671977,-0.21869946058564038,0.33600932884244655,-0.00013243968483693625,-0.003204096453456145,0.0004318019350156405,-0.0017981363587958724,-4.25906401238361e-06,0.21417034063639614,-0.18510722343968602,0.2843982959322468,-0.00011209694924598285,-0.2883795440512648,0.06733500960168133,-0.2628447012266315,-0.1386094415805731,0.10001872172804643,-0.2745189690278084,0.07610222327214686,-0.1433511660867742,-0.008092372888887001,-0.005287751400768758,-0.005351441898668221,-1.4784730257283391e-05
136.48000000000002,0.92,0.025,0.009797958971132711,0.5248792922602417,0.5278473586035246,0.25252449536877997,-0.21863020012689158,0.33572151560275576,-0.00013320567190394127,-0.0031996104415606603,0.00043395270265368565,-0.0017964142545709892,-4.25861595714163e-06,0.21373673288013537,-0.18504860138740103,0.2841546908061725,-0.00011274528069949589,-0.2879493985220463,0.06749152362387768,-0.2626199211681173,-0.13849002603335261,0.09965821268258478,-0.2742503410886107,0.07602962877089012,-0.14321372337605942,-0.008092436154331747,-0.005287796858407433,-0.005350900072124919,-1.4808065511125287e-05
136.64,0.92,0.025,0.009797958971132711,0.5248792922602417,0.5278473586035246,0.2520129163131519,-0.2185605960714165,0.335433978549176,-0.00013397145044149577,-0.003195128418655457,0.000436096896065431,-0.0017946880704515621,-4.258134543567256e-06,0.2133037323674518,-0.18498968851484693,0.2839113194440226,-0.00011339343565368202,-0.2875196740800179,0.06764747302940137,-0.26239535702631583,-0.13837072466572814,0.09929839722523844,-0.2739817562239897,0.07595685970558622,-0.14307595640602266,-0.00809249950661085,-0.005287842541178256,-0.005350340747353623,-1.4831316360268827e-05
136.79999999999995,0.92,0.025,0.009797958971132711,0.5248792922602417,0.5278473586035246,0.2515020540620414,-0.21849064947014527,0.33514671834052795,-0.00013473701030361263,-0.003190650385162223,0.00043823452707606863,-0.0017929578324891436,-4.257619867232053e-06,0.21287133855811186,-0.18493048571153095,0.2836681824034229,-0.00011404140552097773,-0.2870903706572371,0.06780285890484425,-0.2621710093122968,-0.13825153775761231,0.09893927442749684,-0.27371321496433965,0.07588391718151385,-0.14293786725212085,-0.008092562945568019,-0.005287888449813821,-0.005349763947916195,-1.4854482514568338e-05
136.96000000000004,0.92,0.025,0.009797958971132711,0.5248792922602417,0.5278473586035246,0.25099190797710924,-0.21842036137211693,0.33485973563155313,-0.0001355023413821609,-0.0031861763414921104,0.00044036560749584076,-0.0017912235666944043,-4.257072024177491e-06,0.21243955091182526,-0.18487099386535977,0.2834252802385466,-0.00011468918174586098,-0.2866614881849305,0.06795768233534305,-0.2619468785339551,-0.13813246558720432,0.09858084336160305,-0.273444717838584,0.07581080230226678,-0.142799457986528,-0.008092626471045325,-0.0052879345850483876,-0.005349169697489625,-1.4877563685708192e-05
137.12,0.92,0.025,0.009797958971132711,0.5248792922602417,0.5278473586035246,0.2504824774199517,-0.21834973282448228,0.33457303107292086,-0.00013626743360738893,-0.00318170628804576,0.0004424901491200505,-0.001789485299037009,-4.256491110910634e-06,0.21200836888824715,-0.18481121386264182,0.28318261350012025,-0.000115336755805294,-0.286233026593497,0.06811194440458068,-0.26172296519601645,-0.13801350843099208,0.0982231031005542,-0.27317626537417766,0.07573751616974815,-0.14266073067812515,-0.00809269008288316,-0.005287980947617858,-0.005348558019866143,-1.4900559587217448e-05
137.27999999999997,0.92,0.025,0.009797958971132711,0.5248792922602417,0.5278473586035246,0.24997376175210165,-0.21827876487250591,0.33428660531123255,-0.00013703227694827306,-0.0031772402252133254,0.0004446081637290732,-0.0017877430554454695,-4.2558772243996e-06,0.21157779194697884,-0.18475114658808903,0.28294018273542726,-0.00011598411920901831,-0.28580498581250974,0.0682656461947874,-0.2614992698000413,-0.13789466656375396,0.09786605271810134,-0.2729078580971094,0.07566405988416397,-0.1425216873924892,-0.008092753780920262,-0.005288027538259785,-0.005347928938953311,-1.4923469934481115e-05
137.44000000000005,0.92,0.025,0.009797958971132711,0.5248792922602417,0.5278473586035246,0.2494657603350303,-0.21820745855956888,0.3340004589890299,-0.00013779686141311793,-0.0031727781533745034,0.00044671966308836464,-0.001785996861807039,-4.255230462069088e-06,0.21114781954756964,-0.1846907929248191,0.28269798848831496,-0.00011663126350006303,-0.2853773657707185,0.06841878878674211,-0.2612757928444312,-0.13777594025856157,0.09750969128875021,-0.2726394965319045,0.07559043454401836,-0.1423823301918843,-0.008092817564993693,-0.00528807435771339,-0.005347282478774183,-1.494629444475551e-05
137.60000000000002,0.92,0.025,0.009797958971132711,0.5248792922602417,0.5278473586035246,0.2489584725301489,-0.21813581492717082,0.3337145927448001,-0.0001385611770498509,-0.003168320072898555,0.00044882465894847414,-0.0017842467439675828,-4.254550921795829e-06,0.21071845114951804,-0.1846301537543574,0.28245603129919883,-0.0001172781802549938,-0.2849501663960516,0.06857137325977322,-0.261052534824433,-0.13765732978678177,0.09715401788776101,-0.27237118120162745,0.07551664124610766,-0.14224266113525202,-0.00809288143493883,-0.005288121406719541,-0.0053466186634674095,-1.4969032837178537e-05
137.76,0.92,0.025,0.009797958971132711,0.5248792922602417,0.5278473586035246,0.2484518976988107,-0.21806383501493265,0.33342900721298224,-0.0001393252139465065,-0.0031638659841443355,0.00045092316304505233,-0.0017824927277314518,-4.2538387019042106e-06,0.2102896862122734,-0.184569229956639,0.28221431170506817,-0.0001179248610843231,-0.2845233876156189,0.06872340069176024,-0.2608294962321444,-0.13753883541807888,0.09679903159114907,-0.2721029126278841,0.07544268108551477,-0.14210268227820128,-0.008092945390589362,-0.0052881686860207664,-0.005345937517287347,-1.49916848327835e-05
137.91999999999996,0.92,0.025,0.009797958971132711,0.5248792922602417,0.5278473586035246,0.24794603520231212,-0.2179915198605986,0.3331437030239725,-0.00014008896223172438,-0.0031594158874603197,0.000453015187098863,-0.0017807348388613482,-4.253093901161582e-06,0.209861524195237,-0.18450802241001066,0.2819728302394903,-0.00011857129763293153,-0.2840970293557134,0.06887487215913467,-0.2606066775565175,-0.1374204574204165,0.09644473147568494,-0.27183469133082455,0.0753685551556032,-0.14196239567299782,-0.008093009431777284,-0.0052882161963612615,-0.005345239064604162,-1.5014250154512221e-05
138.08000000000004,0.92,0.025,0.009797958971132711,0.5248792922602417,0.5278473586035246,0.2474408844018947,-0.21791887050003889,0.33285868080413183,-0.00014085241207508208,-0.003154969783184627,0.0004551007428157935,-0.0017789731030782257,-4.2523166187740685e-06,0.2094339645577637,-0.18444653199123293,0.2817315874326172,-0.00011921748158034947,-0.28367109154181397,0.06902578873688138,-0.26038407928336577,-0.13730219606006028,0.09609111661889466,-0.2715665178291454,0.0752942645480124,-0.1418218033685565,-0.00809307355833289,-0.005288263938486879,-0.005344523329903975,-1.5036728527226872e-05
138.24,0.92,0.025,0.009797958971132711,0.5248792922602417,0.5278473586035246,0.2469364446587469,-0.2178458879672519,0.33257394117579114,-0.00014161555368754925,-0.0031505276716450453,0.00045717984188686485,-0.001777207546061144,-4.251506954381955e-06,0.2090070067591634,-0.18438475957548203,0.28149058381118963,-0.0001198634046411417,-0.2832455740985875,0.06917615149853946,-0.26016170189536764,-0.13718405160157984,0.09573818609905986,-0.2712983926400923,0.07521981035265131,-0.14168090741042977,-0.008093137770084755,-0.005288311913145127,-0.005343790337788919,-1.505911967772258e-05
138.39999999999998,0.92,0.025,0.009797958971132711,0.5248792922602417,0.5278473586035246,0.2464327153340053,-0.21777257329436672,0.3322894847572571,-0.00014237837732198897,-0.003146089553159061,0.0004592524959882412,-0.0017754381934471661,-4.250665008055159e-06,0.2085806502587021,-0.184322706036352,0.2812498198985424,-0.00012050905856533147,-0.28282047694989115,0.06932596151620388,-0.25993954587207163,-0.13706602430785075,0.09538593899521838,-0.2710303162794626,0.07514519365769373,-0.14153970984079978,-0.008093202066859744,-0.005288360121085191,-0.0053430401129773005,-1.5081423334741008e-05
138.56000000000006,0.92,0.025,0.009797958971132711,0.5248792922602417,0.5278473586035246,0.24592969578875656,-0.21769892751164535,0.33200531216281814,-0.00014314087327345283,-0.003141655428033883,0.00046131871678124206,-0.00177366507083122,-4.2497908802888496e-06,0.20815489451560357,-0.18426037224585665,0.2810092962146093,-0.00012115443513865048,-0.28239580001877435,0.06947521986052635,-0.25971761168990104,-0.1369481144400567,0.09503437438716415,-0.2707622892616076,0.07507041554957211,-0.14139821269846745,-0.008093266448482994,-0.005288408563057916,-0.005342272680303658,-1.5103639228981004e-05
138.72000000000003,0.92,0.025,0.009797958971132711,0.5248792922602417,0.5278473586035246,0.2454273853840392,-0.21762495164748527,0.3317214240027512,-0.00014390303187967004,-0.003137225296566467,0.0004633785159123516,-0.001771888203765995,-4.248884671998947e-06,0.20772973898905078,-0.18419775907443153,0.2807690132759286,-0.00012179952618295272,-0.28197154322748164,0.06962392760071658,-0.2594958998221594,-0.136830322257692,0.09468349135544771,-0.2704943120994354,0.07499547711297275,-0.1412564180188444,-0.00809333091477791,-0.005288457239815818,-0.005341488064718894,-1.5125767093111999e-05
138.88,0.92,0.025,0.009797958971132711,0.5248792922602417,0.5278473586035246,0.2449257834808447,-0.21755064672842161,0.3314378208833271,-0.00014466484352138815,-0.0031327991590435434,0.0004654319050132287,-0.0017701076177618071,-4.247946484517627e-06,0.20730518313818697,-0.18413486739093607,0.28052897159564805,-0.00012244432355650294,-0.2815477064974544,0.06977208580454354,-0.25927441073903496,-0.13671264801856353,0.09433328898137623,-0.270226385304413,0.07492037943082988,-0.14111432783394237,-0.008093395465566155,-0.005288506152113079,-0.005340686291290336,-1.5147806661785004e-05
139.03999999999996,0.92,0.025,0.009797958971132711,0.5248792922602417,0.5278473586035246,0.24442488944011992,-0.21747601377912967,0.3311545034068164,-0.00014542629862291143,-0.003128377015741641,0.0004674788957007183,-0.0017683233382864883,-4.246976419588865e-06,0.2068812264221175,-0.18407169806265536,0.2802891716835294,-0.00012308881915443223,-0.2811242897493335,0.06991969553833641,-0.2590531449076052,-0.13659509197879263,0.09398376634701397,-0.26995850938656907,0.07484512358432056,-0.1409719441723646,-0.008093460100667645,-0.005288555300705553,-0.005339867385201866,-1.5169757671646916e-05
139.20000000000005,0.92,0.025,0.009797958971132711,0.5248792922602417,0.5278473586035246,0.24392470262276786,-0.21740105382242728,0.33087147217149576,-0.00014618738765229486,-0.003123958866927114,0.0004695194995768614,-0.0017665353907652616,-4.245974579364109e-06,0.20645786829991072,-0.18400825195530246,0.280049614045954,-0.00012373300490890236,-0.2807012929029613,0.07006675786698618,-0.25883210279184227,-0.13647765439281764,0.09363492253518231,-0.2696906848544962,0.07476971065285912,-0.14082926905929607,-0.00809352481990054,-0.005288604686350766,-0.00533903137175398,-1.5191619861349585e-05
139.36,0.92,0.025,0.009797958971132711,0.5248792922602417,0.5278473586035246,0.24342522238965006,-0.21732576787927696,0.3305887277716535,-0.00014694810112194818,-0.0031195447128561683,0.00047155372822890566,-0.001764743800580638,-4.244941066397454e-06,0.2060351082305998,-0.18394452993302002,0.27981029918592754,-0.00012437687278961694,-0.280278715877384,0.07021327385394634,-0.2586112848526172,-0.13636033551339574,0.09328675662946019,-0.26942291221535386,0.07469414171409242,-0.1406863045164955,-0.008093589623081241,-0.005288654309807917,-0.005338178276363928,-1.5213392971564028e-05
139.51999999999998,0.92,0.025,0.009797958971132711,0.5248792922602417,0.5278473586035246,0.24292644810158756,-0.21725015696878863,0.33030627079759517,-0.00014770842958888975,-0.003115134553774885,0.0004735815932293157,-0.0017629485930722732,-4.243875983641783e-06,0.20561294567318372,-0.1838805328583827,0.27957122760308456,-0.0001250204148040363,-0.2798565585908537,0.07035924456123453,-0.2583906915477046,-0.13624313559160506,0.09293926771418422,-0.26915519197487037,0.07461841784389342,-0.1405430525622838,-0.00809365451002438,-0.0052887041718378824,-0.005337308124565729,-1.523507674499181e-05
139.68000000000006,0.92,0.025,0.009797958971132711,0.5248792922602417,0.5278473586035246,0.24242837911936316,-0.21717422210822182,0.3300241018356503,-0.00014846836365515678,-0.0031107283899192463,0.00047560310613578317,-0.0017611497935368686,-4.242779434443747e-06,0.205191380086629,-0.18381626159239894,0.2793323997936944,-0.0001256636229977247,-0.279434820960831,0.07050467104943353,-0.25817032333178813,-0.13612605487684712,0.09259245487444892,-0.26888752463734533,0.0745425401163568,-0.14039951521153682,-0.0080937194805428,-0.005288754273203212,-0.0053364209420102915,-1.5256670926375417e-05
139.84000000000003,0.92,0.025,0.009797958971132711,0.5248792922602417,0.5278473586035246,0.24193101480372245,-0.2170979643129878,0.32974222146817755,-0.0001492278939682855,-0.003106326221515163,0.00047761827849123845,-0.001759347427228057,-4.24165152253966e-06,0.2047704109298707,-0.1837517169945129,0.2790938162506655,-0.00012630648945475686,-0.2790135029039871,0.07064955437769223,-0.2579501806564646,-0.13600909361684851,0.09224631719610697,-0.2686199107056528,0.07446650960379363,-0.14025569447567604,-0.00809378453444757,-0.005288804614668138,-0.005335516754465513,-1.5278175262512567e-05
140.0,0.92,0.025,0.009797958971132711,0.5248792922602417,0.5278473586035246,0.24143435451537584,-0.2170213845966524,0.3294606302735703,-0.0001499870112214619,-0.003101928048778497,0.00047962712182386013,-0.001757541519356266,-4.2404923520508115e-06,0.20435003766181412,-0.18368689992260662,0.27885547746354994,-0.00012694900629784536,-0.27859260433620564,0.07079389560372727,-0.2577302639702484,-0.13589225205766328,0.0919008537657695,-0.26835235068124297,0.07439032737672531,-0.1401115923626581,-0.00809384967154796,-0.00528885519699856,-0.005334595587816294,-1.5299589502263326e-05
140.15999999999997,0.92,0.025,0.009797958971132711,0.5248792922602417,0.5278473586035246,0.24093839761499994,-0.21694448397093796,0.3291793288262638,-0.00015074570615418011,-0.00309753387191509,0.0004816296476470849,-0.0017557320950886256,-4.2393020274792505e-06,0.20393025974133597,-0.1836218112330019,0.2786173839185497,-0.00012759116568889805,-0.27817212517258577,0.07093769578382383,-0.25751057371857744,-0.13577553044367513,0.09155606367080625,-0.26808484506414515,0.07431399450387939,-0.13996721087696745,-0.008093914891651446,-0.005288906020962078,-0.005333657468064668,-1.5320913396566806e-05
140.32000000000005,0.92,0.025,0.009797958971132711,0.5248792922602417,0.5278473586035246,0.24044314346323914,-0.21686726344572582,0.32889831769673844,-0.0001515039695524094,-0.003093143691120785,0.00048362586745962025,-0.0017539191795488314,-4.2380806537032755e-06,0.20351107662728563,-0.18355645178046234,0.27837953609851945,-0.00012823295982915934,-0.2777520653274433,0.07108095597283702,-0.2572911103438159,-0.1356589290175988,0.09121194599934573,-0.26781739435297003,0.07423751205218333,-0.13982255201960564,-0.008093980194563692,-0.005288957087327957,-0.005332702421329831,-1.5342146698449134e-05
140.48000000000002,0.92,0.025,0.009797958971132711,0.5248792922602417,0.5278473586035246,0.23994859142070746,-0.21678972402905888,0.3286175974515285,-0.00015226179224897784,-0.0030887575065814544,0.0004856157927454524,-0.0017521027978170494,-4.236828335972787e-06,0.2030924877784868,-0.18349082241819545,0.27814193448297375,-0.00012887438095953485,-0.27733242471431385,0.07122367722419311,-0.2570718742852609,-0.13554244802048332,0.09086849984027562,-0.26754999904491206,0.07416088108676026,-0.139677617788084,-0.008094045580088546,-0.0052890083968671515,-0.005331730473848235,-1.5363289163034224e-05
140.64,0.92,0.025,0.009797958971132711,0.5248792922602417,0.5278473586035246,0.23945474084798987,-0.21671186672714363,0.32833716865322554,-0.00015301916512404286,-0.0030843753184730247,0.00048759943497385844,-0.0017502829749297827,-4.2355451799053554e-06,0.20267449265373863,-0.18342492399785437,0.2779045795480901,-0.00012951542136098988,-0.2769132032459547,0.07136586058989047,-0.25685286597914553,-0.13542608769171305,0.09052572428324282,-0.26728265963575215,0.07408410267092291,-0.1395324101764131,-0.00809411104802803,-0.0052890599503523025,-0.005330741651973618,-1.5384340547558344e-05
140.79999999999995,0.92,0.025,0.009797958971132711,0.5248792922602417,0.5278473586035246,0.23896159110564408,-0.21663369254435266,0.3280570318604851,-0.00015377607910532296,-0.003079997126961501,0.0004895768055994165,-0.001748459735879769,-4.234231291481295e-06,0.20225709071181716,-0.1833587573695401,0.27766747176671464,-0.00013015607335474535,-0.2764944008343469,0.07150750712050111,-0.2566340858586444,-0.13530984826901024,0.09018361841865377,-0.26701537661985997,0.07400717786616902,-0.13938693117509476,-0.00809417659818234,-0.005289111748557732,-0.00532973598217709,-1.540530061137758e-05
140.96000000000004,0.92,0.025,0.009797958971132711,0.5248792922602417,0.5278473586035246,0.23846914155420185,-0.21655520248322707,0.3277771876280321,-0.0001545325251684883,-0.003075622932202993,0.0004915479160620161,-0.0017466331056158583,-4.232886777039423e-06,0.20184028141147645,-0.1832923233818034,0.2774306116083664,-0.00013079632930260848,-0.27607601739069765,0.07164861786517154,-0.2564155343538775,-0.13519372998843707,0.08984218133767463,-0.2667481504901965,0.07393010773217573,-0.13924118277111258,-0.008094242230349833,-0.005289163792259456,-0.00532871349104716,-1.5426169115980003e-05
141.12,0.92,0.025,0.009797958971132711,0.5248792922602417,0.5278473586035246,0.23797739155417097,-0.2164763975444787,0.32749763650666747,-0.00015528849433752752,-0.0030712527343437395,0.0004935127777868686,-0.0017448031090429087,-4.231511743272662e-06,0.20142406421145032,-0.1832256228816468,0.27719399953924334,-0.0001314361816072833,-0.2756580528254424,0.07178919387162422,-0.25619721189191613,-0.1350777330843979,0.08950141213223148,-0.26648098173831636,0.07385289332679495,-0.1390951669479236,-0.008094307944327016,-0.005289216082235176,-0.005327674205289806,-1.544694582499684e-05
141.27999999999997,0.92,0.025,0.009797958971132711,0.5248792922602417,0.5278473586035246,0.23748634046603648,-0.21639727872699263,0.32721837904327183,-0.00015604397768510195,-0.003066886533520133,0.0004954714021845182,-0.001742969771021657,-4.230106297223689e-06,0.20100843857045328,-0.18315865671452658,0.2769576360222253,-0.0001320756227126703,-0.2752405070482472,0.07192923618615862,-0.2559791188967855,-0.13496185778964068,0.0891613098950105,-0.26621387085437015,0.07377553570604752,-0.1389488856854484,-0.00809437373990854,-0.005289268619264282,-0.005326618151728498,-1.5467630504213695e-05
141.44000000000005,0.92,0.025,0.009797958971132711,0.5248792922602417,0.5278473586035246,0.23699598765026236,-0.21631784702782927,0.3269394157808132,-0.00015679896633276355,-0.003062524329858748,0.0004974238006508519,-0.0017411331163686248,-4.228670546280367e-06,0.2005934039471821,-0.18309142572435472,0.2767215215168803,-0.00013271464510405107,-0.2748233799680107,0.07206874585365237,-0.255761255789471,-0.1348461043352599,0.08882187371945838,-0.2659468183271076,0.07369803592411883,-0.13880234096006358,-0.008094439616887203,-0.005289321404127862,-0.0053255453573042705,-1.5488222921578652e-05
141.60000000000002,0.92,0.025,0.009797958971132711,0.5248792922602417,0.5278473586035246,0.23650633246729325,-0.21623810344222696,0.3266607472583515,-0.00015755345145146622,-0.0030581661234763595,0.0004993699845671105,-0.0017392931698559844,-4.227204598171483e-06,0.20017895980031702,-0.1830239307535009,0.2764856564794687,-0.00013335324130852103,-0.27440667149286646,0.0722077239175626,-0.25554362298792194,-0.13473047295069804,0.0884831026997821,-0.26567982464387885,0.07362039503335292,-0.13865553474459139,-0.008094505575053921,-0.005289374437608687,-0.005324455849075711,-1.550872284721619e-05
141.76,0.92,0.025,0.009797958971132711,0.5248792922602417,0.5278473586035246,0.2360173742775558,-0.21615804896360416,0.3263823740110438,-0.00015830742426175051,-0.0030538119144799753,0.000501309965299899,-0.001737449956211464,-4.225708560962173e-06,0.19976510558852326,-0.18295617264279457,0.2762500413629475,-0.00013399140389514565,-0.27399038153018523,0.072346171419927,-0.2553262209070557,-0.13461496386374763,0.08814499593094965,-0.26541289029063797,0.07354261408424806,-0.13850846900829228,-0.008094571614197741,-0.005289427720491227,-0.0053233496542190555,-1.5529130053434723e-05
141.91999999999996,0.92,0.025,0.009797958971132711,0.5248792922602417,0.5278473586035246,0.23552911244146035,-0.2160776845835619,0.3261042965701514,-0.00015906087603410218,-0.0030494617029668564,0.0005032437542011972,-0.001735603500118223,-4.224182543049822e-06,0.19935184077045207,-0.18288815223152682,0.27601467661697615,-0.0001346291254752641,-0.27357450998657695,0.07248408940136501,-0.2551090499587635,-0.1344995773005538,0.08780755250868987,-0.2651460157519448,0.0734646941254512,-0.13836114571685515,-0.008094637734105823,-0.005289481253561652,-0.0053222268000281524,-1.554944431473831e-05
142.08000000000004,0.92,0.025,0.009797958971132711,0.5248792922602417,0.5278473586035246,0.23504154631940247,-0.21599701129188606,0.32582651546304375,-0.0001598137980892951,-0.0030451154890245432,0.0005051713626083698,-0.0017337538262147435,-4.222626653159382e-06,0.19893916480474225,-0.18281987035745237,0.27577956268792025,-0.00013526639870277936,-0.27315905676789304,0.07262147890107921,-0.25489211055191346,-0.13438431348561583,0.08747077152949279,-0.26487920151096755,0.07338663620375302,-0.13821356683238883,-0.008094703934563427,-0.005289535037607824,-0.005321087313914534,-1.5569665407836412e-05
142.24,0.92,0.025,0.009797958971132711,0.5248792922602417,0.5278473586035246,0.2345546752717644,-0.2159160300765496,0.3255490312132052,-0.00016056618179868557,-0.0030407732727308796,0.0005070928018441782,-0.0017319009590947162,-4.2210410003390025e-06,0.1985270771500214,-0.1827513278567916,0.2755447000188569,-0.00013590321627440747,-0.27274402177922846,0.07275834095685624,-0.2546754030923561,-0.13426917264178936,0.08713465209060975,-0.2646124480494853,0.07330844136408275,-0.13806573431341324,-0.008094770215353922,-0.0052895890734193,-0.005319931223407401,-1.558979311165363e-05
142.39999999999998,0.92,0.025,0.009797958971132711,0.5248792922602417,0.5278473586035246,0.2340684986589168,-0.2158347419237152,0.32527184434024,-0.00016131801858449208,-0.0030364350541540394,0.0005090080832167898,-0.0017300449233069374,-4.2194256939559365e-06,0.1981155772649072,-0.18268252556423256,0.27531008904957915,-0.0001365395709299141,-0.27232940492492425,0.07289467660506822,-0.25445892798292824,-0.13415415499028868,0.08679919329005371,-0.2643457558478902,0.07323011064950355,-0.1379176501148513,-0.008094836576258757,-0.005289643361787347,-0.005318758556153688,-1.5609827207340074e-05
142.56000000000006,0.92,0.025,0.009797958971132711,0.5248792922602417,0.5278473586035246,0.23358301584122018,-0.21575314781773722,0.3249949553598776,-0.00016206929992014073,-0.003032100833352548,0.0005109172180197895,-0.0017281857433551733,-4.217780843691742e-06,0.19770466460800878,-0.1826134643129328,0.2750757302166004,-0.0001371754554524071,-0.2719152061085691,0.07303048688067375,-0.2542426856234577,-0.1340392607506883,0.08646439422659927,-0.2640791253851902,0.07315164510120634,-0.13776931618801824,-0.008094903017057472,-0.005289697903504919,-0.005317569339917987,-1.5629767478280552e-05
142.72000000000003,0.92,0.025,0.009797958971132711,0.5248792922602417,0.5278473586035246,0.2330982261790265,-0.21567124874116428,0.3247183647839792,-0.00016282001733057474,-0.0030277706103753123,0.0005128202175321897,-0.0017263234436980799,-4.21610655953831e-06,0.19729433863792806,-0.18254414493452145,0.27484162395316003,-0.00013781086266859846,-0.2715014252330022,0.0731657728172192,-0.25402667641076787,-0.13392449014092553,0.08613025399978304,-0.2638125571390112,0.07307304575850618,-0.13762073448061554,-0.008094969537527679,-0.005289752699366677,-0.005316363602582656,-1.564961371010567e-05
142.88,0.92,0.025,0.009797958971132711,0.5248792922602417,0.5278473586035246,0.2326141290326805,-0.21558904567474152,0.3244420731205419,-0.00016357016239242487,-0.003023444385261639,0.0005147170930184413,-0.001724458048749065,-4.21440295179315e-06,0.19688459881326079,-0.18247456825910124,0.2746077706892267,-0.00013844578544894843,-0.2710880622003147,0.07330053544684001,-0.25381090073868173,-0.1338098433773021,0.08579677170990371,-0.2635460515855997,0.07299431365883602,-0.13747190693671996,-0.008095036137445052,-0.005289807750168992,-0.0053151413721477395,-1.566936569069831e-05
143.03999999999996,0.92,0.025,0.009797958971132711,0.5248792922602417,0.5278473586035246,0.23213072376252158,-0.215506539597413,0.32416608087370513,-0.0001643197267344754,-0.003019122158041265,0.0005166078557284438,-0.0017225895828761903,-4.2126701310554e-06,0.19647544459259828,-0.18240473511525038,0.27437417085150406,-0.00013908021670805997,-0.27067511691185253,0.07343477580026173,-0.2535953589980263,-0.1336953206744863,0.08546394645802234,-0.26327960919982496,0.07291544983774234,-0.13732283549677585,-0.008095102816583325,-0.005289863056709927,-0.005313902676731012,-1.5689023210207118e-05
143.20000000000005,0.92,0.025,0.009797958971132711,0.5248792922602417,0.5278473586035246,0.23164800972888505,-0.21542373148632385,0.32389038854375574,-0.00016506870203782722,-0.0030148039287343784,0.0005184925168975568,-0.0017207180704020524,-4.2109082082209984e-06,0.1960668754345283,-0.18233464633002452,0.2741408248634349,-0.00013971414940481695,-0.27026258926821806,0.0735684949068012,-0.25338005157663773,-0.13358092224551524,0.08513177734596238,-0.2630132304551818,0.07283645532887963,-0.13717352209758604,-0.008095169574714295,-0.005289918619789264,-0.005312647544567941,-1.5708586061052372e-05
143.36,0.92,0.025,0.009797958971132711,0.5248792922602417,0.5278473586035246,0.23116598629210375,-0.2153406223168228,0.3236149966271339,-0.00016581708003615684,-0.0030104896973516433,0.0005203710877466096,-0.001718843535603681,-4.209117294478794e-06,0.19565889079763663,-0.18226430272895883,0.2739077331452061,-0.00014034757654260316,-0.2698504791692727,0.07370169379436792,-0.2531649788593649,-0.13346664830179675,0.08480026347631,-0.2627469158237926,0.0727573311640059,-0.13702396867230382,-0.008095236411607778,-0.00528997444020848,-0.0053113760040116986,-1.5728054037936268e-05
143.51999999999998,0.92,0.025,0.009797958971132711,0.5248792922602417,0.5278473586035246,0.23068465281250966,-0.2152572130624643,0.32333990561643805,-0.00016656485251613,-0.0030061794638942267,0.0005222435794819134,-0.0017169660027124118,-4.207297501305903e-06,0.1952514901405082,-0.18219370513606978,0.2736748961137532,-0.00014098049116965244,-0.26943878651413844,0.073834373489465,-0.25295014122807424,-0.13335249905311136,0.08446940395241419,-0.26248066577641005,0.07267807837297686,-0.13687417715042285,-0.008095303327031648,-0.005290030518770764,-0.005310088083533104,-1.5747426937853343e-05
143.68000000000006,0.92,0.025,0.009797958971132711,0.5248792922602417,0.5278473586035246,0.2302040086504352,-0.21517350469501098,0.3230651160004304,-0.00016731201131750268,-0.00300187322835382,0.0005241100032952698,-0.0017150854959137925,-4.205448940463535e-06,0.19484467292172836,-0.1821228543738573,0.2734423141827643,-0.0001416128863791343,-0.2690275112012006,0.07396653501719058,-0.2527355390616537,-0.13323847470761432,0.08413919787838696,-0.26221448078241905,0.07259869798374176,-0.13672414945777006,-0.008095370320751789,-0.005290086856281013,-0.005308783811720655,-1.5766704560097196e-05
143.84000000000003,0.92,0.025,0.009797958971132711,0.5248792922602417,0.5278473586035246,0.22972405316621491,-0.21508949818443607,0.32279062826404326,-0.00016805854833347583,-0.002997570990712667,0.0005259703703639835,-0.001713202039347459,-4.203571723992423e-06,0.1944384385998843,-0.1820517512633067,0.27320998776268623,-0.00014224475530945395,-0.26861665312810973,0.07409817940123903,-0.252521172736018,-0.133124575471838,0.08380964435910353,-0.2619483613098399,0.07251919102233764,-0.13657388751649563,-0.008095437392532117,-0.005290143453545842,-0.005307463217280445,-1.5785886706269972e-05
144.0,0.92,0.025,0.009797958971132711,0.5248792922602417,0.5278473586035246,0.22924478572018708,-0.21500519449892547,0.32251644288838266,-0.00016880445551094715,-0.002993272750943583,0.0005278246918508707,-0.0017113156571070339,-4.201665964208887e-06,0.19403278663356635,-0.1819803966238905,0.2729779172607271,-0.00014287609114446568,-0.26820621219178364,0.0742293076639019,-0.25230704262411163,-0.13301080155069328,0.0834807425002025,-0.26168230782532986,0.07243955851288487,-0.13642339324506553,-0.008095504542134539,-0.005290200311373567,-0.005306126329036182,-1.5804973180292235e-05
144.15999999999997,0.92,0.025,0.009797958971132711,0.5248792922602417,0.5278473586035246,0.22876620567269493,-0.21492059460488014,0.3222425603507359,-0.00016954972485070586,-0.002988978509009984,0.0005296729789042732,-0.0017094263732400044,-4.1997317737001055e-06,0.193627716481369,-0.18190879127357057,0.2727461030808629,-0.00014350688711363746,-0.2677961882884098,0.07435992082606922,-0.25209314909591457,-0.1328971531474723,0.08315249140808591,-0.26141632079418614,0.07235980147758159,-0.1362726685582515,-0.00809557176931898,-0.005290257430574215,-0.005304773175929101,-1.5823963788409135e-05
144.32000000000005,0.92,0.025,0.009797958971132711,0.5248792922602417,0.5278473586035246,0.2282883123840883,-0.21483569946691866,0.3219689811245752,-0.00017029434840778776,-0.0029846882648659097,0.0005315152426580648,-0.0017075342117476163,-4.197769265319948e-06,0.19322322760189237,-0.18183693602879997,0.2725145456238405,-0.00014413713649235157,-0.2673865813134471,0.07449001990723103,-0.25187949251844555,-0.13278363046384992,0.08282489018991958,-0.26115040068034817,0.07227992093669884,-0.136121715367123,-0.00809563907384335,-0.0052903148119595395,-0.005303403787017937,-1.5842858339201112e-05
144.48000000000002,0.92,0.025,0.009797958971132711,0.5248792922602417,0.5278473586035246,0.22781110521472517,-0.2147505100478791,0.3216957056795649,-0.0001710383182916039,-0.0029804020184560466,0.0005333514942316658,-0.0017056391965847722,-4.195778552184796e-06,0.1928193194537434,-0.18176483170452487,0.27228324528718373,-0.00014476683260201354,-0.2669773911616282,0.07461960592547798,-0.25166607325576756,-0.13267023369988643,0.08249793795363321,-0.26088454794639965,0.07219991790857608,-0.13597053557903935,-0.008095706455463552,-0.005290372456343,-0.005302018191478897,-1.58616566435906e-05
144.64,0.92,0.025,0.009797958971132711,0.5248792922602417,0.5278473586035246,0.2273345835249731,-0.21466502730882175,0.32142273448156494,-0.00017178162666624437,-0.0029761197697157535,0.0005351817447300515,-0.0017037413516599036,-4.193759747669088e-06,0.19241599149553723,-0.18169247911418673,0.27205220246519657,-0.00014539596881030925,-0.2665686177269619,0.0747486798975031,-0.2514528916689909,-0.1325569630540288,0.08217163380792047,-0.2606187630535715,0.07211979340961532,-0.13581913109763943,-0.008095773913933457,-0.005290430364539773,-0.005300616418605583,-1.5880358514850826e-05
144.79999999999995,0.92,0.025,0.009797958971132711,0.5248792922602417,0.5278473586035246,0.22685874667521083,-0.21457925220903123,0.32115006799263757,-0.00017252426575069653,-0.0029718415185710834,0.0005370060052437636,-0.0017018407008348683,-4.19171296540102e-06,0.19201324318589846,-0.18161987906972404,0.27182141754896844,-0.00014602453853138956,-0.2661602609027348,0.07487724283860253,-0.2512399481162782,-0.1324438187231133,0.08184597686223917,-0.26035304646174373,0.0720395484542765,-0.13566750382283393,-0.008095841449004906,-0.005290488537366744,-0.005299198497808921,-1.589896376861347e-05
144.96000000000004,0.92,0.025,0.009797958971132711,0.5248792922602417,0.5278473586035246,0.2263835940258295,-0.21449318570601877,0.3208777066710521,-0.00017326622781905924,-0.002967567264938813,0.0005388242868489199,-0.0016999372679248445,-4.189638319258267e-06,0.1916110739834621,-0.1815470323815743,0.2715908909263785,-0.00014665253522605176,-0.2657523205815136,0.07500529576267712,-0.2510272429528486,-0.13233080090236732,0.08152096622681164,-0.26008739862944813,0.07195918405507273,-0.13551565565079693,-0.00809590906042771,-0.00529054697564254,-0.005297764458617141,-1.591747222287636e-05
145.12,0.92,0.025,0.009797958971132711,0.5248792922602417,0.5278473586035246,0.22590912493723447,-0.21440682875552464,0.3206056509712915,-0.00017400750520080304,-0.0029632970087264585,0.0005406366006072274,-0.001698031076698209,-4.187535923363779e-06,0.19120948334687526,-0.18147393985867605,0.2713606229821012,-0.0001472799524019597,-0.26534479665514726,0.07513283968223321,-0.25081477653098283,-0.13221790978541176,0.08119660101262445,-0.25982182001387044,0.07187870122256473,-0.13536358847395644,-0.008095976747949618,-0.00529060568018748,-0.005296314330675639,-1.593588369801193e-05
145.27999999999997,0.92,0.025,0.009797958971132711,0.5248792922602417,0.5278473586035246,0.22543533876984653,-0.21432018231152036,0.3203339013440558,-0.00017474809028093514,-0.002959030749832309,0.0005424429575659907,-0.001696122150876434,-4.1854058920814706e-06,0.19080847073479812,-0.18140060230847085,0.27113061409760886,-0.0001479067836137835,-0.26493768901476916,0.07525987560838435,-0.2506025492000257,-0.13210514556426248,0.08087288033142911,-0.2595563110708531,0.07179810096535619,-0.1352113041809862,-0.008096044511316335,-0.00529066465182362,-0.005294848143746969,-1.5954198016773985e-05
145.44000000000005,0.92,0.025,0.009797958971132711,0.5248792922602417,0.5278473586035246,0.22496223488410358,-0.214233247326211,0.32006245823626905,-0.00017548797550021383,-0.0029547684881454424,0.0005442433687581231,-0.0016942105141339726,-4.183248340011793e-06,0.19040803560590527,-0.181327020536905,0.27090086465117813,-0.000148533022463381,-0.26453099755079906,0.07538640455085191,-0.2503905613063923,-0.13199250842933286,0.08054980329574166,-0.259290872254897,0.07171738429008863,-0.13505880465679704,-0.00809611235027149,-0.005290723891374728,-0.005293365927710713,-1.597241500430447e-05
145.60000000000002,0.92,0.025,0.009797958971132711,0.5248792922602417,0.5278473586035246,0.22448981264046186,-0.21414602475003758,0.31979132209108485,-0.00017622715335545504,-0.0029505102235457556,0.0005460378452021588,-0.0016922961900981482,-4.181063381987642e-06,0.19000817741888693,-0.18125319534843182,0.27067137501789423,-0.00014915866260005716,-0.26412472215294514,0.07551242751796679,-0.25017881319357155,-0.13187999856943589,0.0802273690188433,-0.2590255040191646,0.0716365522014363,-0.13490609178252777,-0.008096180264556649,-0.005290783399666306,-0.0052918677125634,-1.5990534488142982e-05
145.76,0.92,0.025,0.009797958971132711,0.5248792922602417,0.5278473586035246,0.22401807139939767,-0.21405851553167923,0.31952049334789,-0.00017696561639956915,-0.0029462559559039828,0.0005478263979022616,-0.0016903792023490473,-4.178851133070058e-06,0.1896088956324502,-0.1811791275460133,0.2704421455696541,-0.00014978369772059534,-0.26371886271020634,0.07563794551667033,-0.24996730520212987,-0.13176761617178576,0.07990557661478019,-0.2587602068154816,0.0715556057021015,-0.1347531674355372,-0.008096248253911286,-0.005290843177525567,-0.0052903535284184525,-1.6008556298231076e-05
145.91999999999996,0.92,0.025,0.009797958971132711,0.5248792922602417,0.5278473586035246,0.22354701052140866,-0.21397072061805564,0.31924997244231196,-0.00017770335724192298,-0.002942005685081725,0.0005496090378482371,-0.0016884595744193953,-4.176611708543953e-06,0.1892101897053203,-0.1811048179311223,0.27021317667517286,-0.00015040812156956362,-0.26331341911087436,0.07576295955251555,-0.24975603766971669,-0.1316553614220004,0.07958442519836378,-0.2584949810943398,0.07147454579280879,-0.1346000334893942,-0.008096316318072797,-0.005290903225781456,-0.005288823405506007,-1.6026480266921767e-05
146.08000000000004,0.92,0.025,0.009797958971132711,0.5248792922602417,0.5278473586035246,0.22307662936701547,-0.21388264095432924,0.3189797598062231,-0.00017844036854840854,-0.0029377594109314697,0.0005513857760155431,-0.0016865373297944653,-4.174345223913837e-06,0.1888120590962419,-0.18103026730374427,0.26998446869998727,-0.000151031927939373,-0.26290839124253573,0.07588747062966841,-0.24954501093106807,-0.13154323450410355,0.07926391388517096,-0.25822982730489924,0.07139337347230097,-0.1344466918138707,-0.008096384456776464,-0.0052909635452646365,-0.005287277374172897,-1.6044306228984327e-05
146.24,0.92,0.025,0.009797958971132711,0.5248792922602417,0.5278473586035246,0.22260692729676296,-0.2137942774839075,0.3187098558677469,-0.00017917664304169706,-0.002933517133296617,0.0005531566233653003,-0.0016846124919119513,-4.172051794899607e-06,0.18841450326398018,-0.1809554764623793,0.269756022006461,-0.0001516551106704924,-0.2625037789920738,0.07601147975090895,-0.2493342253180114,-0.13143123560052666,0.07894404179154399,-0.2579647458949905,0.07131208973733336,-0.1342931442749317,-0.00809645266975548,-0.005291024136807507,-0.005285715464882477,-1.606203402161208e-05
146.39999999999998,0.92,0.025,0.009797958971132711,0.5248792922602417,0.5278473586035246,0.22213790367122171,-0.21370563114844537,0.3184402610512618,-0.00017991217350140254,-0.002929278852011502,0.0005549215908443022,-0.0016826850841618604,-4.169731537432354e-06,0.18801752166732208,-0.18088044620404417,0.26952783695378796,-0.00015227766365158711,-0.26209958224567087,0.0761349879176327,-0.24912368115946867,-0.1313193648921108,0.07862480803459103,-0.2576997373111173,0.07123069558266885,-0.13413939273472678,-0.008096520956740908,-0.0052910850012441914,-0.005284137708214538,-1.607966348442881e-05
146.56000000000006,0.92,0.025,0.009797958971132711,0.5248792922602417,0.5278473586035246,0.22166955785098974,-0.2136167028878473,0.31817097577740816,-0.00018064695276425225,-0.0029250445669014202,0.0005566806893850274,-0.001680755129886406,-4.167384567650147e-06,0.18762111376507773,-0.18080517732427395,0.2692999138979983,-0.0001528995808196631,-0.26169580088881045,0.07625799612985137,-0.24891337878146208,-0.1312076225581091,0.07830621173218584,-0.2574348019984586,0.07114919200107317,-0.13398543905158186,-0.00809658931746169,-0.005291146139410536,-0.005282544134865181,-1.6097194459495007e-05
146.72000000000003,0.92,0.025,0.009797958971132711,0.5248792922602417,0.5278473586035246,0.22120188919669354,-0.21352749364026982,0.3179020004630936,-0.00018138097372427772,-0.0029208142777826483,0.0005584339299056499,-0.001678822652379893,-4.165011001893583e-06,0.1872252790160814,-0.1807296706171244,0.26907225319196243,-0.00015352085616022868,-0.26129243480627906,0.07638050538619476,-0.2487033185071178,-0.13109600877618893,0.07798825200296812,-0.257169940400871,0.07106757998330966,-0.13383128507999018,-0.008096657751644637,-0.00529120755214412,-0.005280934775646669,-1.611462679131366e-05
146.88,0.92,0.025,0.009797958971132711,0.5248792922602417,0.5278473586035246,0.2207348970689898,-0.2134380043421236,0.3176333355214975,-0.00018211422933294203,-0.002916587984462472,0.0005601813233100492,-0.0016768876748886016,-4.162610956701962e-06,0.18683001687919298,-0.18065392687517343,0.26884485518539547,-0.00015414148370740215,-0.26088948388216854,0.0765025166839113,-0.24849350065667017,-0.1309845237224336,0.07767092796634376,-0.2569051529608914,0.07098586051813402,-0.13367693267060318,-0.008096726259014423,-0.005291269240284258,-0.0052793096614873,-1.6131960326836917e-05
147.03999999999996,0.92,0.025,0.009797958971132711,0.5248792922602417,0.5278473586035246,0.22026858082856685,-0.21334823592807592,0.317364981362077,-0.0001828467125993436,-0.0029123656867392055,0.000561922880487821,-0.001674950220610684,-4.1601845488088e-06,0.186435326813299,-0.18057794688952347,0.268617720224862,-0.0001547614575440844,-0.2604869479998779,0.07662403101886962,-0.24828392554746623,-0.13087316757134485,0.07735423874248472,-0.2566404401197387,0.07090403459228967,-0.13352238367022248,-0.008096794839293561,-0.005291331204671986,-0.005277668823431278,-1.6149194915471795e-05
147.20000000000005,0.92,0.025,0.009797958971132711,0.5248792922602417,0.5278473586035246,0.21980293983614582,-0.21325818933105284,0.31709693839057207,-0.00018357841659034428,-0.0029081473844022178,0.0005636586123142894,-0.001673010312696048,-4.1577318951376244e-06,0.18604120827731382,-0.18050173144980314,0.2683908486537802,-0.0001553807718020674,-0.2600848270421157,0.07674504938555979,-0.24807459349396932,-0.1307619404958445,0.07703818345232935,-0.2563758023173168,0.07082210319050244,-0.13336763992179068,-0.008096863492202412,-0.005291393446150078,-0.005276012292638557,-1.6166330409085455e-05
147.36,0.92,0.025,0.009797958971132711,0.5248792922602417,0.5278473586035246,0.2193379734524824,-0.21316786548224143,0.31682920700901207,-0.0001843093344308022,-0.0029039330772319557,0.0005653885296505164,-0.0016710679742462506,-4.15525311279822e-06,0.18564766073018113,-0.18042528134416916,0.26816424081242785,-0.000155999420662231,-0.25968312089090173,0.07686557277709419,-0.24786550480776515,-0.13065084266727725,0.07672276121758244,-0.25611123999221663,0.07074006729547588,-0.13321270326438314,-0.008096932217459172,-0.005291455965563044,-0.005274340100384683,-1.6183366662013472e-05
147.51999999999998,0.92,0.025,0.009797958971132711,0.5248792922602417,0.5278473586035246,0.21887368103836802,-0.21307726531109222,0.31656178761571974,-0.0001850394593035258,-0.002899722764999966,0.000567112643343313,-0.001669123228314375,-4.152748319081653e-06,0.1852546836308747,-0.18034859735930847,0.2679378970379452,-0.00015661739835450426,-0.2592818294275691,0.07698560218520908,-0.24765665979756407,-0.13053987425541239,0.0764079711607153,-0.25584675358171843,0.07065792788788558,-0.13305757553319822,-0.008097001014779849,-0.005291518763757122,-0.0052726522780606275,-1.6200303531059635e-05
147.68000000000006,0.92,0.025,0.009797958971132711,0.5248792922602417,0.5278473586035246,0.21841006195463147,-0.21298638974532136,0.3162946806053172,-0.00018576878444966666,-0.0028955164474689216,0.0005688309642252504,-0.0016671760979049314,-4.1502176314568114e-06,0.18486227643840009,-0.18027168028044,0.2677118176643405,-0.00015723469915819785,-0.2588809525327668,0.07710513860026555,-0.2474480587692066,-0.13042903542844578,0.07609381240496597,-0.2555823435217942,0.0705756859463748,-0.13290225855954974,-0.008097069883878285,-0.005291581841580289,-0.005270948857172646,-1.6217140875507675e-05
147.84000000000003,0.92,0.025,0.009797958971132711,0.5248792922602417,0.5278473586035246,0.2179471155621402,-0.21289523971091298,0.3160278863687321,-0.00018649730316860173,-0.002891314124392641,0.0005705435031146702,-0.0016652266059737372,-4.147661167566099e-06,0.18447043861179546,-0.18019453089131676,0.26748600302249487,-0.0001578513174019045,-0.25848049008646096,0.07722418301125096,-0.2472397020256676,-0.13031832635300256,0.07578028407433925,-0.25531801024711,0.07049334244754901,-0.13274675417085732,-0.008097138824466108,-0.005291645199882253,-0.005269229869342075,-1.6233878557121657e-05
148.0,0.92,0.025,0.009797958971132711,0.5248792922602417,0.5278473586035246,0.2174848412218017,-0.2128038161321213,0.31576140529320207,-0.00018722500881832748,-0.0028871157955161165,0.0005722502708156957,-0.001663274775427806,-4.145079045220918e-06,0.18407916961013296,-0.18011714997422748,0.26726045344016625,-0.00015846724746383238,-0.2580804419679378,0.07734273640577972,-0.24703158986706047,-0.13020774719413875,0.07546738529360696,-0.25505375419102827,0.07041089836597086,-0.13259106419063793,-0.008097207836252758,-0.005291708839514465,-0.005267495346305168,-1.6250516440154288e-05
148.15999999999997,0.92,0.025,0.009797958971132711,0.5248792922602417,0.5278473586035246,0.21702323829456494,-0.21271211993147313,0.31549523776228067,-0.0001879518948153325,-0.0028829214605755327,0.0005739512781182426,-0.0016613206291252378,-4.142471382397897e-06,0.18368846889251977,-0.18003953830999886,0.2670351692419944,-0.00015908248377169746,-0.2576808080558048,0.07746079977009515,-0.2468237225906412,-0.13009729811534373,0.07515511518830784,-0.2547895757856102,0.07032835467415537,-0.1324351904384972,-0.008097276918945453,-0.005291772761330109,-0.005265745319912915,-1.6267054391348662e-05
148.32000000000005,0.92,0.025,0.009797958971132711,0.5248792922602417,0.5278473586035246,0.21656230614142194,-0.2126201520297699,0.3152293841558429,-0.00018867795463488383,-0.0028787311192982937,0.0005756465357980298,-0.001659364189875104,-4.139838297234701e-06,0.18329833591809955,-0.17996169667799725,0.2668101507495054,-0.00015969702080296567,-0.25728158822799324,0.0775783740890699,-0.24661610049081328,-0.1299869792785423,0.07484347288474782,-0.25452547546161786,0.07024571234256452,-0.13227913473012037,-0.008097346072249203,-0.005291836966184107,-0.005263979822130833,-1.6283492279945513e-05
148.48000000000002,0.92,0.025,0.009797958971132711,0.5248792922602417,0.5278473586035246,0.21610204412340892,-0.21252791334609025,0.31496384485009093,-0.00018940318181111628,-0.0028745447714030453,0.0005773360546165901,-0.0016574054804373386,-4.137179908025701e-06,0.1829087701460533,-0.1798836258561308,0.266585398281117,-0.00016031085308492883,-0.2568827823617602,0.07769546034620789,-0.2464087238591319,-0.12987679084409698,0.07453245751000019,-0.25426145364851693,0.07016297233960259,-0.13212289887726392,-0.00809741529586678,-0.005291901454933126,-0.005262198885038786,-1.629982997768664e-05
148.64,0.92,0.025,0.009797958971132711,0.5248792922602417,0.5278473586035246,0.2156424516016079,-0.21243540479779194,0.31469862021755945,-0.0001901275699370908,-0.0028703624165996957,0.0005790198453212814,-0.001655444523522624,-4.134496333218159e-06,0.18251977103560094,-0.1798053266208511,0.26636091215214236,-0.00016092397519475366,-0.25648439033369047,0.07781205952364495,-0.2462015929843084,-0.12976673297081015,0.07422206819190545,-0.2539975107744784,0.07008013563161078,-0.1319664846877464,-0.008097484589498714,-0.005291966228435565,-0.005260402540830766,-1.6316067358819356e-05
148.80000000000007,0.92,0.025,0.009797958971132711,0.5248792922602417,0.5278473586035246,0.21518352793714787,-0.21234262730051431,0.31443371062712067,-0.00019085111266493795,-0.002866184054589442,0.0005806979186452971,-0.0016534813417922703,-4.1317876914077645e-06,0.18213133804600196,-0.17972679974715533,0.26613669267479495,-0.0001615363817596035,-0.2560864120196985,0.07792817260215033,-0.24599470815221397,-0.12965680581592612,0.07391230405907162,-0.2537336472663815,0.069997203182862,-0.13180989396543927,-0.008097553952843298,-0.0052920312875515685,-0.005258590821814673,-1.633220430010021e-05
148.96000000000004,0.92,0.025,0.009797958971132711,0.5248792922602417,0.5278473586035246,0.2147252724912065,-0.21224958176818062,0.3141691164439912,-0.00019157380370593544,-0.002862009685064792,0.000582370285307677,-0.0016515159578581243,-4.129054101334708e-06,0.1817434706365572,-0.17964804600858808,0.26591274015819416,-0.00016214806745670378,-0.2556888472950308,0.0780438005611279,-0.24578806964588523,-0.12954700953513373,0.07360316424087443,-0.25346986354981565,0.06991417595555657,-0.13165312851025956,-0.008097623385596565,-0.0052920966331430255,-0.005256763760412135,-1.6348240680799136e-05
149.12,0.92,0.025,0.009797958971132711,0.5248792922602417,0.5278473586035246,0.21426768462501125,-0.21215626911300012,0.3139048380297363,-0.00019229563683066404,-0.0028578393077095883,0.0005840369560133194,-0.0016495483942824292,-4.126295681879838e-06,0.18135616826660952,-0.1795690661772433,0.2656890549083688,-0.00016275902701347404,-0.25529169603426743,0.0781589443786171,-0.2455816777455277,-0.12943734428256812,0.07329464786745707,-0.25320616004908286,0.06983105490981606,-0.13149619011815894,-0.008097692887452282,-0.005292162266073558,-0.005254921389158229,-1.6364176382705155e-05
149.27999999999997,0.92,0.025,0.009797958971132711,0.5248792922602417,0.5278473586035246,0.21381076369984087,-0.21206269024547045,0.3136408757422757,-0.00019301660586900407,-0.0028536729221990288,0.0005856979414529895,-0.0016475786735777368,-4.123512552060169e-06,0.1809694303955453,-0.17948986102376618,0.26546563722826216,-0.00016336925520752505,-0.25489495811132445,0.07827360503129453,-0.24537553272852014,-0.12932781021081308,0.0729867540697307,-0.2529425371872,0.06974784100367921,-0.13133908058111687,-0.008097762458101941,-0.005292228187208539,-0.005253063740701309,-1.6380011290127235e-05
149.44000000000005,0.92,0.025,0.009797958971132711,0.5248792922602417,0.5278473586035246,0.21335450907702677,-0.21196884607437985,0.31337722993588996,-0.00019373670471032467,-0.0028495105281996923,0.0005873532523033329,-0.0016456068182067697,-4.120704831024879e-06,0.18058325648279547,-0.17941043131735512,0.26524248741773726,-0.0001639787468668188,-0.2544986333994558,0.07838778349447481,-0.24516963486941967,-0.12921840747090343,0.07267948197937418,-0.2526789953859011,0.06966453519309586,-0.13118180168712976,-0.008097832097234758,-0.005292294397415083,-0.0052511908478026946,-1.639574528989972e-05
149.60000000000002,0.92,0.025,0.009797958971132711,0.5248792922602417,0.5278473586035246,0.21289892011795444,-0.21187473750680938,0.3131139009612259,-0.00019445592730343741,-0.0028453521253695613,0.0005890028992268847,-0.0016436328505823423,-4.117872638051513e-06,0.18019764598783666,-0.17933077782576345,0.2650196057735816,-0.00016458749686962943,-0.25410272177125515,0.0785014807421119,-0.24496398443996611,-0.12910913621232759,0.07237283072883455,-0.2524155350656398,0.06958113843192323,-0.13102435522020497,-0.008097901804537653,-0.005292360897562048,-0.005249302743336519,-1.6411378271384477e-05
149.76,0.92,0.025,0.009797958971132711,0.5248792922602417,0.5278473586035246,0.2124439961840647,-0.21178036544813533,0.31285088916530157,-0.00019517426765682032,-0.0028411977133580425,0.0005906468928720803,-0.0016416567930672063,-4.115016092541568e-06,0.17981259837019237,-0.17925090131530175,0.2647969925895113,-0.00016519550014473274,-0.2537072230986582,0.07861469774680041,-0.24475858170908593,-0.12899999658302916,0.07206679945132673,-0.2521521566455913,0.06949765167191913,-0.13086674296034836,-0.008097971579695232,-0.00529242768852004,-0.005247399460289368,-1.6426910126475447e-05
149.91999999999996,0.92,0.025,0.009797958971132711,0.5248792922602417,0.5278473586035246,0.2119897366368552,-0.21168573080203124,0.3125881948915126,-0.00019589171983858995,-0.0028370472918059927,0.0005922852438732684,-0.0016396786679739686,-4.1121353140167695e-06,0.17942811308943424,-0.17917080255083925,0.2645746481561763,-0.00016580275167138255,-0.2533121372529442,0.07872743547977668,-0.2445534269428971,-0.12889098872940968,0.07176138728083387,-0.25188886054365506,0.06941407586273815,-0.1307089666835582,-0.008098041422389814,-0.005292494771161407,-0.005245481031760107,-1.644234074960107e-05
150.08000000000004,0.92,0.025,0.009797958971132711,0.5248792922602417,0.5278473586035246,0.21153614083788172,-0.2115908344704704,0.3123258184796372,-0.000196608277976582,-0.002832900860345741,0.000593917962850719,-0.0016376984975649688,-4.109230422114842e-06,0.1790441896051831,-0.17909048229580615,0.2643525727611649,-0.000166409246479379,-0.2529174641047388,0.07883969491092002,-0.24434852040471294,-0.1287821127963306,0.07145659335210744,-0.2516256471764569,0.06933041195192623,-0.1305510281618154,-0.008098111332301384,-0.005292562146360252,-0.0052435474909595945,-1.6457670037726832e-05
150.24,0.92,0.025,0.009797958971132711,0.5248792922602417,0.5278473586035246,0.21108320814875955,-0.21149567735372785,0.3120637602658428,-0.00019732393625837176,-0.0028287584186011093,0.0005955450604106368,-0.0016357163040521617,-4.106301536585564e-06,0.1786608273771101,-0.17900994131219525,0.26413076668900937,-0.00016701497964908586,-0.2525232035240151,0.07895147700875386,-0.24414386235504776,-0.12867336892711606,0.07115241680066704,-0.2513625169593511,0.06924666088491532,-0.13039292916307432,-0.0080981813091076,-0.0052926298149924104,-0.00524159887121038,-1.647289789035751e-05
150.39999999999998,0.92,0.025,0.009797958971132711,0.5248792922602417,0.5278473586035246,0.21063093793116486,-0.21140026035038292,0.3118020205826915,-0.000198038688931498,-0.0028246199661874395,0.0005971665471451709,-0.0016337321095970126,-4.103348777286618e-06,0.17827802586493793,-0.17892918036056413,0.2639092302211901,-0.00016761994631161992,-0.25212935538009607,0.07906278274044716,-0.24393945305162074,-0.12856475726355499,0.07084885676280092,-0.25109947030642304,0.06916282360501867,-0.13023467145125464,-0.008098251352483791,-0.005292697777935483,-0.005239635205946466,-1.6488024209542142e-05
150.56000000000006,0.92,0.025,0.009797958971132711,0.5248792922602417,0.5278473586035246,0.21017932954683602,-0.21130458435732116,0.31154059975914505,-0.00019875253030327719,-0.0028204855027116112,0.0005987824336324246,-0.0016317459363103708,-4.100372264179745e-06,0.177895784528442,-0.17884820020003664,0.2636879636361404,-0.00016822414164869383,-0.25173591954165664,0.07917361307181531,-0.24373529274935987,-0.12845627794590314,0.07054591237556572,-0.25083650763049126,0.06907890105342522,-0.1300762567862314,-0.008098321462102924,-0.0052927660360688085,-0.005237656528712982,-1.650304889987299e-05
150.72000000000003,0.92,0.025,0.009797958971132711,0.5248792922602417,0.5278473586035246,0.20972838235757502,-0.21120865026973687,0.3112794981205718,-0.00019946545474104182,-0.002816355027772068,0.0006003927304364693,-0.0016297578062523708,-4.097372117326696e-06,0.1775141028274515,-0.1787670015883053,0.263466967209252,-0.00016882756089281782,-0.2513428958767257,0.07928396896732147,-0.24353138170040783,-0.12834793111288595,0.07024358277678662,-0.25057362934310967,0.06899489416919508,-0.12991768692382719,-0.00809839163763562,-0.005292834590273475,-0.005235662873165926,-1.6517971868490756e-05
150.88,0.92,0.025,0.009797958971132711,0.5248792922602417,0.5278473586035246,0.20927809572524872,-0.21111245898113515,0.31101871598875164,-0.00020017745667208226,-0.0028122285409588393,0.0006019974481073524,-0.0016277677414323092,-4.094348456885219e-06,0.17713298022185053,-0.1786855852816328,0.2632462412128794,-0.00016943019932725043,-0.2509502842526877,0.07939385139007799,-0.24332772015412527,-0.12823971690170055,0.06994186710505755,-0.25031083585457004,0.06891080388925401,-0.12975896361580272,-0.008098461878750136,-0.0052929034414323246,-0.00523365427307185,-1.6532793025084975e-05
151.03999999999996,0.92,0.025,0.009797958971132711,0.5248792922602417,0.5278473586035246,0.20882846901179025,-0.21101601138333423,0.3107582536818819,-0.0002008885305836451,-0.002808106041853563,0.0006035965971811101,-0.0016257757638085317,-4.0913014031050704e-06,0.17675241617157927,-0.1786039520348541,0.2630257859163449,-0.00017003205228599723,-0.2505580845362849,0.07950326130184723,-0.2431243083570958,-0.1281316354480182,0.06964076449974119,-0.25004812757390427,0.06882663114838837,-0.1296000886098477,-0.008098532185112351,-0.005292972590429951,-0.005231630762307543,-1.6547512281895146e-05
151.20000000000005,0.92,0.025,0.009797958971132711,0.5248792922602417,0.5278473586035246,0.20837950157920038,-0.21091930836646774,0.3104981115145839,-0.00020159867102315034,-0.002803987530029507,0.0006051901881797776,-0.0016237818952883223,-4.08823107632409e-06,0.1763724101366352,-0.1785221026013783,0.26280560158594385,-0.00017063311515399444,-0.2501662965936195,0.07961219966304306,-0.2429211465531311,-0.12802368688598678,0.06934027410096892,-0.24978550490888632,0.06874237687924012,-0.12944106364957236,-0.008098602556385757,-0.005293042038152696,-0.005229592374859733,-1.6562129553715732e-05
151.36,0.92,0.025,0.009797958971132711,0.5248792922602417,0.5278473586035246,0.20793119278954883,-0.21082235081898684,0.3102382897979084,-0.00020230787259796994,-0.002799873005051592,0.0006067782316113995,-0.0016217861577277897,-4.085137596964263e-06,0.17599296157707414,-0.17844003773319048,0.2625856884849497,-0.00017123338336692178,-0.24977492029015524,0.0797206674327319,-0.24271823498327516,-0.12791587134823343,0.06904039504964112,-0.24952296826603476,0.06865804201230177,-0.12928189047449848,-0.008098672992231451,-0.005293111785488649,-0.00522753914482476,-1.657664475789359e-05
151.51999999999998,0.92,0.025,0.009797958971132711,0.5248792922602417,0.5278473586035246,0.20748354200497557,-0.21072513962766257,0.3099787888393412,-0.00020301612997563324,-0.0027957624664764168,0.0006083607379700427,-0.0016197885729317529,-4.082021085527599e-06,0.17561406995301132,-0.17835775818085361,0.2623660468736184,-0.00017183285241137599,-0.24938395549071976,0.079828665568634,-0.24251557388580855,-0.12780818896586632,0.06874112648742706,-0.24926051805061517,0.06857362747591114,-0.12912257082005035,-0.008098743492308139,-0.005293181833327661,-0.005225471106408255,-1.6591057814331912e-05
151.68000000000006,0.92,0.025,0.009797958971132711,0.5248792922602417,0.5278473586035246,0.2070365485876921,-0.210627675677588,0.3097196089428092,-0.00020372343788375711,-0.0027916559138522774,0.0006099377177358052,-0.0016177891626536238,-4.078881662592549e-06,0.17523573472462262,-0.1782752646935105,0.2621466770091937,-0.00017243151782481202,-0.24899340205950599,0.07993619502712472,-0.24231316349625337,-0.1277006398684776,0.06844246755676507,-0.24899815466664202,0.0684891341962462,-0.12896310641754571,-0.008098814056272106,-0.005293252182561335,-0.005223388293924798,-1.6605368645491077e-05
151.84000000000003,0.92,0.025,0.009797958971132711,0.5248792922602417,0.5278473586035246,0.20659021189998308,-0.21052995985218045,0.30946075040868726,-0.00020442979111011896,-0.00278755334671919,0.000611509181374828,-0.0016157879485952974,-4.075719448809697e-06,0.17485795535214568,-0.17819255801888553,0.2619275791459129,-0.0001730293751956047,-0.2486032598600749,0.08004325676323541,-0.2421110040473785,-0.12759322418414587,0.06814441740086255,-0.24873587851688117,0.0684045630973201,-0.12880349899418705,-0.00809888468377722,-0.005293322834083015,-0.005221290741797569,-1.6619577176389454e-05
152.0,0.92,0.025,0.009797958971132711,0.5248792922602417,0.5278473586035246,0.20614453130420723,-0.2104319930331839,0.3092022135338032,-0.0002051351845025471,-0.0027834547646089156,0.0006130751393393059,-0.0016137849524070385,-4.072534564898105e-06,0.17448073129588101,-0.17810963890328688,0.26170875353501105,-0.00017362642016295585,-0.24821352875535682,0.08014985173065511,-0.24190909576920355,-0.1274859420394386,0.0678469751636961,-0.24847369000285208,0.06831991510097603,-0.12864375027305278,-0.008098955374474907,-0.005293393788787812,-0.005219178484558015,-1.663368333460318e-05
152.15999999999997,0.92,0.025,0.009797958971132711,0.5248792922602417,0.5278473586035246,0.20569950616279895,-0.21033377610067105,0.3089439986114437,-0.0002058396129690747,-0.00277936016704498,0.0006146356020674985,-0.0016117801956873632,-4.069327131641273e-06,0.17410406201619302,-0.178026508091608,0.261490200424726,-0.00017422264841702483,-0.24782420860765358,0.08025598088173136,-0.2417074388890033,-0.12737879355941417,0.06755013999001153,-0.24821158952483005,0.06823519112688196,-0.1284838619730879,-0.008099026128014166,-0.005293465047572587,-0.005217051556845492,-1.6647687050269008e-05
152.32000000000005,0.92,0.025,0.009797958971132711,0.5248792922602417,0.5278473586035246,0.20525513583826943,-0.21023530993304554,0.30868610593136103,-0.00020654307147780496,-0.0027752695535426973,0.0006161905799837416,-0.0016097736999829233,-4.066097269883278e-06,0.17372794697351127,-0.17794316632732976,0.261271920060304,-0.00017481805569881414,-0.24743529927864064,0.0803616451674716,-0.24150603363131334,-0.12727177886762492,0.06725391102532385,-0.24794957748184845,0.06815039209252553,-0.1283238358090949,-0.008099096944041541,-0.005293536611335955,-0.0052149099934068795,-1.6661588256082604e-05
152.48000000000002,0.92,0.025,0.009797958971132711,0.5248792922602417,0.5278473586035246,0.2048114196932081,-0.21013659540704427,0.30842853577977936,-0.0002072455550570017,-0.0027711829236091922,0.0006177400834984567,-0.0016077654867884036,-4.062845100525042e-06,0.17335238562833133,-0.1778596143525223,0.26105391268400524,-0.00017541263780024625,-0.2470468006293686,0.0804668455375443,-0.2413048802179347,-0.12716489808611972,0.06695828741591761,-0.24768765427170103,0.06806551891320926,-0.12816367349172586,-0.008099167822201115,-0.005293608480978292,-0.005212753829096244,-1.6675386887301078e-05
152.64,0.92,0.025,0.009797958971132711,0.5248792922602417,0.5278473586035246,0.20436835709028403,-0.21003763339773956,0.30817128843940006,-0.00020794705879498905,-0.002767100276743421,0.0006192841230081641,-0.0016057555775464015,-4.059570744520229e-06,0.1729773774412164,-0.17777585290784678,0.2608361785351082,-0.00017600639056407875,-0.24665871252026567,0.08057158294028016,-0.24110397886793797,-0.1270581513354461,0.06666326830884653,-0.24742582029094407,0.06798057250204531,-0.12800337672747286,-0.0080992387621345,-0.005293680657401719,-0.005210583098874454,-1.6689082881740973e-05
152.80000000000007,0.92,0.025,0.009797958971132711,0.5248792922602417,0.5278473586035246,0.20392594739224693,-0.2099384247785414,0.3079143641894082,-0.00020864757784024582,-0.002763021612436195,0.0006208227088954923,-0.0016037439936473035,-4.056274322871544e-06,0.1726029218727978,-0.17769188273255745,0.26061871784991514,-0.00017659930988398408,-0.24627103481113927,0.08067585832267332,-0.24090332979766865,-0.1269515387346529,0.06636885285193389,-0.2471640759348986,0.06789555376994985,-0.1278429472186584,-0.008099309763480837,-0.005293753141510123,-0.005208397837808767,-1.6702676179780598e-05
152.96000000000004,0.92,0.025,0.009797958971132711,0.5248792922602417,0.5278473586035246,0.2034841899619287,-0.20983897042119978,0.30765776330547884,-0.00020934710740121203,-0.002758946930170205,0.0006223558515291892,-0.0016017307564291858,-4.052955956626717e-06,0.17222901838377647,-0.1776077045645035,0.2604015308617573,-0.00017719139170438588,-0.24588376736117806,0.08077967263038276,-0.2407029332207517,-0.12684506040129315,0.06607504019377257,-0.24690242159765297,0.0678104636256387,-0.12768238666342757,-0.008099380825876771,-0.005293825934209148,-0.005206198081072481,-1.6716166724356462e-05
153.12,0.92,0.025,0.009797958971132711,0.5248792922602417,0.5278473586035246,0.20304308416224479,-0.20973927119580657,0.30740148605978324,-0.00021004564274646045,-0.0027548762294200375,0.0006238835612641337,-0.0015997158871776925,-4.049615766875006e-06,0.171855666434924,-0.1775233191401307,0.26018461780100055,-0.00017778263202060415,-0.24549691002895388,0.08088302680773304,-0.2405027893480968,-0.12673871645142634,0.06578182948372484,-0.24664085767206445,0.06772530297562172,-0.1275216967557384,-0.008099451948956449,-0.005293899036406182,-0.0052039838639445024,-1.672955446096735e-05
153.27999999999997,0.92,0.025,0.009797958971132711,0.5248792922602417,0.5278473586035246,0.2026026293561951,-0.20963932797079826,0.3071455327209952,-0.000210743179204506,-0.002750809509652202,0.0006254058484413463,-0.0015976994071259254,-4.046253874743084e-06,0.17148286548708355,-0.17743872719448367,0.25996797889505036,-0.00017837302687869389,-0.24511046267242367,0.08098592179771616,-0.24030289838790286,-0.1266325069996212,0.06548921987192269,-0.2463793845497621,0.06764007272419807,-0.12736087918535338,-0.008099523132351516,-0.005293972449010389,-0.0052017552218089685,-1.6742839337670194e-05
153.44000000000005,0.92,0.025,0.009797958971132711,0.5248792922602417,0.5278473586035246,0.20216282490686574,-0.20953914161295759,0.3068899035542968,-0.00021143971216386285,-0.0027467467703251513,0.000626922723388,-0.0015956813374543197,-4.042870401391138e-06,0.17111061500117117,-0.17735392946120732,0.2597516143683568,-0.00017896257237549353,-0.2447244251489313,0.08108835854199206,-0.24010326054566275,-0.12652643215895806,0.0651972105092677,-0.24611800262114863,0.06755477377345045,-0.1271999356378297,-0.0080995943756911,-0.0052940461729326805,-0.005199512190154802,-1.6756021305080723e-05
153.60000000000002,0.92,0.025,0.009797958971132711,0.5248792922602417,0.5278473586035246,0.20172367017743004,-0.20943871298741626,0.30663459882138605,-0.00021213523707298395,-0.0027426880108893034,0.0006284341964174315,-0.0015936616992905496,-4.03946546800952e-06,0.1707389144381768,-0.17726892667254912,0.2595355244424212,-0.00017955126465857364,-0.24433879731520963,0.08119033798089041,-0.2399038760241693,-0.1264204920410322,0.06490580054743125,-0.24585671227540268,0.06746940702324102,-0.12703886779451162,-0.008099665678601792,-0.005294120209085725,-0.005197254804575334,-1.6769100316373655e-05
153.76,0.92,0.025,0.009797958971132711,0.5248792922602417,0.5278473586035246,0.2012851645311499,-0.2093380429576569,0.30637961878048164,-0.0002128297494401527,-0.002738633230787064,0.0006299402778291521,-0.0015916405137093963,-4.0360391958144924e-06,0.17036776325916528,-0.1771837195593608,0.2593197093357997,-0.00018013909992614524,-0.24395357902738243,0.08129186105341152,-0.23970474502351885,-0.12631468675595564,0.06461498913885433,-0.2455955139004812,0.06738397337120533,-0.12687767733252048,-0.008099737040707657,-0.005294194558383954,-0.005194983100767843,-1.6782076327279176e-05
153.91999999999996,0.92,0.025,0.009797958971132711,0.5248792922602417,0.5278473586035246,0.20084730733137704,-0.20923713238551522,0.3061249636863304,-0.00021352324483349112,-0.0027345824294528476,0.0006314409779088585,-0.0015896178017326347,-4.032591706044708e-06,0.16999716092527753,-0.1770983088511001,0.25910416926411006,-0.0001807260744270669,-0.24356877014096612,0.08139292869722746,-0.23950586774111718,-0.12620901641236032,0.06432477543674787,-0.2453344078831214,0.06729847371274748,-0.12671636592474556,-0.008099808461630215,-0.005294269221743559,-0.00519269711453312,-1.6794949296083512e-05
154.08000000000004,0.92,0.025,0.009797958971132711,0.5248792922602417,0.5278473586035246,0.20041009794155443,-0.2091359821311825,0.30587063379021323,-0.00021421571888094283,-0.0027305356063131,0.0006329363069284449,-0.0015875935843289374,-4.0291231199574824e-06,0.16962710689773167,-0.17701269527583288,0.2588889044400365,-0.00018131218446083003,-0.24318437051087197,0.08149354184868367,-0.2393072443716839,-0.12610348111740058,0.06403515859509246,-0.2450733946088433,0.06721290894103558,-0.12655493523983652,-0.008099879940988411,-0.005294344200082484,-0.005190396881775079,-1.6807719183628368e-05
154.24,0.92,0.025,0.009797958971132711,0.5248792922602417,0.5278473586035246,0.1999735357252173,-0.20903459305320748,0.3056166293399523,-0.0002149071672701257,-0.0027264927607863207,0.0006344262751460121,-0.0015855678824137417,-4.0256335588247255e-06,0.16925760063782394,-0.1769268795602348,0.25867391507333565,-0.0001818974263774344,-0.24280037999140752,0.08159370144279977,-0.2391088751072585,-0.12599808097675635,0.06374613776863865,-0.24481247446195156,0.06712727994699595,-0.1263933869421932,-0.00809995147839865,-0.005294419494320441,-0.005188082438500241,-1.682038595330678e-05
154.39999999999998,0.92,0.025,0.009797958971132711,0.5248792922602417,0.5278473586035246,0.1995376200459947,-0.20893296600849878,0.30536295057991686,-0.00021559758574832313,-0.0027224538922830843,0.0006359108928058801,-0.001583540716849144,-4.022123143929646e-06,0.16888864160692993,-0.17684086242959338,0.25845920137084166,-0.0001824817965773807,-0.24241679843627925,0.0816934084132709,-0.2389107601372044,-0.12589281609463526,0.06345771211290693,-0.24455164782553807,0.06704158761930831,-0.12623172269195718,-0.008100023073474736,-0.005294495105378896,-0.005185753820817325,-1.6832949571063853e-05
154.56000000000006,0.92,0.025,0.009797958971132711,0.5248792922602417,0.5278473586035246,0.1991023502676105,-0.208831101852327,0.30510959775102975,-0.00021628697012238745,-0.002718419000206061,0.0006373901701385985,-0.0015815121084437828,-4.018591996562772e-06,0.16852022926650553,-0.1767546446078096,0.2582447635364716,-0.00018306529151158874,-0.24203362569859363,0.08179266369246896,-0.2387128996482142,-0.12578768657377573,0.06316988078418762,-0.24429091508148384,0.0669558328444006,-0.12606994414500253,-0.008100094725827905,-0.005294571034181078,-0.005183411064936762,-1.6845410005393564e-05
154.72000000000003,0.92,0.025,0.009797958971132711,0.5248792922602417,0.5278473586035246,0.19866772575388483,-0.20872900143832693,0.30485657109077496,-0.00021697531625867002,-0.002714388083950041,0.0006388641173609579,-0.001579482077952731,-4.015040238018144e-06,0.16815236307808812,-0.1766682268173999,0.25803060177123194,-0.00018364790768133832,-0.24165086163085955,0.0818914682114438,-0.23851529382431574,-0.12568269251544997,0.06288264293954104,-0.2440302766104615,0.06687001650644413,-0.1259080529529275,-0.008100166435066792,-0.005294647281651972,-0.005181054207170248,-1.685776722733642e-05
154.88,0.92,0.025,0.009797958971132711,0.5248792922602417,0.5278473586035246,0.1982337458687352,-0.20862666561849977,0.3046038708332033,-0.00021766262008296867,-0.002710361142901954,0.0006403327446760005,-0.0015774506460773802,-4.011467989589985e-06,0.16778504250329748,-0.17658160977949822,0.2578167162732233,-0.0001842296416382247,-0.2412685060849901,0.08198982289992439,-0.23831794284687616,-0.12557783401946634,0.06259599773679758,-0.2437697327919372,0.06678413948734843,-0.12574605076304549,-0.008100238200797425,-0.005294723848718335,-0.005178683283930261,-1.687002121047891e-05
155.03999999999996,0.92,0.025,0.009797958971132711,0.5248792922602417,0.5278473586035246,0.19780040997617804,-0.20852409524321544,0.30435149720893906,-0.00021834887758041322,-0.002706338176440892,0.0006417960622730307,-0.0015754178334653193,-4.007875372568638e-06,0.1674182670038371,-0.17649479421385755,0.257603107237646,-0.00018481048998406175,-0.24088655891230448,0.0820877286863201,-0.23812084689460736,-0.12547311118417237,0.06230994433455758,-0.24350928400417304,0.06669820266675582,-0.12558393921837527,-0.008100310022623212,-0.005294800736308672,-0.005176298331729567,-1.6882171930949328e-05
155.20000000000005,0.92,0.025,0.009797958971132711,0.5248792922602417,0.5278473586035246,0.19736771744032952,-0.20842129116121458,0.3040994504451875,-0.0002190340847954248,-0.00270231918393813,0.0006432540803276279,-0.001573383660710236,-4.004262508237006e-06,0.1670520360414949,-0.17640778083885203,0.2573897748568067,-0.00018539044937084757,-0.24050501996352974,0.0821851864977218,-0.2379240061435716,-0.1253685241064576,0.0620244818921914,-0.2432489306242292,0.06661220692203691,-0.12542171995763354,-0.008100381900144941,-0.005294877945353252,-0.005173899387180751,-1.6894219367416337e-05
155.36,0.92,0.025,0.009797958971132711,0.5248792922602417,0.5278473586035246,0.19693566762540715,-0.2083182542196108,0.3038477307657416,-0.000219718237831515,-0.00269830416475715,0.0006447068090016557,-0.0015713481483517857,-4.000629517867213e-06,0.1666863490781446,-0.1763205703714786,0.2571767193201237,-0.0001859695165005943,-0.2401238890888028,0.08228219725990327,-0.2377274207671869,-0.12526407288175678,0.06173960956983956,-0.24298867302796612,0.06652615312828494,-0.12525939461522448,-0.008100453832960765,-0.0052949554767841136,-0.005171486486995675,-1.690616350108537e-05
155.51999999999998,0.92,0.025,0.009797958971132711,0.5248792922602417,0.5278473586035246,0.19650425989573092,-0.208214985263893,0.30359633839098804,-0.00022040133285136586,-0.0026942931182536585,0.0006461542584432736,-0.0015693113168755,-3.996976522716346e-06,0.16632120557574667,-0.17623316352735904,0.25696394081413226,-0.00018654768812539606,-0.23974316613767233,0.08237876189732204,-0.23753109093623176,-0.12515975760405215,0.061455326528412575,-0.24272851159004652,0.06644004215831147,-0.12509696482123261,-0.008100525820666183,-0.005295033331535046,-0.005169059667985056,-1.691800431569683e-05
155.68000000000006,0.92,0.025,0.009797958971132711,0.5248792922602417,0.5278473586035246,0.1960734936157245,-0.20811148513792743,0.3033452735379142,-0.00022108336607654287,-0.002690286043775613,0.0006475964387869486,-0.001567273186712648,-3.993303644023372e-06,0.1659566049963492,-0.17614556102074178,0.2567514395224906,-0.0001871249610471859,-0.2393628509591005,0.08247488133312106,-0.23733501681885014,-0.12505557836587658,0.06117163192959118,-0.24246844668393808,0.06635387488264032,-0.12493443220141193,-0.00810059786285405,-0.005295111510541606,-0.005166618967057868,-1.6929741797521558e-05
155.84000000000003,0.92,0.025,0.009797958971132711,0.5248792922602417,0.5278473586035246,0.19564336814991642,-0.2080077546839599,0.30309453642011625,-0.00022176433378752166,-0.002686282940663239,0.0006490333601534648,-0.0015652337782401519,-3.989611003005335e-06,0.16559254680208926,-0.17605776356450367,0.2565392156259864,-0.00018770133211775834,-0.2389829434014651,0.08257055648912955,-0.2371391985805585,-0.12495153525831695,0.06088852493582621,-0.24220847868191506,0.06626765216950375,-0.12477179837717917,-0.008100669959114544,-0.005295190014741113,-0.005164164421220891,-1.6941375935359193e-05
156.0,0.92,0.025,0.009797958971132711,0.5248792922602417,0.5278473586035246,0.19521388286294153,-0.20790379474261794,0.30284412724780485,-0.00022244423232351261,-0.0026822838082490538,0.0006504650326499364,-0.001563193111780455,-3.985898720853486e-06,0.16522903045519372,-0.17596977187015184,0.256327269302542,-0.0001882767982386211,-0.23860344331256098,0.08266578828586427,-0.23694363638424937,-0.1248476283710165,0.060606004710338605,-0.24194860795506076,0.06618137488483654,-0.12460906496560367,-0.008100742109035178,-0.005295268845072645,-0.005161696067578159,-1.6952906720532806e-05
156.15999999999997,0.92,0.025,0.009797958971132711,0.5248792922602417,0.5278473586035246,0.19478503711954198,-0.20779960615291324,0.3025940462278125,-0.00022312305808242172,-0.0026782886458578885,0.0006518914663698175,-0.0015611512076014091,-3.982166918730248e-06,0.16486605541798033,-0.17588158664782577,0.2561156007272205,-0.00018885135636096176,-0.23822435053960248,0.08276057764253102,-0.2367483303901977,-0.12474385779217798,0.06032407041711954,-0.24168883487326978,0.06609504389227104,-0.1244462335793984,-0.008100814312200763,-0.005295348002477045,-0.005159213943330406,-1.696433414688837e-05
156.32000000000005,0.92,0.025,0.009797958971132711,0.5248792922602417,0.5278473586035246,0.19435683028456865,-0.20769518975224335,0.3023442935636008,-0.00022380080752062363,-0.002674297452806907,0.0006533126713929132,-0.0015591080859161733,-3.978415717765204e-06,0.1645036211528589,-0.1757932086062988,0.25590421007223174,-0.00018942500348545586,-0.2378456649292248,0.08285492547702529,-0.23655328075606616,-0.12464022360856686,0.06004272122093028,-0.24142915980524995,0.06600866005313252,-0.12428330582691188,-0.00810088656819343,-0.005295427487896916,-0.005156718085774575,-1.6975658210787736e-05
156.48000000000002,0.92,0.025,0.009797958971132711,0.5248792922602417,0.5278473586035246,0.1939292617229823,-0.20759054637639437,0.30209486945526737,-0.00022447747715289304,-0.0026703102284056303,0.0006547286577853912,-0.0015570637668830968,-3.9746452390515906e-06,0.16414172712233224,-0.1757046384529802,0.2556930975069383,-0.00018999773666220868,-0.23746738632748618,0.08294883270593405,-0.23635848763691056,-0.12453672590551418,0.05976195628730242,-0.2411695831185248,0.0659222242264341,-0.1241202833121193,-0.008100958876592589,-0.005295507302276618,-0.005154208532303245,-1.6986878911105794e-05
156.64,0.92,0.025,0.009797958971132711,0.5248792922602417,0.5278473586035246,0.19350233079985463,-0.2074856768595428,0.30184577409955304,-0.00022515306355231718,-0.0026663269719559546,0.0006561394355997926,-0.0015550182706056048,-3.9708556036429865e-06,0.16378037278899696,-0.17561587689391703,0.2554822631978617,-0.00019056955299068127,-0.23708951457986954,0.08304230024453664,-0.23616395118518563,-0.12443336476691964,0.059481774782537584,-0.24091010517943537,0.06583573726887147,-0.12395716763461331,-0.008101031236974943,-0.0052955874465622855,-0.005151685320404086,-1.699799624922781e-05
156.80000000000007,0.92,0.025,0.009797958971132711,0.5248792922602417,0.5278473586035246,0.19307603688036976,-0.20738058203425777,0.30159700768984876,-0.0002258275633501416,-0.002662347682752176,0.0006575450148750424,-0.0015529716171320859,-3.967046932549472e-06,0.16341955761554497,-0.1755269246337958,0.255271707308688,-0.00019114044961955986,-0.2367120495312844,0.08313532900680594,-0.23596967155075002,-0.12433014027525452,0.05920217587370776,-0.24065072635314272,0.06574920003481803,-0.12379396038959528,-0.008101103648914466,-0.005295667921701806,-0.005149148487659286,-1.7009010229043787e-05
156.96000000000004,0.92,0.025,0.009797958971132711,0.5248792922602417,0.5278473586035246,0.19265037932982537,-0.20727526273150343,0.30134857041620344,-0.00022650097323558213,-0.0026583723600810093,0.000658945405636462,-0.001550923826455794,-3.963219346734322e-06,0.1630592810647642,-0.1754377823759445,0.2550614300002746,-0.00019171042374659672,-0.23633499102606897,0.08322791990540981,-0.2357756488808725,-0.12422705251156503,0.05892315872865507,-0.24039144700362994,0.06566261337632036,-0.12363066316786758,-0.008101176111982389,-0.00529574872864483,-0.005146598071745035,-1.7019920856943813e-05
157.12,0.92,0.025,0.009797958971132711,0.5248792922602417,0.5278473586035246,0.1922253575136337,-0.20716971978064078,0.30110046246533073,-0.00022717328995574046,-0.00265440100322161,0.0006603406178957791,-0.0015488749185147159,-3.959372967110443e-06,0.1626995425995396,-0.17534845082233436,0.2548514314306559,-0.00019227947261853874,-0.2359583389079914,0.08332007385171203,-0.23558188332023747,-0.12412410155547533,0.05864472251599184,-0.2401322674937043,0.06557597814309242,-0.1234672775558232,-0.0081012486257472,-0.0052958298683427754,-0.005144034110430878,-1.7030728141814196e-05
157.27999999999997,0.92,0.025,0.009797958971132711,0.5248792922602417,0.5278473586035246,0.19180097079732317,-0.2070639540094302,0.3008526840206164,-0.00022784451031547198,-0.002650433611445595,0.0006617306616511388,-0.0015468249131914739,-3.955507914536938e-06,0.16234034168285433,-0.17525893067358173,0.25464171175504974,-0.0001928475935310155,-0.23558209302025238,0.08341179175577372,-0.23538837501095022,-0.1240212874851905,0.05836686640510065,-0.23987318818499945,0.0654892951825112,-0.12330380513543808,-0.008101321189774628,-0.005295911341748815,-0.005141456641579188,-1.7041432095033082e-05
157.44000000000005,0.92,0.025,0.009797958971132711,0.5248792922602417,0.5278473586035246,0.1913772185465391,-0.20695796624403337,0.3006052352621256,-0.00022851463117720816,-0.0026464701840170656,0.0006631155468871157,-0.001544773830313217,-3.95162430981538e-06,0.1619816777777907,-0.17516922262894985,0.25443227112586314,-0.00019341478382838898,-0.23520625320548633,0.08350307452635454,-0.23519512409254306,-0.12391861037749982,0.058089589566134324,-0.23961420943797757,0.06540256533961175,-0.12314024748426264,-0.00810139380362763,-0.00529599314981789,-0.005138865703144586,-1.705203273046424e-05
157.60000000000002,0.92,0.025,0.009797958971132711,0.5248792922602417,0.5278473586035246,0.19095410012704533,-0.20685175730901548,0.3003581163666113,-0.00022918364946079742,-0.002642510720192626,0.0006644952835747236,-0.001542721689651504,-3.9477222736868956e-06,0.16162355034753118,-0.1750793273863507,0.25422310969269984,-0.00019398104090361895,-0.23483081930576358,0.08359392307091362,-0.23500213070198123,-0.12381607030778023,0.05781289117001585,-0.2393553316119315,0.06531578945708208,-0.12297660617541249,-0.00810146646686639,-0.005296075293506701,-0.005136261333173308,-1.7062530064453522e-05
157.76,0.92,0.025,0.009797958971132711,0.5248792922602417,0.5278473586035246,0.19053161490472512,-0.20674532802734755,0.30011132750752,-0.00022985156214338435,-0.0026385552192214057,0.000665869881671428,-0.0015406685109221948,-3.943801926827923e-06,0.16126595885535935,-0.17498924564234697,0.254014227602365,-0.00019454636219816052,-0.2344557911625922,0.08368433829561117,-0.23480939497366796,-0.12371366734999899,0.057536770388438456,-0.239096555064987,0.06522896837525824,-0.12281288277756,-0.008101539179048293,-0.0052961577737737145,-0.005133643569802647,-1.7072924115821696e-05
157.91999999999996,0.92,0.025,0.009797958971132711,0.5248792922602417,0.5278473586035246,0.19010976224558257,-0.20663867922040838,0.29986486885500074,-0.00023051836625924315,-0.0026346036803450803,0.000667239351121156,-0.0015386143137853428,-3.9398633898476846e-06,0.1609089027646611,-0.17489897809215366,0.25380562499887266,-0.00019511074520182342,-0.2340811686169196,0.08377432110530936,-0.234616917039451,-0.12361140157671724,0.05726122639386556,-0.23883788015410468,0.06514210293211958,-0.12264907885492576,-0.008101611939727936,-0.0052962405915791474,-0.0051310124512603215,-1.708321490586182e-05
158.08000000000004,0.92,0.025,0.009797958971132711,0.5248792922602417,0.5278473586035246,0.18968854151574366,-0.2065318117079869,0.2996187405759116,-0.0002311840588995906,-0.002630656102797893,0.0006686037018543084,-0.0015365591178450788,-3.9359067832840114e-06,0.16055238153892545,-0.17480852542964012,0.2535973020234516,-0.0001956741874526135,-0.23370695150913465,0.08386387240357372,-0.2344246970286278,-0.12350927305909314,0.05698625835953078,-0.23857930723508228,0.06505519396328353,-0.12248519596726956,-0.008101684748457093,-0.005296323747884991,-0.005128368015863865,-1.7093402458330778e-05
158.24,0.92,0.025,0.009797958971132711,0.5248792922602417,0.5278473586035246,0.1892679520814574,-0.20642472630828423,0.29937294283382915,-0.0002318486372124298,-0.0026267124858066755,0.0006699629437877701,-0.0015345029426495178,-3.9319322276002725e-06,0.16019639464174557,-0.1747178883473318,0.253389258814553,-0.00019623668653660057,-0.23333313967906924,0.08395299309267426,-0.23423273506795292,-0.12340728186688568,0.05671186545943799,-0.23832083666255705,0.06496824230200139,-0.12232123566988304,-0.008101757604784727,-0.005296407243654996,-0.005125710302020031,-1.7103486799444764e-05
158.39999999999998,0.92,0.025,0.009797958971132711,0.5248792922602417,0.5278473586035246,0.1888479933090973,-0.20631742383791585,0.2991274757890533,-0.00023251209840241066,-0.002622772828590867,0.0006713170868249215,-0.0015324458076906313,-3.927939843182139e-06,0.15984094153681996,-0.174627067536412,0.25318149550785474,-0.0001967982400878004,-0.23295973296600034,0.08404168407358674,-0.23404103128164144,-0.1233054280684569,0.05643804686836116,-0.23806246879000728,0.06488124877915274,-0.12215719951357959,-0.008101830508256963,-0.005296491079854666,-0.005123039348224146,-1.7113467957874535e-05
158.56000000000006,0.92,0.025,0.009797958971132711,0.5248792922602417,0.5278473586035246,0.1884286645651622,-0.2062099051119138,0.2988823395986172,-0.00023317443973062333,-0.0026188371303625395,0.0006726661408556498,-0.0015303877324041504,-3.92392975033395e-06,0.15948602168795328,-0.17453606368672386,0.25297401223626964,-0.0001973588457879996,-0.2325867312086516,0.08412994624599372,-0.23384958579137702,-0.12320371173077606,0.056164801761844484,-0.23780420396975524,0.06479421422324107,-0.12199308904468686,-0.00810190345841709,-0.005296575257451279,-0.005120355193059488,-1.712334596473783e-05
158.72000000000003,0.92,0.025,0.009797958971132711,0.5248792922602417,0.5278473586035246,0.18800996521627755,-0.20610217094372887,0.2986375344162946,-0.00023383565851440647,-0.0026149053903264125,0.0006740101157563592,-0.0015283287361694544,-3.919902069275463e-06,0.15913163455905732,-0.17444487748677212,0.25276680912995175,-0.00019791850136659364,-0.23221413424519513,0.0842177805082861,-0.23365839871631724,-0.12310213291942286,0.055892129316202306,-0.2375460425529685,0.06470713946038875,-0.12182890580503795,-0.008101976454805532,-0.005296659777413862,-0.0051176578751966385,-1.713312085359331e-05
158.88,0.92,0.025,0.009797958971132711,0.5248792922602417,0.5278473586035246,0.1875918946291968,-0.2059942221452326,0.2983930603926072,-0.00023449575212720685,-0.0026109776076798786,0.0006753490213899839,-0.0015262688383094632,-3.915856920138543e-06,0.15877777961415218,-0.1743535096237249,0.2525598863163028,-0.00019847720460046788,-0.23184194191325377,0.08430518775756395,-0.2334674701730997,-0.12300069169859063,0.05562002870851906,-0.23728798488966257,0.06462002531433234,-0.12166465133196294,-0.00810204949695986,-0.0052967446407132125,-0.005114947433392853,-1.7142792660435004e-05
159.03999999999996,0.92,0.025,0.009797958971132711,0.5248792922602417,0.5278473586035246,0.18717445217080222,-0.2058860595267196,0.29814891767483315,-0.00023515471799837273,-0.0026070537816130237,0.0006766828676059971,-0.0015242080580905272,-3.911794422963762e-06,0.158424456317367,-0.17426196078341546,0.25235324391997876,-0.0001990349533138227,-0.23147015404990215,0.08439216888963787,-0.233276800275848,-0.12289938813108994,0.05534849911664935,-0.23703003132870307,0.06453287260641759,-0.12150032715828028,-0.008102122584414772,-0.005296829848321883,-0.005112223906491384,-1.7152361423685133e-05
159.20000000000005,0.92,0.025,0.009797958971132711,0.5248792922602417,0.5278473586035246,0.18675763720810645,-0.20577768389690962,0.29790510640701356,-0.00023581255361295676,-0.0026031339113086454,0.0006780116642404235,-0.0015221464147223264,-3.907714697697174e-06,0.1580716641329413,-0.17417023165034431,0.2521468820628963,-0.0001995917453780066,-0.23109877049166921,0.08447872479903029,-0.23308638913617727,-0.12279822227835148,0.05507753971921789,-0.23677218221780755,0.064445682155595,-0.12133593481228891,-0.008102195716702074,-0.005296915401214188,-0.005109487333420874,-1.7161827184187676e-05
159.36,0.92,0.025,0.009797958971132711,0.5248792922602417,0.5278473586035246,0.1863414491082533,-0.2056690960629497,0.297661626729963,-0.00023646925651154145,-0.0025992179959422753,0.0006793354211158499,-0.0015200839273577607,-3.903617864186955e-06,0.1577194025252256,-0.17407832290768063,0.2519408008642407,-0.0002001475787113687,-0.23072779107453947,0.08456485637897652,-0.23289623686320207,-0.1226971942004305,0.05480714969561942,-0.2365144379035477,0.06435845477841486,-0.12117147581775954,-0.00810226889335068,-0.0052970013003662015,-0.005106737753194635,-1.7171189985201442e-05
159.51999999999998,0.92,0.025,0.009797958971132711,0.5248792922602417,0.5278473586035246,0.1859258872385191,-0.2055602968304164,0.2974184787812748,-0.00023712482429003804,-0.002595306034682201,0.0006806541480414366,-0.001518020615092839,-3.8995040421802475e-06,0.15736767095868257,-0.17398623523726445,0.25173500044047104,-0.0002007024512790882,-0.23035721563395517,0.08465056452142614,-0.23270634356354056,-0.12259630395600915,0.05453732822601883,-0.23625679873135175,0.0642711912890224,-0.12100695169392602,-0.008102342113886597,-0.005297087546755764,-0.0051039752049100145,-1.718044987239358e-05
159.68000000000006,0.92,0.025,0.009797958971132711,0.5248792922602417,0.5278473586035246,0.1855109509663139,-0.20545128700331788,0.2971756626953314,-0.0002377792545994409,-0.0025913980266894826,0.000681967854812928,-0.001515956496966586,-3.89537335131977e-06,0.1570164688978881,-0.17389396931960827,0.2515294809053285,-0.00020125636109296678,-0.2299870440048179,0.08473585011704401,-0.2325167093413223,-0.12249555160240101,0.05426807449135093,-0.23599926504550603,0.06418389249915354,-0.12084236395547804,-0.008102415377832912,-0.005297174141362463,-0.005101199727747717,-1.7189606893831093e-05
159.84000000000003,0.92,0.025,0.009797958971132711,0.5248792922602417,0.5278473586035246,0.1850966396591825,-0.205342067384096,0.2969331786033109,-0.0002384325451457212,-0.002587493971117978,0.000683276551212665,-0.00151389159196092,-3.891225911140663e-06,0.15666579580753207,-0.17380152583389885,0.25132424236984235,-0.00020180930621133844,-0.22961727602149032,0.08482071405521163,-0.23232733429819358,-0.1223949371955538,0.05399938767332058,-0.2357418371891578,0.0640965592181295,-0.12067771411255139,-0.008102488684709789,-0.005297261085167657,-0.005098411360971099,-1.719866109997557e-05
160.0,0.92,0.025,0.009797958971132711,0.5248792922602417,0.5278473586035246,0.1846829526848057,-0.20523263877362855,0.296691026633196,-0.0002390846936895333,-0.0025835938671143607,0.0006845802470095946,-0.0015118259190005643,-3.887061841067127e-06,0.15631565115241955,-0.17370890545799922,0.25111928494233715,-0.000202361284738821,-0.22924791151779816,0.08490515722402814,-0.2321382185333241,-0.12229446079005334,0.05373126695440265,-0.23548451550431676,0.06400919225285281,-0.12051300367072124,-0.008102562034034451,-0.005297348379154457,-0.0050956101439255195,-1.720761254367379e-05
160.15999999999997,0.92,0.025,0.009797958971132711,0.5248792922602417,0.5278473586035246,0.18426988941100136,-0.20512300197123137,0.2964492069097822,-0.00023973569804602697,-0.0025796977138181406,0.0006858789519592816,-0.0015097594969529313,-3.882881260409533e-06,0.15596603439747156,-0.17361610886845025,0.2509146087284397,-0.00020291229482615725,-0.22887895032703184,0.08498918051031193,-0.23194936214341336,-0.12219412243912708,0.05346371151784191,-0.23522730033185738,0.06392179240780219,-0.1203482341309928,-0.008102635425321166,-0.005297436024307734,-0.0050927961160376085,-1.721646128015156e-05
160.32000000000005,0.92,0.025,0.009797958971132711,0.5248792922602417,0.5278473586035246,0.1838574492057256,-0.20501315777466045,0.29620771955468544,-0.0002403855560846929,-0.002575805510361686,0.0006871726758039204,-0.001507692344628023,-3.878684288360804e-06,0.15561694500772616,-0.17352313674047262,0.25071021383108577,-0.00020346233467008408,-0.2285103922819482,0.08507278479960133,-0.23176076522269665,-0.12209392219464733,0.05319672054765309,-0.2349701920115212,0.06383436048502807,-0.12018340698979371,-0.00810270885808125,-0.0052975240216141225,-0.005089969316814595,-1.722520736700563e-05
160.48000000000002,0.92,0.025,0.009797958971132711,0.5248792922602417,0.5278473586035246,0.18344563143707399,-0.20490310698011413,0.2959665646863521,-0.00024103426572898834,-0.002571917255870241,0.0006884614282723456,-0.0015056244807783309,-3.874471043993524e-06,0.15526838244833943,-0.1734299897479686,0.2505061003505284,-0.00020401140251301574,-0.22814223721477253,0.08515597097615618,-0.2315724278629526,-0.12199386010713577,0.05293029322862074,-0.23471319088191847,0.06374689728414813,-0.12001852373896597,-0.008102782331823039,-0.005297612372062003,-0.005087129785843579,-1.7233850864193927e-05
160.64,0.92,0.025,0.009797958971132711,0.5248792922602417,0.5278473586035246,0.18303443547328255,-0.2047928503822351,0.2957257424200651,-0.00024168182495634566,-0.002568032949461951,0.0006897452190800431,-0.0015035559240987296,-3.870241646256803e-06,0.15492034618458636,-0.1733366685635238,0.2503022683843431,-0.00020455949664305098,-0.22777448495720004,0.08523873992295893,-0.23138435015350808,-0.12189393622576594,0.0526644287462993,-0.23445629728053088,0.0636594036023426,-0.11985358586575781,-0.0081028558460519,-0.005297701076641526,-0.005084277562790855,-1.7242391834031718e-05
160.80000000000007,0.92,0.025,0.009797958971132711,0.5248792922602417,0.5278473586035246,0.18262386068272898,-0.20468238877411285,0.2954852528679543,-0.00024232823179772364,-0.0025641525902478754,0.0006910240579291613,-0.0015014866932263674,-3.865996213972936e-06,0.1545728356818618,-0.17324317385840912,0.25009871802743655,-0.0002051066153935933,-0.22740713534039783,0.08532109252171588,-0.23119653218124603,-0.12179415059836776,0.05239912628701297,-0.23419951154371302,0.06357188023434932,-0.11968859485281493,-0.008102929400270187,-0.00529779013634459,-0.005081412687401129,-1.7250830341178715e-05
160.96000000000004,0.92,0.025,0.009797958971132711,0.5248792922602417,0.5278473586035246,0.18221390643393381,-0.20457172294728543,0.2952450961390043,-0.00024297348433754788,-0.002560276177332016,0.0006922979545085224,-0.0014994168067405823,-3.861734865834449e-06,0.1542258504056816,-0.17314950630258238,0.24989544937205324,-0.00020565275714330055,-0.22704018819500654,0.08540302965285834,-0.23100897403061152,-0.12169450327143094,0.05213438503785578,-0.2339428340066948,0.06348432797246006,-0.11952355217817393,-0.008103002993977263,-0.0052978795521648565,-0.005078535199496876,-1.725916645263429e-05
161.12,0.92,0.025,0.009797958971132711,0.5248792922602417,0.5278473586035246,0.1818045720955615,-0.20446085369174175,0.2950052723390625,-0.00024361758071336092,-0.002556403709811333,0.0006935669184936331,-0.0014973462831627828,-3.85745772040083e-06,0.15387938982168325,-0.1730556665646902,0.2496924625077825,-0.0002061979203157887,-0.22667364335114223,0.0854845521955438,-0.23082167578361806,-0.12159499429010857,0.051870204186691506,-0.2336862650035837,0.06339674760651515,-0.11935845931525305,-0.008103076626669467,-0.005297969325097739,-0.005075645138977553,-1.726740023772641e-05
161.27999999999997,0.92,0.025,0.009797958971132711,0.5248792922602417,0.5278473586035246,0.18139585703642153,-0.20434978179592375,0.29476578157084854,-0.0002442605191156751,-0.0025525351867757657,0.0006948309595466971,-0.0014952751409563563,-3.853164896095675e-06,0.15353345339562718,-0.17296165531206986,0.2494897575215662,-0.0002067421033795074,-0.22630750063839805,0.08556566102765724,-0.2306346375198548,-0.12149562369822102,0.051606582922153504,-0.23342980486736659,0.0633091399238994,-0.11919331773284485,-0.00810315029784012,-0.005298059456140407,-0.005072742545818881,-1.7275531768105244e-05
161.44000000000005,0.92,0.025,0.009797958971132711,0.5248792922602417,0.5278473586035246,0.18098776062546948,-0.2042385080467285,0.29452662393396234,-0.00024490229778768456,-0.0025486706073082526,0.0006960900873166245,-0.0014932033985265672,-3.8488565112033455e-06,0.15318804059339738,-0.172867473210751,0.24928733449770574,-0.0002072853048474962,-0.22594175988584583,0.0856463570258123,-0.23044785931649275,-0.12139639153825964,0.051343520433644825,-0.23317345392991173,0.06322150570953763,-0.11902812889510829,-0.008103224006979501,-0.0052981499462917865,-0.0050698274600721165,-1.7283561117732682e-05
161.60000000000002,0.92,0.025,0.009797958971132711,0.5248792922602417,0.5278473586035246,0.18058028223180836,-0.2041270332295102,0.29428779952489353,-0.00024554291502507336,-0.002544809970484753,0.0006973443114390442,-0.0014911310742204635,-3.844532683866216e-06,0.15284315088100262,-0.17277312092545744,0.2490851935178699,-0.0002078275232772221,-0.2255764209220383,0.0857266410653524,-0.230261341248292,-0.12129729785139066,0.05108101591133819,-0.23291721252197126,0.06313384574589041,-0.11886289426156135,-0.008103297753574837,-0.0052982407965525575,-0.005066899921863301,-1.7291488362875206e-05
161.76,0.92,0.025,0.009797958971132711,0.5248792922602417,0.5278473586035246,0.18017342122468952,-0.20401535812808255,0.2940493084370291,-0.00024618236917566737,-0.002540953275374265,0.0006985936415363146,-0.00148905818632676,-3.840193532081295e-06,0.1524987837245772,-0.1726785991196091,0.24888333466110144,-0.00020836875727028487,-0.22521148357501045,0.08580651402035205,-0.23007508338760768,-0.1211983426774587,0.05081906854617571,-0.2326610809731829,0.0630461608129489,-0.11869761528707194,-0.008103371537110294,-0.005298332007925149,-0.005063959971392483,-1.7299313582091945e-05
161.91999999999996,0.92,0.025,0.009797958971132711,0.5248792922602417,0.5278473586035246,0.17976717697351377,-0.20390348352472068,0.2938111507606638,-0.0002468206586393381,-0.0025371005210388484,0.0006998380872175349,-0.0014869847530757584,-3.8358391736974125e-06,0.15215493859038207,-0.1725839084553236,0.24868175800382583,-0.00020890900547233576,-0.22484694767228122,0.08588597676361814,-0.22988908580439799,-0.12109952605499118,0.050557677529869144,-0.23240505961207228,0.0629584516882313,-0.11853229342185148,-0.008103445357066972,-0.005298423581413755,-0.005061007648932988,-1.730703685622872e-05
162.08000000000004,0.92,0.025,0.009797958971132711,0.5248792922602417,0.5278473586035246,0.17936154884783262,-0.20379141020016325,0.2935733265830071,-0.00024745778186762693,-0.0025332517065336417,0.0007010776580785564,-0.0014849107926392427,-3.831469726412254e-06,0.15181161494480552,-0.17248904959341818,0.24848046361985723,-0.00020944826657275944,-0.22448281304085566,0.08596503016669081,-0.2297033485662295,-0.12100084802120133,0.05029684205489961,-0.23214914876605489,0.06287071914677815,-0.11836693011144679,-0.00810351921292289,-0.0052985155180243085,-0.005058042994830663,-1.7314658268406744e-05
162.24,0.92,0.025,0.009797958971132711,0.5248792922602417,0.5278473586035246,0.17895653621734933,-0.20367913893361478,0.2933358359881946,-0.0002480937373635614,-0.002529406830906884,0.0007023123637019933,-0.0014828363231303857,-3.827085307769216e-06,0.15146881225436448,-0.17239402319341154,0.24827945158040796,-0.00020998653930451837,-0.22411907950722623,0.08604367509984509,-0.22951787173828586,-0.12090230861199318,0.05003656131451761,-0.23189334876143808,0.06278296396114816,-0.11820152679673278,-0.008103593104152958,-0.005298607818764502,-0.005055066049503093,-1.7322177904013703e-05
162.39999999999998,0.92,0.025,0.009797958971132711,0.5248792922602417,0.5278473586035246,0.1785521384519199,-0.20356667050274752,0.2930986790572942,-0.00024872852368139223,-0.0025255658931999363,0.000703542213657234,-0.0014807613626036393,-3.8226860351546285e-06,0.151126529985705,-0.1722988299135255,0.24807872195409383,-0.0002105238224439304,-0.22375574689737474,0.08612191243209173,-0.2293326553833728,-0.12080390786196432,0.04977683450274309,-0.2316376599234234,0.06269518690141339,-0.1180360849139037,-0.008103667030229002,-0.005298700484643782,-0.0050520768534388135,-1.7329595850694753e-05
162.56000000000006,0.92,0.025,0.009797958971132711,0.5248792922602417,0.5278473586035246,0.17814835492155429,-0.2034540056837037,0.29286185586831703,-0.00024936213942628626,-0.002521728892447298,0.0007047672175004529,-0.0014786859290546559,-3.81827202579459e-06,0.15078476760560355,-0.17220347041068682,0.24787827480694355,-0.0002110601148104087,-0.22339281503677408,0.08619974303117868,-0.22914769956192632,-0.12070564580441057,0.049517660814365184,-0.23138208257610837,0.06260738873515567,-0.11787060589446713,-0.00810374099061971,-0.005298793516673337,-0.005049075447196566,-1.7336912198341167e-05
162.72000000000003,0.92,0.025,0.009797958971132711,0.5248792922602417,0.5278473586035246,0.17774518499641756,-0.20334114525109764,0.2926253664962263,-0.00024999458325414373,-0.002517895827676629,0.0007059873847746206,-0.0014766100404201878,-3.813843396752172e-06,0.15044352458096782,-0.17210794534052906,0.24767811020240593,-0.00021159541526630726,-0.22303028375038994,0.08627716776359214,-0.22896300433201963,-0.12060752247132979,0.049259039444942296,-0.23112661704248874,0.06251957022746209,-0.11770509116523593,-0.008103814984790661,-0.005298886915866113,-0.005046061871404505,-1.73441270390823e-05
162.88,0.92,0.025,0.009797958971132711,0.5248792922602417,0.5278473586035246,0.1773426280468308,-0.20322808997801783,0.2923892110129458,-0.0002506258538712868,-0.002514066697908771,0.000707202725009516,-0.0014745337145779835,-3.8094002649245784e-06,0.15010280037883758,-0.1720122553573943,0.24747822820135734,-0.00021212972271665716,-0.2226681528626825,0.08635418749455775,-0.2287785697493697,-0.12050953789342572,0.04900096959080199,-0.23087126364446048,0.06243173214092051,-0.11753954214832024,-0.008103889012204282,-0.005298980683236805,-0.0050430361667593805,-1.7351240467274985e-05
163.03999999999996,0.92,0.025,0.009797958971132711,0.5248792922602417,0.5278473586035246,0.17694068344327235,-0.20311484063602903,0.2921533894873695,-0.0002512559500341668,-0.002510241502157763,0.0007084132477217369,-0.0014724569693467084,-3.804942747039971e-06,0.14976259446638573,-0.17191640111433498,0.24727862886210958,-0.0002126630361089188,-0.22230642219760816,0.086430803088042,-0.2285943958673445,-0.12041169210011207,0.04874345044904091,-0.2306160227028219,0.06234387523561584,-0.11737396026112112,-0.008103963072319855,-0.00529907481980185,-0.00503999837402579,-1.735825257949205e-05
163.20000000000005,0.92,0.025,0.009797958971132711,0.5248792922602417,0.5278473586035246,0.17653935055637887,-0.20300139799517447,0.2919179019853712,-0.00025188487054916717,-0.0025064202394308663,0.0007096189624147114,-0.0014703798224858361,-3.800470959654938e-06,0.1494229063109191,-0.1718203832631157,0.2470793122404182,-0.0002131953544328151,-0.22194509157862136,0.08650701540675322,-0.2284104827369706,-0.12031398511951671,0.04848648121752477,-0.2303608945372755,0.062256000269125374,-0.11720834691632212,-0.008104037164593491,-0.005299169326579437,-0.0050369485340353215,-1.7365163474514396e-05
163.36,0.92,0.025,0.009797958971132711,0.5248792922602417,0.5278473586035246,0.17613862875694639,-0.2028877628239778,0.29168274856981313,-0.00025251261427226124,-0.002502602908728581,0.0007108198785787089,-0.001468302291695577,-3.795985019151334e-06,0.14908373537987943,-0.17172420245421482,0.24688027838948984,-0.00021372667672004192,-0.22158416082867605,0.08658282531214277,-0.22822683040693972,-0.12021641697848544,0.04823006109488831,-0.23010587946643044,0.06216810799651545,-0.1170427035218836,-0.008104111288478143,-0.0052992642045895065,-0.0050338866876858315,-1.7371973253318496e-05
163.51999999999998,0.92,0.025,0.009797958971132711,0.5248792922602417,0.5278473586035246,0.17573851741593127,-0.2027739358894453,0.2914479293005557,-0.00025313918010881907,-0.002498789509044666,0.0007120160056908522,-0.0014662243946167665,-3.7914850417337083e-06,0.14874508114084423,-0.17162785933682653,0.24668152735999035,-0.00021425700204410447,-0.22122362977022766,0.08665823366440653,-0.2280434389236163,-0.12011898770258625,0.047974189280535054,-0.22985097780780409,0.06208019917033656,-0.11687703148103401,-0.008104185443423563,-0.005299359454853735,-0.005030812875940557,-1.7378682019068075e-05
163.68000000000006,0.92,0.025,0.009797958971132711,0.5248792922602417,0.5278473586035246,0.17533901590445164,-0.20265991795706798,0.2912134442344664,-0.00025376456701322366,-0.0024949800393661604,0.0007132073532151273,-0.001464146148830782,-3.786971143426302e-06,0.14840694306152788,-0.17153135455886234,0.24648305920005237,-0.00021478632951999252,-0.22086349822523468,0.08673324132248568,-0.22786030833104434,-0.12002169731611322,0.047718864974637495,-0.22959618987782446,0.06199227454061963,-0.1167113321922633,-0.008104259628876316,-0.0052994550783955555,-0.005027727139827345,-1.7385289877101124e-05
163.84000000000003,0.92,0.025,0.009797958971132711,0.5248792922602417,0.5278473586035246,0.17494012359378805,-0.20254570979082367,0.29097929342543016,-0.0002543887739887181,-0.0024911744986734026,0.0007143939306023956,-0.0014620675718594544,-3.7824434400701526e-06,0.1480693206097822,-0.17143468876695317,0.2462848739552841,-0.000215314658304051,-0.22050376601516047,0.08680784914406833,-0.2276774386709552,-0.11992454584209095,0.047464087378136864,-0.2293415159918322,0.06190433485487203,-0.11654560704931607,-0.008104333844279757,-0.005299551076240138,-0.00502462952043782,-1.7391796934920914e-05
164.0,0.92,0.025,0.009797958971132711,0.5248792922602417,0.5278473586035246,0.17454183985538482,-0.20243131215317908,0.29074547692435826,-0.0002550118000869792,-0.0024873728859400473,0.0007155757472904049,-0.001459988681164981,-3.777902047320647e-06,0.14773221325359773,-0.17133786260645079,0.24608697166877685,-0.00021584198759361917,-0.22014443296097483,0.08688205798559043,-0.22749482998277468,-0.11982753330227855,0.04720985569274306,-0.22908695646408236,0.06181638085807373,-0.11637985744118469,-0.008104408089074014,-0.005299647449414399,-0.005021520058926574,-1.7398203302183843e-05
164.15999999999997,0.92,0.025,0.009797958971132711,0.5248792922602417,0.5278473586035246,0.17414416406085104,-0.20231672580509197,0.29051199477919804,-0.0002556336444079516,-0.0024835752001330885,0.0007167528127038003,-0.001457909494149829,-3.773347080644386e-06,0.14739562046110433,-0.17124087672142985,0.24588935238111323,-0.00021636831662689025,-0.21978549888315574,0.08695586870223704,-0.2273124823036304,-0.11973065971717381,0.0469561691209346,-0.22883251160774665,0.061728413292672965,-0.11621408475210165,-0.008104482362695987,-0.0052997441989469886,-0.005018398796510324,-1.7404509090689175e-05
164.32000000000005,0.92,0.025,0.009797958971132711,0.5248792922602417,0.5278473586035246,0.17374709558196147,-0.20220195150601317,0.29027884703494194,-0.00025625430609950455,-0.0024797814402128804,0.0007179251362541356,-0.001455830028156654,-3.76877865531681e-06,0.1470595417005722,-0.17114373175468955,0.24569201613037486,-0.00021689364468262067,-0.21942696360169112,0.08702928214794377,-0.2271303956683589,-0.11963392510601716,0.04670302686595874,-0.22857818173491573,0.06164043289858264,-0.11604829036153326,-0.008104556664579342,-0.005299841325868321,-0.005015265774467093,-1.741071441436828e-05
164.48000000000002,0.92,0.025,0.009797958971132711,0.5248792922602417,0.5278473586035246,0.1733506337906579,-0.2020869900138887,0.2900460337336388,-0.0002568737843571837,-0.002475991605133151,0.000719092727339885,-0.0014537503004682154,-3.7641968864190113e-06,0.14672397644041285,-0.1710464283477554,0.2454949629521519,-0.0002174179710799203,-0.2190688269360804,0.08710229917539748,-0.22694857010951403,-0.11953732948679661,0.04645042813183098,-0.22832396715660064,0.06155244041317649,-0.115882475644173,-0.008104630994154479,-0.005299938831210527,-0.005012121034135368,-1.7416819389272427e-05
164.64,0.92,0.025,0.009797958971132711,0.5248792922602417,0.5278473586035246,0.17295477805905005,-0.20197184208516186,0.28981355491440147,-0.0002574920784238436,-0.0024722056938410275,0.0007202555953464537,-0.001451670328307282,-3.759601888835438e-06,0.14638892414917998,-0.170948967140881,0.24529819287954943,-0.00021794129517794123,-0.21871108870533643,0.08717492063603799,-0.226767005657373,-0.11944087287625102,0.04619837212333538,-0.22806986818273545,0.0614644365712849,-0.11571664196993407,-0.008104705350848531,-0.00530003671600749,-0.005008964616913256,-1.7422824133561633e-05
164.80000000000007,0.92,0.025,0.009797958971132711,0.5248792922602417,0.5278473586035246,0.17255952775941646,-0.20185650847477543,0.2895814106134178,-0.00025810918758945766,-0.002468423705277052,0.0007214137496461892,-0.0014495901288365516,-3.754993777251028e-06,0.1460543842955701,-0.17085134877304994,0.24510170594319683,-0.00021846361637571697,-0.21835374872798688,0.08724714738005906,-0.22658570233994502,-0.119344555289875,0.045946858046024226,-0.2278158851221788,0.061376422105191356,-0.11555079070394307,-0.008104779734085356,-0.005300134981294832,-0.005005796564257643,-1.7428728767494346e-05
164.96000000000004,0.92,0.025,0.009797958971132711,0.5248792922602417,0.5278473586035246,0.1721648822642059,-0.2017409899361735,0.2893496008639606,-0.0002587251111907239,-0.0024646456383752035,0.0007225671995983925,-0.0014475097191585728,-3.7503726661484974e-06,0.14572035634842387,-0.17075357388197726,0.24490550217125628,-0.00021898493411182872,-0.21799680682207617,0.08731898025640956,-0.22640466018297856,-0.11924837674192308,0.045695885106218116,-0.22756201828271627,0.06128839774462884,-0.11538492320653393,-0.008104854143285527,-0.0053002336281099075,-0.0050026169176833595,-1.7434533413413987e-05
165.12,0.92,0.025,0.009797958971132711,0.5248792922602417,0.5278473586035246,0.17177084094603812,-0.2016252872213039,0.2891181256963973,-0.00025933984861084395,-0.002460871492062916,0.0007237159545493298,-0.001445429116315648,-3.745738669805765e-06,0.14538683977672667,-0.17065564310411163,0.24470958158943068,-0.00021950524786421835,-0.21764026280516707,0.08739042011279485,-0.22622387920996911,-0.11915233724541414,0.04544545251100582,-0.22730826797106224,0.06120036421677563,-0.11521904083324021,-0.008104928577866306,-0.005300332657491815,-0.0049994257187622815,-1.7440238195738855e-05
165.27999999999997,0.92,0.025,0.009797958971132711,0.5248792922602417,0.5278473586035246,0.17137740317770503,-0.20150940108061993,0.28888698513819877,-0.00025995339927915363,-0.002457101265261098,0.0007248600238322431,-0.0014433483372897629,-3.7410919022932857e-06,0.14505383404960953,-0.1705575570746367,0.24451394422097145,-0.00022002455714987564,-0.21728411649434232,0.08746146779567769,-0.22604335944216583,-0.11905643681213515,0.045195559468244134,-0.2270546344928619,0.06111232224625207,-0.11505314493478966,-0.008105003037241642,-0.005300432070481382,-0.004996223009122537,-1.7445843240949112e-05
165.44000000000005,0.92,0.025,0.009797958971132711,0.5248792922602417,0.5278473586035246,0.17098456833217177,-0.2013933322630827,0.2886561792139508,-0.0002605657626708728,-0.0024533349568841515,0.000725999416767362,-0.001441267399002496,-3.7364324774714724e-06,0.1447213386363502,-0.1704593164274732,0.244318590086688,-0.00022054286152462673,-0.21692836770620624,0.08753212415027975,-0.2258631008985804,-0.11896067545264616,0.04494620518655787,-0.22680111815269344,0.06102427255511651,-0.11488723685709704,-0.008105077520822162,-0.005300531868121169,-0.0049930088304475885,-1.7451348677575757e-05
165.60000000000002,0.92,0.025,0.009797958971132711,0.5248792922602417,0.5278473586035246,0.17059233578257757,-0.20127708151616314,0.2884257079453643,-0.0002611769383068053,-0.002449572565839993,0.0007271341426619141,-0.0014391863183149502,-3.7317605089879876e-06,0.14438935300637365,-0.17036092179528048,0.24412351920495637,-0.00022106016058288003,-0.21657301625688669,0.08760239002058265,-0.22568310359599494,-0.11886505317628472,0.0446973888753398,-0.22654771925406983,0.060936215862862325,-0.11472131794125881,-0.008105152028015152,-0.0053006320514554835,-0.0049897832244754055,-1.7456754636188303e-05
165.76,0.92,0.025,0.009797958971132711,0.5248792922602417,0.5278473586035246,0.170200704902237,-0.20116064958584395,0.28819557135128343,-0.0002617869257529452,-0.0024458140910300708,0.0007282642108101376,-0.001437105112027658,-3.7270761102753766e-06,0.1440578766292534,-0.17026237380945833,0.24392873159172632,-0.0002215764539572928,-0.21621806196203638,0.08767226624932924,-0.2255033675489681,-0.11876956999116965,0.044449109744750394,-0.226294438099441,0.06084815288641358,-0.1145553895235456,-0.008105226558224557,-0.005300732621530352,-0.004986546232997576,-1.7462061249381967e-05
165.91999999999996,0.92,0.025,0.009797958971132711,0.5248792922602417,0.5278473586035246,0.16980967506464092,-0.20104403721662192,0.28796576944769753,-0.00026239572462032176,-0.0024420595313493854,0.000729389630493291,-0.0014350237968805126,-3.722379394548207e-06,0.14372690897471208,-0.1701636731001488,0.2437342272605312,-0.00022209174131864034,-0.21586350463683496,0.08774175367802464,-0.22532389276984452,-0.11867422590420591,0.044201367005717966,-0.22604127499019586,0.06076008434012205,-0.11438945293539698,-0.008105301110850947,-0.005300833579393535,-0.004983297897858434,-1.7467268651766883e-05
166.08000000000004,0.92,0.025,0.009797958971132711,0.5248792922602417,0.5278473586035246,0.16941924564345745,-0.2009272451515098,0.2877363022477499,-0.00026300333456454663,-0.0024383088856865073,0.0007305104109796656,-0.0014329423895526807,-3.71767047480092e-06,0.1433964495126224,-0.1700648202962379,0.2435400062224955,-0.00022260602237543227,-0.21550934409599012,0.08781085314693764,-0.2251446792687611,-0.11857902092108873,0.04395415986993836,-0.22578823022666417,0.06067201093576325,-0.11422350950341442,-0.008105375685291526,-0.005300934926094526,-0.004980038260954185,-1.7472376979954785e-05
166.24,0.92,0.025,0.009797958971132711,0.5248792922602417,0.5278473586035246,0.16902941601253307,-0.20081027413203856,0.2875071697617501,-0.00026360975528555485,-0.0024345621529236,0.0007316265615245955,-0.0014308609066625416,-3.712949463804949e-06,0.143066497713008,-0.16996581602535743,0.2433460684863453,-0.00022311929687369363,-0.21515558015373973,0.08787956549510194,-0.22496572705365722,-0.11848395504630888,0.043707487549875086,-0.22553530410811867,0.06058393338253373,-0.11405756054935662,-0.00810545028094011,-0.00530103666268455,-0.004976767364232033,-1.7477386372546037e-05
166.39999999999998,0.92,0.025,0.009797958971132711,0.5248792922602417,0.5278473586035246,0.16864018554589372,-0.20069312489825916,0.2872783719971821,-0.0002642149865273105,-0.002430819331936432,0.0007327380913704697,-0.0014287793647675996,-3.708216474106328e-06,0.14273705304604445,-0.16986666091388655,0.24315241405841492,-0.0002236315645967156,-0.21480221262385343,0.08794789156031704,-0.22478703613028017,-0.11838902828315613,0.04346134925875898,-0.22528249693277697,0.06049585238704714,-0.11389160739013263,-0.008105524897187114,-0.005301138790216547,-0.004973485249689301,-1.7482296970117984e-05
166.56000000000006,0.92,0.025,0.009797958971132711,0.5248792922602417,0.5278473586035246,0.16825155361774555,-0.200575798188745,0.2870499089587148,-0.0002648190280774709,-0.002427080421594406,0.0007338450097467439,-0.0014266977803644022,-3.7034716180234755e-06,0.14240811498205982,-0.16976735558695377,0.24295904294265622,-0.00022414282536477138,-0.21444924131963392,0.08801583217914978,-0.22460860650219386,-0.11829424063372401,0.04321574421058835,-0.22502980899780384,0.0604077686533306,-0.11372565133779546,-0.008105599533419558,-0.005301241309745204,-0.00497019195937251,-1.74871089152128e-05
166.72000000000003,0.92,0.025,0.009797958971132711,0.5248792922602417,0.5278473586035246,0.16786351960247628,-0.20045829474059365,0.28682178064821395,-0.0002654218797670785,-0.002423345420760567,0.0007349473258699498,-0.0014246161698884792,-3.6987150076442365e-06,0.14207968299153592,-0.16966790066843848,0.2427659551406483,-0.00022465307903485524,-0.21409666605391905,0.08808338818693531,-0.2244304381707877,-0.11819959209891487,0.04297067162012866,-0.22477724059931273,0.06031968288282197,-0.11355969369953718,-0.008105674189021018,-0.005301344222326912,-0.004966887535376512,-1.7491822352323098e-05
166.88,0.92,0.025,0.009797958971132711,0.5248792922602417,0.5278473586035246,0.1674760828746559,-0.20034061528942915,0.2865939870647509,-0.0002660235414701705,-0.0024196143282916296,0.0007360450489437088,-0.0014225345497142702,-3.693946754824011e-06,0.14175175654510877,-0.16956829678097285,0.2425731506516052,-0.00022516232550035234,-0.21374448663908316,0.08815056041777851,-0.22425253113528346,-0.11810508267844384,0.04272613070291251,-0.22452479203236828,0.06023159577436654,-0.11339373577768343,-0.008105748863371657,-0.005301447529019799,-0.004963572019843621,-1.749643742787998e-05
167.03999999999996,0.92,0.025,0.009797958971132711,0.5248792922602417,0.5278473586035246,0.16708924280903797,-0.200222760569404,0.28636652820461406,-0.00026662401310361967,-0.002415887143037993,0.0007371381881587409,-0.0014204529361550396,-3.689166971182756e-06,0.14142433511356975,-0.16946854454594354,0.24238062947238534,-0.0002256705646909037,-0.21339270288703902,0.08821734970455496,-0.2240748853927439,-0.11801071237084376,0.04248212067523964,-0.2242724635909878,0.0601435080242133,-0.11322777886968656,-0.008105823555848171,-0.005301551230883711,-0.004960245454962661,-1.7500954290240754e-05
167.20000000000005,0.92,0.025,0.009797958971132711,0.5248792922602417,0.5278473586035246,0.1667029987805604,-0.20010473131320125,0.2861394040613184,-0.0002672232946266463,-0.002412163863843762,0.0007382267526928779,-0.001418371345462816,-3.6843757681031335e-06,0.14109741816786633,-0.16936864458349354,0.24218839159749989,-0.00022617779657199344,-0.2130413146092392,0.08828375687891234,-0.22389750093808042,-0.11791648117346928,0.042238640754176646,-0.22402025556814378,0.060055420326012215,-0.11306182426812104,-0.008105898265823816,-0.005301655328980216,-0.004956907882968107,-1.7505373089675073e-05
167.36,0.92,0.025,0.009797958971132711,0.5248792922602417,0.5278473586035246,0.16631735016434665,-0.1999865282520364,0.28591261462561696,-0.0002678213860405777,-0.0024084444895467634,0.0007393107517110729,-0.001416289793828321,-3.6795732567277333e-06,0.14077100517910301,-0.1692685975125236,0.2419964370191222,-0.000226684021144745,-0.21269032161667772,0.08834978277127145,-0.22372037776406153,-0.11782238908250202,0.04199569015755707,-0.22376816825576543,0.059967333370810935,-0.11289587326067774,-0.008105972992668364,-0.0053017598243725985,-0.0049535593461391665,-1.7509693978351796e-05
167.51999999999998,0.92,0.025,0.009797958971132711,0.5248792922602417,0.5278473586035246,0.16593229633570644,-0.19986815211565967,0.2856861598855113,-0.00026841828738850013,-0.002404729018978568,0.0007403901943654134,-0.0014142082973808965,-3.6747595479568574e-06,0.14044509561854193,-0.16916840395069435,0.2418047657270968,-0.0002271892384456265,-0.21233972371989185,0.08841542821082761,-0.22354351586132118,-0.117728436092955,0.04175326810398108,-0.223516201944741,0.05987924784705168,-0.11272992713015836,-0.008106047735748112,-0.005301864718125869,-0.004950199886798863,-1.751391711032589e-05
167.68000000000006,0.92,0.025,0.009797958971132711,0.5248792922602417,0.5278473586035246,0.16554783667013712,-0.199749603632358,0.28546003982626106,-0.00026901399875494926,-0.0024010174509645076,0.0007414650897951305,-0.0014121268721884362,-3.669934752446167e-06,0.14011968895760407,-0.16906806451442782,0.24161337770894736,-0.00022769344854618907,-0.2119895207289637,0.0884806940255517,-0.2233669152183659,-0.11763462219867692,0.04151137381281561,-0.22326435692491964,0.05979116444056806,-0.11256398715446994,-0.008106122494425853,-0.005301970011306749,-0.004946829547313143,-1.7518042641525508e-05
167.84000000000003,0.92,0.025,0.009797958971132711,0.5248792922602417,0.5278473586035246,0.16516397054332438,-0.19963088352895703,0.28523425443039585,-0.0002696085202655527,-0.002397309784323693,0.0007425354471266121,-0.0014100455342573295,-3.665098980604465e-06,0.13979478466786976,-0.16896757981890922,0.24142227294988705,-0.00022819665155276382,-0.21163971245352176,0.08854558104219153,-0.22319057582158422,-0.11754094739235735,0.04127000650419394,-0.22301263348511313,0.05970308383458257,-0.11239805460662061,-0.008106197268060883,-0.0053020757049836754,-0.0049434483700899695,-1.752207072973835e-05
168.0,0.92,0.025,0.009797958971132711,0.5248792922602417,0.5278473586035246,0.16478069733114345,-0.19951199253082322,0.28500880367772624,-0.0002702018520867401,-0.002393606017869036,0.0007436012754734135,-0.0014079642995323842,-3.6602523425912794e-06,0.13947038222107982,-0.16886695047808878,0.2412314514328275,-0.00022869884760621685,-0.21129029870274257,0.0886100900862727,-0.22301449765525472,-0.11744741166553138,0.04102916539901588,-0.22276103191309837,0.05961500670970317,-0.11223213075471336,-0.008106272056008973,-0.0053021818002267984,-0.004940056397578372,-1.7526001534598472e-05
168.15999999999997,0.92,0.025,0.009797958971132711,0.5248792922602417,0.5278473586035246,0.16439801640965984,-0.1993929313618659,0.2847836875453524,-0.0002707939944253484,-0.002389906150407265,0.0007446625839362671,-0.0014058831838967571,-3.6553949483143836e-06,0.1391464810891361,-0.1687661771046833,0.24104091313838627,-0.0002292000368816149,-0.21094127928535222,0.08867422198210026,-0.22283868070155313,-0.11735401500858367,0.04078884971894757,-0.22250955249561896,0.05952693374392009,-0.11206621686194075,-0.008106346857622354,-0.005302288298107988,-0.004936653672267545,-1.752983521757108e-05
168.32000000000005,0.92,0.025,0.009797958971132711,0.5248792922602417,0.5278473586035246,0.16401592715513064,-0.19927370074453934,0.284558906007677,-0.0002713849475283646,-0.002386210180738944,0.0007457193816030963,-0.0014038022031719105,-3.6505269074281984e-06,0.13882308074410257,-0.16866526031017812,0.24085065804489786,-0.0002297002195880078,-0.21059265400962837,0.08873797755275968,-0.22266312494056195,-0.11726075741075384,0.04054905868642116,-0.22225819551838716,0.05943886561260397,-0.11190031418658139,-0.00810642167224972,-0.005302395199700811,-0.004933240236685955,-1.753357194194241e-05
168.48000000000002,0.92,0.025,0.009797958971132711,0.5248792922602417,0.5278473586035246,0.1636344289440052,-0.1991543013998446,0.2843344590364153,-0.0002719747116825606,-0.0023825181076584942,0.000746771677549025,-0.0014017213731175335,-3.6456483293306996e-06,0.13850018065820602,-0.16856420070482847,0.24066068612842192,-0.00023019939596811932,-0.2102444226834013,0.08880135762011786,-0.22248783035027825,-0.11716763886014091,0.04030979152463506,-0.22200696126608627,0.05935080298850221,-0.11173442398199389,-0.008106496499236213,-0.00530250250608056,-0.004929816133400384,-1.753721187280252e-05
168.64,0.92,0.025,0.009797958971132711,0.5248792922602417,0.5278473586035246,0.1632535211529264,-0.199034734047332,0.28411034660060613,-0.0002725632872141049,-0.0023788299299542103,0.0007478194808363893,-0.001399640709431484,-3.6407593231618005e-06,0.13817778030383693,-0.1684629988976618,0.24047099736275304,-0.0002306975662980184,-0.209896585114056,0.08886436300482471,-0.22231279690662228,-0.1170746593437083,0.04007104745755357,-0.2217558500223721,0.05926274654173644,-0.11156854749661223,-0.008106571337923392,-0.005302610218324223,-0.004926381405015,-1.7540755177032674e-05
168.80000000000007,0.92,0.025,0.009797958971132711,0.5248792922602417,0.5278473586035246,0.16287320315873127,-0.19891499940510265,0.28388656866662215,-0.00027315067448832576,-0.0023751456464082775,0.0007488628005147489,-0.0013975602277497311,-3.635859997801021e-06,0.13785587915355016,-0.16836165549647888,0.240281591719429,-0.00023119473088691894,-0.20954914110853345,0.08892699452631414,-0.22213802458344517,-0.11698181884728803,0.03983282570990673,-0.22150486206987519,0.05917469693979988,-0.11140268597394129,-0.008106646187649242,-0.005302718337510502,-0.00492293609417046,-1.754420202329281e-05
168.96000000000004,0.92,0.025,0.009797958971132711,0.5248792922602417,0.5278473586035246,0.16249347433845243,-0.19879509818981103,0.28366312519818226,-0.0002737368739092996,-0.0023714652557967945,0.0007499016456208979,-0.0013954799436462916,-3.6309504618651305e-06,0.13753447668006613,-0.16826017110785607,0.2400924691677415,-0.0002316908900768312,-0.20920209047333246,0.08898925300280526,-0.2219635133525386,-0.11688911735558637,0.039595125507190444,-0.22125399769020274,0.05908665484755451,-0.11123684065255184,-0.008106721047748145,-0.005302826864719794,-0.004919480243542933,-1.754755258200557e-05
169.12,0.92,0.025,0.009797958971132711,0.5248792922602417,0.5278473586035246,0.16211433406931858,-0.19867503111666646,0.2834400161563608,-0.0002743218859195622,-0.0023677887568897887,0.0007509360251788766,-0.0013933998726331838,-3.6260308237061233e-06,0.13721357235627124,-0.1681585463371465,0.23990362967474377,-0.00023218604424231747,-0.20885543301451107,0.08905113925130359,-0.22178926318364184,-0.11679655485218773,0.0393579460756661,-0.2210032571639406,0.058998620927228955,-0.11107101276607703,-0.008106795917550884,-0.005302935801034212,-0.004916013895843237,-1.755080702534379e-05
169.27999999999997,0.92,0.025,0.009797958971132711,0.5248792922602417,0.5278473586035246,0.16173578172875588,-0.19855479889943564,0.2832172414995999,-0.0002749057109996691,-0.0023641161484512356,0.0007519659481999828,-0.0013913200301603507,-3.6211011914091962e-06,0.13689316565521897,-0.16805678178848232,0.2397150732052614,-0.00023268019379011997,-0.20850916853768836,0.08911265408760234,-0.22161527404445125,-0.11670413131956016,0.039121286642360587,-0.22075264077065507,0.05891059583841504,-0.11090520354320624,-0.008106870796384618,-0.005303045147537558,-0.004912537093815815,-1.7553965527214925e-05
169.44000000000005,0.92,0.025,0.009797958971132711,0.5248792922602417,0.5278473586035246,0.16135781669438864,-0.19843440225044442,0.2829948011837199,-0.0002754883496680127,-0.0023604474292390778,0.0007529914236827826,-0.001389240431615622,-3.6161616727903974e-06,0.13657325605013054,-0.16795487806477616,0.23952679972190052,-0.00023317333915900596,-0.20816329684804588,0.08917379832628355,-0.2214415459006282,-0.11661184673905972,0.03888514643506615,-0.2205021487888951,0.05882258023806607,-0.11073941420768219,-0.008106945683572871,-0.005303154905315339,-0.004909049880237873,-1.7557028263248937e-05
169.60000000000002,0.92,0.025,0.009797958971132711,0.5248792922602417,0.5278473586035246,0.16098043834404038,-0.19831384188057985,0.2827726951619308,-0.00027606980248036877,-0.002356782598005243,0.0007540124606131217,-0.0013871610923246547,-3.611212375394707e-06,0.13625384301439578,-0.16785283576772278,0.23933880918505826,-0.00023366548081938412,-0.20781781775032926,0.08923457278071914,-0.22126807871580817,-0.11651970109093573,0.03864952468234027,-0.22025178149619407,0.05873457478049414,-0.11057364597829629,-0.008107020578435523,-0.005303265075454759,-0.004905552297918404,-1.7559995410782696e-05
169.76,0.92,0.025,0.009797958971132711,0.5248792922602417,0.5278473586035246,0.16060364605573488,-0.1981931184992924,0.2825509233848432,-0.00027665007002957993,-0.0023531216534956627,0.0007550290679641375,-0.001385082027550878,-3.6062534064938565e-06,0.135934926021574,-0.16775065549780108,0.23915110155293132,-0.00023415661927303645,-0.20747273104885003,0.08929497826307253,-0.22109487245160883,-0.11642769435433534,0.038414420613505466,-0.22000153916907178,0.05864658011736764,-0.11040790006888432,-0.008107095480288797,-0.005303375659044719,-0.004902044389697261,-1.756286714884581e-05
169.91999999999996,0.92,0.025,0.009797958971132711,0.5248792922602417,0.5278473586035246,0.1602274392076969,-0.1980722328145976,0.2823294858004798,-0.00027722915294518536,-0.0023494645944502897,0.000756041254696269,-0.0013830032524954354,-3.6012848730843194e-06,0.13561650454539464,-0.1676483378542754,0.2389636767815261,-0.0002346467550528049,-0.2071280365474868,0.08935501558429929,-0.22092192706763908,-0.1163358265073086,0.03817983345864926,-0.21975142208303633,0.05855859689770864,-0.11024217768832192,-0.008107170388445243,-0.005303486657175812,-0.004898526198444176,-1.7565643658145926e-05
170.08000000000004,0.92,0.025,0.009797958971132711,0.5248792922602417,0.5278473586035246,0.15985181717835342,-0.19795118553307864,0.2821083823542857,-0.0002778070518931667,-0.0023458114196031176,0.000757049029757269,-0.0013809247822971515,-3.596306881885269e-06,0.13529857805975834,-0.16754588343519777,0.23877653482466743,-0.00023513588872237632,-0.20678373404968714,0.08941468555414885,-0.2207492425215069,-0.11624409752681313,0.03794576244862399,-0.21950143051258614,0.05847062576789138,-0.11007648004052195,-0.008107245302213724,-0.005303598070940319,-0.004894997767057894,-1.7568325121055958e-05
170.24,0.92,0.025,0.009797958971132711,0.5248792922602417,0.5278473586035246,0.15947677934633436,-0.19782997735988778,0.2818876129891407,-0.0002783837675754834,-0.0023421621276822004,0.0007580524020822153,-0.0013788466320324667,-3.5913195393365826e-06,0.1349811460387374,-0.16744329283740902,0.2385896756340087,-0.00023562402087588919,-0.20643982335846905,0.08947398898116526,-0.22057681876882895,-0.11615250738871923,0.037712206815046785,-0.21925156473121205,0.05838266737163929,-0.10991080832442947,-0.008107320220899413,-0.005303709901432226,-0.004891459138465157,-1.757091172159753e-05
170.39999999999998,0.92,0.025,0.009797958971132711,0.5248792922602417,0.5278473586035246,0.1591023250904737,-0.19770860899874892,0.2816671776453707,-0.00027895930072981676,-0.002338516717409666,0.0007590513805935223,-0.001376768816715393,-3.5863229515968006e-06,0.13466420795657694,-0.1673405666565411,0.23840309915904176,-0.00023611115213771692,-0.20609630427642273,0.08953292667268878,-0.22040465576323898,-0.116061056067815,0.037479165790299133,-0.21900182501139878,0.05829472235002301,-0.10974516373401821,-0.008107395143803767,-0.005303822149747191,-0.00488791035561977,-1.7573403645427818e-05
170.56000000000006,0.92,0.025,0.009797958971132711,0.5248792922602417,0.5278473586035246,0.15872845378981032,-0.19758708115195928,0.2814470762607572,-0.000279533652129202,-0.00233487518750174,0.0007600459742009505,-0.0013746913512974628,-3.5813172245412233e-06,0.13434776328769546,-0.16723770548701833,0.2382168053471049,-0.00023659728316215658,-0.2057531766057118,0.08959149943485678,-0.22023275345639576,-0.11596974353781056,0.037246638607527194,-0.21875221162462744,0.05820679134145809,-0.10957954745828662,-0.008107470070224523,-0.005303934816982566,-0.0048843514615016575,-1.7575801079824932e-05
170.72000000000003,0.92,0.025,0.009797958971132711,0.5248792922602417,0.5278473586035246,0.15835516482358897,-0.19746539452039152,0.28122730877055113,-0.00028010682258164155,-0.002331237536668761,0.0007610361918016207,-0.0013726142506677033,-3.5763024637598564e-06,0.13403181150668572,-0.1671347099220594,0.23803079414339448,-0.0002370824146331014,-0.20541044014807522,0.08964970807260508,-0.22006111179799304,-0.11587856977134392,0.03701462450064126,-0.21850272484137706,0.05811887498170369,-0.10941396068125582,-0.008107544999455684,-0.005304047904237389,-0.004880782499115955,-1.757810421367217e-05
170.88,0.92,0.025,0.009797958971132711,0.5248792922602417,0.5278473586035246,0.1579824575712613,-0.19734354980349586,0.28100787510748276,-0.0002806788129298261,-0.0023276037636151986,0.0007620220422800224,-0.0013705375296525631,-3.5712787745556954e-06,0.1337163520883156,-0.1670315805536789,0.23784506549097342,-0.0002375665472638048,-0.2050680947048287,0.08970755338966917,-0.21988973073576762,-0.11578753473998539,0.03678312270431584,-0.2182533649311267,0.05803097390385944,-0.10924840458196396,-0.008107619930787496,-0.005304161412612371,-0.004877203511491973,-1.7580313237445254e-05
171.03999999999996,0.92,0.025,0.009797958971132711,0.5248792922602417,0.5278473586035246,0.1576103314124865,-0.19722154769930186,0.2807887752017727,-0.0002812496240507127,-0.0023239738670396727,0.0007630035345080271,-0.0013684612030158833,-3.5662462619424794e-06,0.1334013845075286,-0.16692831797268912,0.23765961933078042,-0.00023804968179652323,-0.20472614007686615,0.08976503618858529,-0.2197186102155078,-0.11569663841424246,0.036552132453989465,-0.21800413216235728,0.05794308873836393,-0.10908288033446392,-0.008107694863506456,-0.00530427534320992,-0.0048736145416823,-1.7582428343195195e-05
171.20000000000005,0.92,0.025,0.009797958971132711,0.5248792922602417,0.5278473586035246,0.15723878572713268,-0.19709938890442072,0.280570008981145,-0.00028181925685523537,-0.0023203478456349726,0.0007639806773448981,-0.0013663852854588618,-3.5612050306429405e-06,0.1330869082394451,-0.1668249227687017,0.23747445560164113,-0.00023853181900227122,-0.20438457606466148,0.0898221572706917,-0.21954775018106298,-0.11560588076356536,0.03632165298586458,-0.21775502680255363,0.057855220112993176,-0.1089173891078205,-0.008107769796895276,-0.005304389697134108,-0.004870015632761847,-1.758444972453495e-05
171.36,0.92,0.025,0.009797958971132711,0.5248792922602417,0.5278473586035246,0.15686781989527743,-0.1969770741140471,0.28035157637083724,-0.0002823877122879386,-0.0023167256980880717,0.000764953479637303,-0.0013643097916200006,-3.556155185087231e-06,0.1327729227593628,-0.1667213955301295,0.23728957424027666,-0.00023901295968051123,-0.20404340246827005,0.08987891743612991,-0.2193771505743523,-0.11551526175635161,0.03609168353690734,-0.21750604911820623,0.05776736865285822,-0.10875193206610637,-0.00810784473023289,-0.005304504475490692,-0.004866406827826872,-1.7586377576625365e-05
171.51999999999998,0.92,0.025,0.009797958971132711,0.5248792922602417,0.5278473586035246,0.15649743329720894,-0.19685460402196125,0.28013347729361254,-0.00028295499132660894,-0.002313107423080148,0.0007659219502193246,-0.001362234736075072,-3.5510968294106327e-06,0.13245942754275766,-0.166617736844188,0.23710497518131365,-0.0002394931046588418,-0.20370261908733012,0.08993531748384587,-0.21920681133537298,-0.11542478135995118,0.035862223344847406,-0.21725719937481333,0.057679534980403485,-0.10858651036839938,-0.008107919662794418,-0.005304619679387097,-0.004862788169994032,-1.75882120961584e-05
171.68000000000006,0.92,0.025,0.009797958971132711,0.5248792922602417,0.5278473586035246,0.1561276253134269,-0.19673197932053094,0.27991571166977053,-0.00028352109498194815,-0.0023094930192866033,0.0007668860979124715,-0.0013601601333370786,-3.5460300674518873e-06,0.1321464220652845,-0.1665139472968974,0.23692065835729378,-0.00023997225479272094,-0.20336222572106472,0.08999135821159102,-0.2190367324022093,-0.11533443954067128,0.03563327164817805,-0.2170084778368827,0.057591719715405054,-0.10842112516877951,-0.008107994593851177,-0.005304735309932424,-0.004859159702399431,-1.7589953481343173e-05
171.84000000000003,0.92,0.025,0.009797958971132711,0.5248792922602417,0.5278473586035246,0.15575839532464328,-0.19660920070071344,0.27969827941716024,-0.0002840860242971754,-0.002305882485377079,0.0007678459315256902,-0.0013580859978562215,-3.5409550027516046e-06,0.13183390580277807,-0.16641002747308387,0.23673662369868445,-0.00024045041096512927,-0.2030222221682827,0.0900470404159237,-0.21886691371104236,-0.1152442362637821,0.03540482768615575,-0.2167598847679338,0.057503923474969125,-0.10825577761632635,-0.00810806952267066,-0.005304851368237447,-0.004855521468197654,-1.759160193189084e-05
172.0,0.92,0.025,0.009797958971132711,0.5248792922602417,0.5278473586035246,0.15538974271178352,-0.19648626885205772,0.27948118045119064,-0.00028464978034779413,-0.002302275820015473,0.0007688014598553761,-0.0013560123440198551,-3.535871738550098e-06,0.13152187823125358,-0.16630597795638166,0.23655287113388776,-0.00024092757408637297,-0.20268260822738088,0.09010236489221023,-0.21869735519615827,-0.11515417149352115,0.03517689069880018,-0.21651142043049926,0.05741614687352996,-0.10809046885511561,-0.008108144448516503,-0.005304967855414602,-0.004851873510560801,-1.7593157649000346e-05
172.15999999999997,0.92,0.025,0.009797958971132711,0.5248792922602417,0.5278473586035246,0.15502166685598717,-0.19636318446270626,0.27926441468484203,-0.00028521236424109846,-0.0022986730218599624,0.0007697526916853848,-0.0013539391861524626,-3.530780377785898e-06,0.13121033882690755,-0.1662017993292346,0.2363694005892503,-0.00024140374509366575,-0.2023433836963451,0.09015733243462615,-0.21852805678995668,-0.11506424519309856,0.034949459926893994,-0.21626308508612715,0.057328390522848716,-0.1079252000242172,-0.00810821937064851,-0.005305084772577996,-0.004848215872677549,-1.7594620835341898e-05
172.32000000000005,0.92,0.025,0.009797958971132711,0.5248792922602417,0.5278473586035246,0.15465416713860908,-0.19623994821939714,0.27904798202867837,-0.0002857737771159103,-0.002295074089563015,0.0007706996357870433,-0.0013518665385156155,-3.5256810230938727e-06,0.13089928706611872,-0.16609749217289774,0.23618621198907339,-0.0002418789249509065,-0.20200454837275203,0.09021194383615733,-0.21835901842296065,-0.11497445732470224,0.034722534611982665,-0.21601487899538277,0.05724065503201164,-0.10775997225769215,-0.008108294288322599,-0.005305202120843389,-0.004844548597752171,-1.7595991695042874e-05
172.48000000000002,0.92,0.025,0.009797958971132711,0.5248792922602417,0.5278473586035246,0.15428724294121993,-0.19611656080746606,0.278831882390859,-0.0002863340201422153,-0.002291479021771414,0.000771642300919161,-0.0013497944153079515,-3.52057377680366e-06,0.13058872242544856,-0.16599305706743928,0.23600330525562305,-0.000242353114648371,-0.2016661020537705,0.09026619988860135,-0.21819024002382537,-0.11488480784950304,0.0344961139963745,-0.21576680241785062,0.057152941007428924,-0.10759478668459078,-0.008108369200790817,-0.0053053199013282214,-0.0048408717290035945,-1.759727043367302e-05
172.64,0.92,0.025,0.009797958971132711,0.5248792922602417,0.5278473586035246,0.15392089364560757,-0.1959930229108482,0.2786161156771498,-0.00028689309452074673,-0.002287887817126269,0.0007725806958280418,-0.0013477228306651324,-3.5154587409376522e-06,0.13027864438164224,-0.16588849459174193,0.23582068030913958,-0.00024282631520236006,-0.20132804453616335,0.09032010138256837,-0.2180217215193468,-0.11479529672765969,0.03427019732314021,-0.21551885561213605,0.05706524905283288,-0.10742964442894956,-0.008108444107301322,-0.005305438115151573,-0.004837185309664417,-1.7598457258227084e-05
172.80000000000007,0.92,0.025,0.009797958971132711,0.5248792922602417,0.5278473586035246,0.1535551186337777,-0.1958693352120804,0.27840068179093497,-0.0002874510014827756,-0.0022843004742630407,0.0007735148292474949,-0.0013456517986598225,-3.510336017209756e-06,0.12996905241162945,-0.16578380532350484,0.23563833706784737,-0.00024329852765502127,-0.20099037561628866,0.0903736491074827,-0.21785346283447088,-0.11470592391832381,0.03404478383611299,-0.2152710388358676,0.056977579769276865,-0.10726454660978935,-0.008108519007098356,-0.005305556763434189,-0.004833489382979959,-1.7599552377113643e-05
172.96000000000004,0.92,0.025,0.009797958971132711,0.5248792922602417,0.5278473586035246,0.15318991728795464,-0.19574549839230315,0.2781855806332295,-0.0002880077422895892,-0.002280716991811552,0.0007744447098988457,-0.001343581333301665,-3.5052057070232514e-06,0.1296599459925248,-0.1656789898392454,0.23545627544796546,-0.0002437697530739083,-0.20065309509010137,0.0904268438515838,-0.217685463892303,-0.11461668937964549,0.033819872779888266,-0.2150233523456985,0.05688993375513407,-0.10709949434111363,-0.00810859389942225,-0.005305675847298469,-0.004829783992207312,-1.7600556000135185e-05
173.12,0.92,0.025,0.009797958971132711,0.5248792922602417,0.5278473586035246,0.1528252889905826,-0.19562151313126247,0.27797081210269026,-0.0002885633182322801,-0.002277137368396011,0.0007753703464909474,-0.001341511448537246,-3.500067911469595e-06,0.12935132460162913,-0.16557404871430056,0.23527449536371706,-0.00024423999255180186,-0.20031620275315493,0.09047968640192745,-0.2175177246141165,-0.11452759306877798,0.03359546339982352,-0.21477579639730865,0.056802311606096015,-0.10693448873190571,-0.00810866878350939,-0.005305795367868466,-0.004826069180614353,-1.76014683384769e-05
173.27999999999997,0.92,0.025,0.009797958971132711,0.5248792922602417,0.5278473586035246,0.1524612331243262,-0.19549738010731196,0.2777563760956278,-0.00028911773063131714,-0.0022735616026350255,0.0007762917477201931,-0.0013394421582500727,-3.494922731326441e-06,0.1290431877164297,-0.16546898252282885,0.23509299672733938,-0.00024470924720634683,-0.19997969840060262,0.09053217754438708,-0.21735024491936192,-0.11443863494188301,0.03337155494203814,-0.21452837124540677,0.05671471391517142,-0.10676953088612705,-0.008108743658592226,-0.005305915326269877,-0.004822344991478785,-1.7602289604688743e-05
173.44000000000005,0.92,0.025,0.009797958971132711,0.5248792922602417,0.5278473586035246,0.15209774907207163,-0.19537309999741478,0.2775422725060181,-0.00028967098083619727,-0.0022699896931416227,0.0007772089222705253,-0.001337373476260554,-3.4897702670563216e-06,0.12873553481460143,-0.16536379183781189,0.23491177944909372,-0.00024517751817975736,-0.19964358182719938,0.09058431806365475,-0.21718302472567574,-0.11434981495413572,0.03314814665341337,-0.21428107714373187,0.056627141272685255,-0.10660462190271568,-0.008108818523899245,-0.005306035723630051,-0.004818611468087199,-1.760302001267123e-05
173.60000000000002,0.92,0.025,0.009797958971132711,0.5248792922602417,0.5278473586035246,0.1517348362169274,-0.1952486734771457,0.2773285012255154,-0.0002902230702251228,-0.002266421638523265,0.000778121878813449,-0.001335305416325979,-3.4846106188049077e-06,0.12842836537400737,-0.16525847723105613,0.23473084343727624,-0.00024564480663854393,-0.19930785282730287,0.09063610874324256,-0.2170160639488908,-0.11426113305973047,0.03292523778159194,-0.21403391434505548,0.056539594266277755,-0.10643976287558479,-0.008108893378654957,-0.005306156561077975,-0.004814868653734094,-1.7603659777659936e-05
173.76,0.92,0.025,0.009797958971132711,0.5248792922602417,0.5278473586035246,0.15137249394222527,-0.19512410122069296,0.2771150621434625,-0.0002907740002046773,-0.00226285743738187,0.0007790306260080415,-0.0013332379921404927,-3.479443886399316e-06,0.12812167887269948,-0.16515303927319452,0.23455018859822666,-0.0002461111137732389,-0.19897251119487544,0.09068755036548376,-0.21684936250304368,-0.11417258921188513,0.03270282757497814,-0.21378688310118338,0.05645207348090319,-0.10627495489362054,-0.008108968222079887,-0.005306277839744291,-0.004811116591720925,-1.7604209116210214e-05
173.91999999999996,0.92,0.025,0.009797958971132711,0.5248792922602417,0.5278473586035246,0.15101072163152118,-0.19499938390086047,0.27690195514690413,-0.00029132377220936374,-0.002259297088313824,0.0007799351725009653,-0.001331171217335075,-3.474270169346968e-06,0.12781547478891953,-0.1650474785336883,0.23436981483633967,-0.0002465764407980055,-0.19863755672348535,0.09073864371153391,-0.2166829203003852,-0.11408418336284701,0.03248091528273738,-0.2135399836629575,0.05636457949882896,-0.10611019904068074,-0.008109043053390554,-0.005306399560761261,-0.004807355325355116,-1.7604668246181195e-05
174.08000000000004,0.92,0.025,0.009797958971132711,0.5248792922602417,0.5278473586035246,0.150649518668596,-0.19487452218906953,0.27668918012059723,-0.00029187238770137473,-0.002255740589910006,0.0007808355269264775,-0.0013291051054775244,-3.4690895668337375e-06,0.12750975260109965,-0.16494179558082847,0.2341897220540735,-0.00024704078895044357,-0.19830298920630832,0.09078938956137207,-0.21651673725138837,-0.11399591546389733,0.032259500154796346,-0.21329321628025782,0.0562771128996347,-0.10594549639559342,-0.008109117871799472,-0.005306521725262804,-0.004803584897949127,-1.760503738672143e-05
174.24,0.92,0.025,0.009797958971132711,0.5248792922602417,0.5278473586035246,0.1502888844374565,-0.19474951675536098,0.276476736947025,-0.0002924198481701809,-0.0022521879407557967,0.0007817316979064426,-0.0013270396700724525,-3.4639021777226175e-06,0.12720451178786318,-0.16483599098173754,0.234009910151962,-0.00024750415949124113,-0.1979688084361293,0.09083978869380212,-0.21635081326475922,-0.11390778546535738,0.03203858144184248,-0.21304658120200418,0.056189674260212,-0.10578084803215655,-0.008109192676515121,-0.005306644334384458,-0.004799805352819498,-1.760531675825282e-05
174.39999999999998,0.92,0.025,0.009797958971132711,0.5248792922602417,0.5278473586035246,0.1499288183223364,-0.19462436826839727,0.2762646255064067,-0.00029296615513223564,-0.0022486391394311053,0.000782623694050343,-0.0013249749245612483,-3.4587081005521107e-06,0.12689975182802554,-0.16473006530237147,0.23383037902862264,-0.00024796655370392425,-0.19763501420534352,0.09088984188645377,-0.2161851482474442,-0.11381979331659257,0.03181815839532418,-0.21280007867615822,0.05610226415476273,-0.10561625501913519,-0.008109267466741933,-0.005306767389263401,-0.0047960167332858515,-1.760550658245581e-05
174.56000000000006,0.92,0.025,0.009797958971132711,0.5248792922602417,0.5278473586035246,0.14956931970769688,-0.19449907739546418,0.2760528456767106,-0.00029351131013049137,-0.0022450941845103796,0.0007835115239552904,-0.0013229108823220787,-3.4535074335349727e-06,0.12659547220059464,-0.1646240191075209,0.2336511285807679,-0.0002484279728944479,-0.19730160630595847,0.09093954991578387,-0.21601974210464048,-0.11373193896601858,0.03159823026745038,-0.21255370894972533,0.056014883154798974,-0.10545171842026164,-0.008109342241680294,-0.005306890891038435,-0.004792219082669961,-1.7605607082252217e-05
174.72000000000003,0.92,0.025,0.009797958971132711,0.5248792922602417,0.5278473586035246,0.14921038797822772,-0.19437364480247307,0.2758413973336667,-0.0002940553147342028,-0.0022415530745626276,0.0007843951962060375,-0.0013208475566698782,-3.448300274556505e-06,0.12629167238477196,-0.16451785296081323,0.2334721587032155,-0.00024888841839102924,-0.196968584529595,0.09098891355707768,-0.21585459473980517,-0.11364422236110622,0.03137879631119039,-0.21230747226875635,0.055927531829142445,-0.10528723929423468,-0.008109417000526517,-0.005307014840849996,-0.004788412444294794,-1.7605618481791462e-05
174.88,0.92,0.025,0.009797958971132711,0.5248792922602417,0.5278473586035246,0.14885202251884808,-0.19424807115396253,0.2756302803507767,-0.00029459817053852924,-0.002238015808151431,0.0007852747193749889,-0.0013187849608563295,-3.443086721173463e-06,0.12598835185995302,-0.16441156742471388,0.2332934692888974,-0.00024934789154381113,-0.19663594866748896,0.09103793358444973,-0.21568970605466373,-0.11355664344838635,0.031159855780273787,-0.2120613688783494,0.055840210743923605,-0.10512281869471805,-0.008109491742472833,-0.005307139239840131,-0.004784596861483552,-1.7605541006435477e-05
175.03999999999996,0.92,0.025,0.009797958971132711,0.5248792922602417,0.5278473586035246,0.14849422271470739,-0.19412235711310077,0.275419494599328,-0.00029513987916412923,-0.0022344823838349676,0.0007861501020222122,-0.0013167231080698572,-3.4378668706123413e-06,0.12568551010572834,-0.1643051630605285,0.23311506022887124,-0.000249806393724519,-0.19630369851049284,0.09108661077084546,-0.2155250759492201,-0.11346920217345575,0.0309414079291903,-0.21181539902265192,0.05575292046258127,-0.10495845767034,-0.008109566466707371,-0.005307264089152519,-0.004780772377558688,-1.7605374882740964e-05
175.20000000000005,0.92,0.025,0.009797958971132711,0.5248792922602417,0.5278473586035246,0.14813698795118624,-0.19399650334168728,0.2752090399484046,-0.000295680442256892,-0.002230952800166025,0.00078702135269545,-0.0013146620114356195,-3.4326408197683147e-06,0.12538314660188404,-0.16419864042840412,0.23293693141232968,-0.0002502639263262334,-0.19597183384907715,0.09113494588804201,-0.2153607043217655,-0.1133818984809817,0.030723452013189514,-0.21156956294486265,0.055665661545862125,-0.10479415726469271,-0.008109641172414153,-0.005307389389932448,-0.0047769390358409726,-1.7605120338446468e-05
175.36,0.92,0.025,0.009797958971132711,0.5248792922602417,0.5278473586035246,0.14778031761389707,-0.19387051050015483,0.27499891626489964,-0.0002962198614875695,-0.0022274270556920193,0.0007878884799301302,-0.0013126016840155105,-3.4274086652036153e-06,0.12508126082840249,-0.16409200008733105,0.23275908272661106,-0.00025072049076307884,-0.19564035447333167,0.09118293970664973,-0.2151965910688878,-0.1132947323147077,0.030505987288280762,-0.21132386088723298,0.055578434551820745,-0.10462991851633255,-0.008109715858773077,-0.005307515143326834,-0.004773096879648558,-1.7604777602455577e-05
175.51999999999998,0.92,0.025,0.009797958971132711,0.5248792922602417,0.5278473586035246,0.14742421108868534,-0.1937443792475717,0.27478912341352735,-0.0002967581385513487,-0.0022239051489550106,0.0007887514922493784,-0.0013105421388081425,-3.422170503146411e-06,0.12477985226546327,-0.16398524259514471,0.23258151405720956,-0.00025117608846986157,-0.19530926017296743,0.09123059299611319,-0.2150327360854811,-0.11320770361745866,0.030289013011232897,-0.2110782930910693,0.05549124003581874,-0.10446574245877865,-0.008109790524959899,-0.005307641350484189,-0.004769245952295976,-1.7604346904820685e-05
175.68000000000006,0.92,0.025,0.009797958971132711,0.5248792922602417,0.5278473586035246,0.14706866776163005,-0.19361811024164322,0.2745796612568339,-0.0002972952751676347,-0.0022203870784917234,0.000789610398164028,-0.001308483388748844,-3.416926429489362e-06,0.12447892039344369,-0.16387836850852683,0.23240422528778423,-0.000251630720901886,-0.19497855073731762,0.09127790652471238,-0.21486913926475376,-0.11312081233114553,0.030072528439574184,-0.2108328597967347,0.05540407855052452,-0.10430163012051291,-0.008109865170146226,-0.005307768012554647,-0.0047653862970932145,-1.76038284767294e-05
175.84000000000003,0.92,0.025,0.009797958971132711,0.5248792922602417,0.5278473586035246,0.1467136870190449,-0.19349170413871414,0.2743705296552124,-0.00029783127307960724,-0.002216872842833561,0.0007904652061726325,-0.0013064254467096703,-3.4116765397883636e-06,0.12417846469291963,-0.16377137838300765,0.2322272163001718,-0.0002520843895345796,-0.1946482259553396,0.09132488105956392,-0.21470580049823998,-0.11303405839677166,0.029856532831592085,-0.2105875612436507,0.055316950645913736,-0.10413758252498079,-0.008109939793499494,-0.005307895130689937,-0.004761517957344763,-1.7603222550487246e-05
176.0,0.92,0.025,0.009797958971132711,0.5248792922602417,0.5278473586035246,0.14635926824747886,-0.19336516159377026,0.27416172846691156,-0.00029836613405391526,-0.002213362440506624,0.0007913159247614763,-0.0013043683254993863,-3.4064209292613e-06,0.12387848464466611,-0.16366427277296716,0.23205048697439395,-0.0002525370958632339,-0.19431828561561598,0.09137151736662229,-0.21454271967580654,-0.112947441754437,0.029641025446333045,-0.2103423976702992,0.05522985686926836,-0.10397360069059002,-0.008110014394182965,-0.005308022706043407,-0.0047576409763486534,-1.7602529359503157e-05
176.15999999999997,0.92,0.025,0.009797958971132711,0.5248792922602417,0.5278473586035246,0.14600541083371724,-0.1932384832604408,0.27395325754804983,-0.00029889985988036855,-0.002209855870031727,0.0007921625624045861,-0.0013023120378634777,-3.401159692786809e-06,0.12357897972965827,-0.1635570522316371,0.2318740371886694,-0.00025298884140274397,-0.1939887295063564,0.09141781621068103,-0.21437989668566396,-0.11286096234334386,0.029426005543602335,-0.2100973693142244,0.05514279776517706,-0.10380968563071157,-0.008110088971355697,-0.005308150739769988,-0.0047537553973955185,-1.760174913827449e-05
176.32000000000005,0.92,0.025,0.009797958971132711,0.5248792922602417,0.5278473586035246,0.1456521141647823,-0.19311166979099986,0.27374511675262747,-0.0002994324523714853,-0.0022063531299244144,0.0007930051275637421,-0.0013002565964841519,-3.395892924903045e-06,0.12327994942907174,-0.1634497173111023,0.2316978668194239,-0.00025343962768722516,-0.19365955741539853,0.09146377835537386,-0.2142173314143752,-0.11277462010180231,0.02921147238396384,-0.20985247641203444,0.055055773875535265,-0.10364583835367978,-0.008110163524172544,-0.0053082792330262215,-0.004749861263767636,-1.7600882122369637e-05
176.48000000000002,0.92,0.025,0.009797958971132711,0.5248792922602417,0.5278473586035246,0.14529937762793443,-0.19298472183636878,0.2735373059325376,-0.00029996391336225127,-0.0022028542186949816,0.0007938436286884889,-0.0012982020139803393,-3.3906207198063145e-06,0.12298139322428371,-0.16334226856230255,0.23152197574129985,-0.0002538894562698095,-0.1933307691302103,0.09150940456317583,-0.21405502374686475,-0.11268841496723503,0.028997425228740013,-0.2096077191994034,0.05496878573954492,-0.10348205986279252,-0.008110238051784143,-0.0053084081869702385,-0.0047459586187379894,-1.7599928548413793e-05
176.64,0.92,0.025,0.009797958971132711,0.5248792922602417,0.5278473586035246,0.14494720061067268,-0.19285764004611794,0.2733298249375791,-0.00030049424470978385,-0.0021993591348484867,0.0007946780742161477,-0.001296148302907699,-3.3853431713502837e-06,0.12268331059687336,-0.16323470653503422,0.23134636382716697,-0.0002543383287223611,-0.19300236443789062,0.09155469559540472,-0.21389297356642814,-0.11260234687618283,0.028783863340011463,-0.2093630979110732,0.05488183389371481,-0.1033183511563116,-0.008110312553336881,-0.005308537602761758,-0.004742047505569317,-1.759888865407494e-05
176.80000000000007,0.92,0.025,0.009797958971132711,0.5248792922602417,0.5278473586035246,0.1445955825007357,-0.19273042506846869,0.2731226736154685,-0.0003010234482928463,-0.002195867876884771,0.0007955084725718272,-0.001294095475758625,-3.380060373044377e-06,0.1223857010286227,-0.1631270317779519,0.23117103094813254,-0.00025478624663506514,-0.19267434312517104,0.09159965221222197,-0.2137311807547415,-0.11251641576430993,0.02857078598061689,-0.20911861278085506,0.054794918871860665,-0.10315471322746349,-0.0081103870279729,-0.005308667481562092,-0.004738127967513165,-1.7597762678044293e-05
176.96000000000004,0.92,0.025,0.009797958971132711,0.5248792922602417,0.5278473586035246,0.14424452268610263,-0.19260307755029538,0.2729158518118523,-0.00030155152601170674,-0.002192380443298476,0.0007963348321684346,-0.0012920435449622607,-3.374772418052862e-06,0.12208856400151727,-0.16301924483857003,0.2309959769735518,-0.00025523321161630857,-0.19234670497841763,0.09164427517263406,-0.21356964519187074,-0.11243062156640922,0.028358192414152925,-0.20887426404163195,0.05470804120510563,-0.1029911470644403,-0.00811046147483008,-0.005308797824534134,-0.004734200047808969,-1.759655086002517e-05
177.12,0.92,0.025,0.009797958971132711,0.5248792922602417,0.5278473586035246,0.14389402055499384,-0.19247559813712717,0.272709359370319,-0.0003020784797876514,-0.0021888968325790583,0.0007971571614066869,-0.0012899925228844992,-3.369479399193674e-06,0.1217918989977468,-0.16291134626326445,0.230821201771038,-0.00025567922529226816,-0.1920194497836318,0.0916885652344935,-0.21340836675628083,-0.11234496421640743,0.028146081904973905,-0.20863005192535983,0.054621201421880254,-0.10282765365040007,-0.008110535893042019,-0.005308928632842364,-0.0047302637896830734,-1.7595253440714718e-05
177.27999999999997,0.92,0.025,0.009797958971132711,0.5248792922602417,0.5278473586035246,0.1435440754958718,-0.19234798747315016,0.2725031961324108,-0.00030260431156271285,-0.002185417043210807,0.0007979754686751228,-0.0012879424218279981,-3.3641814089373248e-06,0.12149570549970591,-0.1628033365972743,0.2306467052064725,-0.00025612428930668016,-0.19169257732645217,0.0917325231545003,-0.2132473453248451,-0.11225944364737045,0.027934453718191577,-0.20838597666306974,0.054534400047923016,-0.10266423396346787,-0.008110610281738019,-0.005309059907652833,-0.00472631923634783,-1.759387066178977e-05
177.44000000000005,0.92,0.025,0.009797958971132711,0.5248792922602417,0.5278473586035246,0.14319468689744194,-0.1922202462012093,0.27229736193763604,-0.0003031290232993294,-0.002181941073672863,0.0007987897623501127,-0.0012858932540321933,-3.358878539405866e-06,0.12119998298999486,-0.16269521638470358,0.23047248714401516,-0.0002565684053205524,-0.19136608739215594,0.091776149688203,-0.21308658077285444,-0.11217405979150849,0.02772330711967514,-0.20814203848486967,0.054447637606280797,-0.10250088897673698,-0.008110684640043072,-0.005309191650133176,-0.004722366431000645,-1.7592402765891518e-05
177.60000000000002,0.92,0.025,0.009797958971132711,0.5248792922602417,0.5278473586035246,0.14284585414865344,-0.19209237496281029,0.27209185662348223,-0.00030365261697997,-0.0021784689224392324,0.0007996000507958719,-0.001283845031673316,-3.353570882371587e-06,0.12090473095142028,-0.16258698616852263,0.23029854744611536,-0.00025701157501184665,-0.19103997976566023,0.09181944558999966,-0.2129260729740277,-0.11208881258018188,0.027512641376050757,-0.20789823761994627,0.054360914617309505,-0.10233761965827029,-0.008110758967077851,-0.00530932386145259,-0.004718405416823051,-1.759084999660846e-05
177.76,0.92,0.025,0.009797958971132711,0.5248792922602417,0.5278473586035246,0.14249757663870005,-0.19196437439812133,0.2718866800254269,-0.0003041750946068578,-0.0021750005879788053,0.0008004063423644699,-0.0012817977668644022,-3.348258529256407e-06,0.12060994886699573,-0.1624786464905699,0.23012488597352132,-0.00025745380007524444,-0.19071425423152372,0.09186241161313942,-0.2127658218005198,-0.11200370194390573,0.027302455754701617,-0.20765457429656672,0.05427423159867444,-0.10217442697110111,-0.00811083326195869,-0.005309456542781847,-0.00471443623697977,-1.7589212598463777e-05
177.91999999999996,0.92,0.025,0.009797958971132711,0.5248792922602417,0.5278473586035246,0.14214985375702083,-0.19183624514597553,0.27168183197694995,-0.000304696458201558,-0.002171536068755373,0.0008012086453958432,-0.0012797514716553092,-3.342941571130367e-06,0.12031563621994243,-0.16237019789155369,0.22995150258529046,-0.0002578950822217987,-0.1903889105739477,0.09190504850972345,-0.21260582712293138,-0.11191872781235536,0.027092749523767622,-0.20741104874208058,0.054187589065350865,-0.10201131187323453,-0.008110907523797572,-0.005309589695293285,-0.004710458934617774,-1.758749081689673e-05
178.08000000000004,0.92,0.025,0.009797958971132711,0.5248792922602417,0.5278473586035246,0.14180268489330106,-0.19170798784387239,0.2714773123095465,-0.00030521670980472755,-0.0021680753632276426,0.0008020069682178055,-0.001277706158032739,-3.337620098710997e-06,0.12002179249369002,-0.1622616409110536,0.2297783971388002,-0.0002583354231787214,-0.19006394857677794,0.09194735703070624,-0.2124460888103186,-0.11183389011437175,0.02688352195214512,-0.20716766118292143,0.05410098752962489,-0.10184827531764933,-0.008110981751702115,-0.005309723320160801,-0.004706473552865376,-1.7585684898250156e-05
178.24,0.92,0.025,0.009797958971132711,0.5248792922602417,0.5278473586035246,0.1414560694374732,-0.19157960312798009,0.2712731208527385,-0.0003057358514757185,-0.0021646184698492564,0.0008028013191460595,-0.0012756618379202607,-3.332294202362113e-06,0.11972841717187731,-0.16215297608752235,0.2296055694897579,-0.00025877482468904814,-0.18973936802350608,0.0919893379258967,-0.2122866067302022,-0.11174918877796673,0.02667477230948688,-0.206924411844609,0.05401442750109443,-0.10168531825229973,-0.008111055944775552,-0.0053098574185598485,-0.004702480134831312,-1.758379508975322e-05
178.39999999999998,0.92,0.025,0.009797958971132711,0.5248792922602417,0.5278473586035246,0.14111000677971733,-0.19145109163313703,0.2710692574340878,-0.0003062538852922942,-0.0021611653870688063,0.0008035917064842086,-0.001273618523178325,-3.3269639720929333e-06,0.11943550973835275,-0.1620442039582872,0.2294330194922119,-0.0002592132885113978,-0.18941516869727068,0.09203099194395933,-0.21212738074857745,-0.11166462373032848,0.026466499866201698,-0.20668130095175055,0.05392790948666962,-0.10152244162011677,-0.008111130102116726,-0.005309991991667436,-0.004698478723603781,-1.758182163950712e-05
178.56000000000006,0.92,0.025,0.009797958971132711,0.5248792922602417,0.5278473586035246,0.14076449631046217,-0.19132245399285427,0.270865721879206,-0.00030677081335023037,-0.0021577161133298525,0.0008043781385237669,-0.0012715762256042874,-3.3216294975571603e-06,0.1191430696771752,-0.16193532505955185,0.22926074699855997,-0.000259650816419635,-0.1890913503808591,0.0920723198324156,-0.211968410729922,-0.11158019489782613,0.026258703893454385,-0.20643832872804327,0.053841433990573825,-0.10135964635901004,-0.008111204222820065,-0.005310127040662133,-0.004694469362249558,-1.7579764796468877e-05
178.72000000000003,0.92,0.025,0.009797958971132711,0.5248792922602417,0.5278473586035246,0.140419537420386,-0.19119369083931703,0.2706625140117692,-0.0003072866377630986,-0.002154270647070937,0.0008051606235441722,-0.0012695349569324397,-3.316290868051876e-06,0.1188510964726147,-0.16182633992639794,0.22908875185956148,-0.0002600874102026867,-0.18876791285670858,0.09211332233764488,-0.21180969653720694,-0.1114959022060157,0.026051383663165322,-0.20619549539627532,0.05375500151434479,-0.10119693340187028,-0.008111278305975576,-0.005310262566724041,-0.004690452093813068,-1.7577624810437192e-05
178.88,0.92,0.025,0.009797958971132711,0.5248792922602417,0.5278473586035246,0.1400751295004173,-0.19106480280338684,0.27045963365352943,-0.00030780136066182594,-0.002150828986725605,0.0008059391698127959,-0.0012674947288340312,-3.3109481725170803e-06,0.11855958960915322,-0.16171724909278662,0.2289170339243473,-0.00026052307166416947,-0.18844485590690793,0.09215400020488577,-0.2116512380319057,-0.11141174557964545,0.02584453844801054,-0.2059528011783284,0.053668612556835575,-0.10103430367657112,-0.008111352350668833,-0.005310398571034815,-0.004686426961315459,-1.7575401932036943e-05
179.03999999999996,0.92,0.025,0.009797958971132711,0.5248792922602417,0.5278473586035246,0.13973127194173546,-0.19093579051460335,0.27025708062432546,-0.000308314984194456,-0.0021473911307224166,0.0008067137855849543,-0.0012654555529172935,-3.3056014995341625e-06,0.1182685485714849,-0.1616080530915603,0.22874559304042907,-0.00026095780262218755,-0.18812217931319875,0.09219435417823733,-0.2114930350740025,-0.11132772494266037,0.025638167521421312,-0.205710246295179,0.05358226761421544,-0.10087175810597113,-0.008111426355980942,-0.005310535054777653,-0.004682394007753702,-1.757309641270315e-05
179.20000000000005,0.92,0.025,0.009797958971132711,0.5248792922602417,0.5278473586035246,0.1393879641357718,-0.1908066546011864,0.27005485474209673,-0.0003088275105257203,-0.002143957077484966,0.0008074844791039214,-0.0012634174407274747,-3.300250937325615e-06,0.11797797284451726,-0.16149875245444417,0.22857442905371067,-0.0002613916049089697,-0.18779988285697696,0.09223438500066007,-0.211335087522003,-0.11124384021820824,0.025432270157583942,-0.20546783096690047,0.053495967179971224,-0.1007092976079165,-0.00811150032098855,-0.005310672019137279,-0.004678353276099671,-1.757070850466609e-05
179.36,0.92,0.025,0.009797958971132711,0.5248792922602417,0.5278473586035246,0.1390452054742103,-0.19067739569003783,0.2698529558228947,-0.00030933894183682423,-0.0021405268254318984,0.0008082512586009381,-0.0012613804037468705,-3.2948965737539137e-06,0.11768786191337159,-0.16138934771204802,0.2284035418084981,-0.000261824480370688,-0.18747796631929417,0.09227409341397734,-0.21117739523294302,-0.11116009132864471,0.02522684563143975,-0.20522555541266463,0.05340971174490864,-0.10054692309524364,-0.008111574244763829,-0.005310809465299965,-0.004674304809299251,-1.7568238460937037e-05
179.51999999999998,0.92,0.025,0.009797958971132711,0.5248792922602417,0.5278473586035246,0.13870299534898825,-0.19054801440674346,0.26965138368089453,-0.000309849280325071,-0.0021371003729769235,0.0008090141322952251,-0.0012593444533948487,-3.2895384963206887e-06,0.11739821526338366,-0.16127983939386767,0.22823293114750914,-0.0002622564308671401,-0.18715642948085914,0.0923134801588763,-0.21101995806239776,-0.11107647819553812,0.025021893218684588,-0.2049834198507438,0.05332350179715324,-0.10038463547578114,-0.008111648126374434,-0.005310947394453494,-0.004670248650271415,-1.7565686535292275e-05
179.68000000000006,0.92,0.025,0.009797958971132711,0.5248792922602417,0.5278473586035246,0.13836133315229718,-0.19041851137557503,0.26945013812840796,-0.0003103585282035386,-0.002133677718528836,0.0008097731083939934,-0.0012573096010278899,-3.2841767921658752e-06,0.11710903238010434,-0.1611702280282867,0.22806259691188452,-0.0002626874582714751,-0.18683527212203913,0.0923525459749095,-0.21086277586449134,-0.11099300073967525,0.024817412195768822,-0.20474142449851243,0.05323733782215195,-0.10022243565235302,-0.00811172196488352,-0.005311085807787191,-0.004666184841907337,-1.756305298225775e-05
179.84000000000003,0.92,0.025,0.009797958971132711,0.5248792922602417,0.5278473586035246,0.13802021827658364,-0.19028888721949197,0.2692492189758957,-0.0003108666877007868,-0.0021302588604915286,0.0008105281950924555,-0.0012552758579396231,-3.27881154806726e-06,0.11682031274930041,-0.16106051414257802,0.22789253894119815,-0.000263117564469946,-0.18651449402286133,0.09239129160049546,-0.21070584849190677,-0.11090965888106663,0.024613401839897096,-0.20449956957244877,0.05315122030267469,-0.10006032452278167,-0.008111795759349715,-0.005311224706491895,-0.004662113427069489,-1.7560338057095702e-05
180.0,0.92,0.025,0.009797958971132711,0.5248792922602417,0.5278473586035246,0.13767965011454988,-0.19015914256014357,0.26904862603197854,-0.0003113737610604755,-0.0021268437972640107,0.0008112794005738369,-0.0012532432353608554,-3.273442850439155e-06,0.11653205585695503,-0.16095069826290553,0.22772275707346665,-0.0002635467513615865,-0.18619409496301426,0.09242971777292044,-0.21054917579589416,-0.1108264525389514,0.024409861429028092,-0.20425785528813703,0.0530651497188154,-0.09989830297989023,-0.008111869508827092,-0.005311364091759967,-0.0046580344485907385,-1.755754201578657e-05
180.15999999999997,0.92,0.025,0.009797958971132711,0.5248792922602417,0.5278473586035246,0.1373396280591548,-0.19002927801787067,0.26884835910344973,-0.0003118797505411594,-0.002123432527240423,0.0008120267330093881,-0.001251211744459616,-3.268070785332265e-06,0.11624426118926864,-0.16084078091432574,0.22755325114515987,-0.0002639750208580373,-0.18587407472184925,0.0924678252283392,-0.21039275762628062,-0.11074338163180263,0.024206790241874204,-0.20401628186026874,0.05297912654799394,-0.09973637191150608,-0.008111943212365188,-0.005311503964785271,-0.004653947949273477,-1.755466511501821e-05
180.32000000000005,0.92,0.025,0.009797958971132711,0.5248792922602417,0.5278473586035246,0.13700015150361455,-0.18989929421170776,0.2686484179952881,-0.0003123846584158387,-0.002120025048810055,0.000812770200558394,-0.0012491813963411873,-3.262695438432394e-06,0.11595692823265936,-0.16073076262078945,0.22738402099121185,-0.00026440237488316586,-0.18555443307838163,0.09250561470177647,-0.21023659383148013,-0.11066044607733301,0.02400418755790156,-0.20377484950264477,0.052893151264957285,-0.0995745322004634,-0.008112016869008948,-0.0053116443267631945,-0.004649853971888679,-1.7551707612166438e-05
180.48000000000002,0.92,0.025,0.009797958971132711,0.5248792922602417,0.5278473586035246,0.13666121984140334,-0.18976919175938467,0.26844880251066877,-0.0003128884869717702,-0.002116621360357361,0.0008135098113681873,-0.0012471522020481608,-3.257316895060088e-06,0.11567005647376379,-0.1606206439051432,0.22721506644503006,-0.0002648288153729063,-0.1852351698112923,0.09254308692712794,-0.2100806842585018,-0.11057764579249946,0.023802052657329594,-0.20353355842817708,0.05280722434178184,-0.09941278472460771,-0.008112090477798739,-0.005311785178890627,-0.004645752559175097,-1.7548669765283794e-05
180.64,0.92,0.025,0.009797958971132711,0.5248792922602417,0.5278473586035246,0.13632283246625435,-0.18963897127732868,0.26824951245097667,-0.0003133912385100579,-0.0021132214602619754,0.0008142455735741584,-0.0012451241725604685,-3.2519352401699623e-06,0.11538364539943768,-0.160510425289131,0.22704638733850666,-0.000265254344274913,-0.18491628469892912,0.09258024263716146,-0.20992502875296049,-0.11049498069350908,0.02360038482113085,-0.20329240884889047,0.05272134624787473,-0.09925113035679832,-0.008112164037770327,-0.005311926522365954,-0.0046416437538383155,-1.7545551833082893e-05
180.80000000000007,0.92,0.025,0.009797958971132711,0.5248792922602417,0.5278473586035246,0.13598498877216034,-0.18950863338066645,0.2680505476158168,-0.0003138929153454023,-0.002109825346898731,0.0008149774952997674,-0.001243097318795421,-3.246550558349789e-06,0.11509769449675651,-0.1604001072933961,0.22687798350202737,-0.0002656789635483485,-0.18459777751930828,0.09261708256351842,-0.20976962715908448,-0.1104124506958235,0.02339918333103094,-0.20305140097592433,0.05263551744997533,-0.09908956996491139,-0.008112237547954853,-0.005312068358389069,-0.004637527598549876,-1.75423540749219e-05
180.96000000000004,0.92,0.025,0.009797958971132711,0.5248792922602417,0.5278473586035246,0.1356476881533745,-0.18937817868322568,0.26785190780302814,-0.0003143935198057652,-0.0021064330186376734,0.0008157055846565543,-0.0012410716516077708,-3.241162933819911e-06,0.11481220325301618,-0.16028969043748223,0.22670985476448302,-0.00026610267516359966,-0.18427964805011554,0.09265360743671462,-0.20961447931972646,-0.11033005571416497,0.023198447469508117,-0.2028105350195344,0.052549738412157876,-0.09892810441184519,-0.008112311007378838,-0.00531221068816135,-0.004633404135946447,-1.7539076750789503e-05
181.12,0.92,0.025,0.009797958971132711,0.5248792922602417,0.5278473586035246,0.13531093000441122,-0.18924760779753727,0.2676535928086949,-0.00031489305423205896,-0.0021030444738440774,0.0008164298497441518,-0.0012390471817897474,-3.2357724504327913e-06,0.11452717115573366,-0.16017917523983555,0.22654200095327937,-0.0002665254811020147,-0.18396189606870791,0.09268981798614176,-0.209459585076372,-0.11024779566252116,0.022998176519793127,-0.20256981118909465,0.05246400959583287,-0.0987667345555226,-0.008112384415064145,-0.005312353512885671,-0.004629273408628906,-1.7535720121290785e-05
181.27999999999997,0.92,0.025,0.009797958971132711,0.5248792922602417,0.5278473586035246,0.13497471372004677,-0.18911692133483712,0.26745560242715816,-0.0003153915209778577,-0.002099659710878464,0.0008171502986502951,-0.0012370239200711008,-3.230379191672403e-06,0.1142425976926476,-0.16006856221780616,0.22637442189434667,-0.00026694738335565876,-0.1836445213521148,0.09272571494006833,-0.20930494426914867,-0.11016567045415018,0.02279836976586905,-0.20232922969309888,0.05237833145974897,-0.09860546124889494,-0.008112457770027972,-0.005312496833766388,-0.004625135459161473,-1.7532284447632933e-05
181.44000000000005,0.92,0.025,0.009797958971132711,0.5248792922602417,0.5278473586035246,0.13463903869532018,-0.18898611990506806,0.26725793645102885,-0.00031588892240910933,-0.002096278728096615,0.0008178669394508347,-0.0012350018771191617,-3.2249832406531185e-06,0.113958482351719,-0.1599578518876496,0.22620711741215083,-0.0002673683839270701,-0.18332752367703928,0.09276129902564101,-0.20915055673683586,-0.11008368000158632,0.022599026492470933,-0.20208879073916253,0.05229270445999532,-0.09844428533994663,-0.008112531071282852,-0.005312640652009339,-0.004620990330070865,-1.752876999160892e-05
181.60000000000002,0.92,0.025,0.009797958971132711,0.5248792922602417,0.5278473586035246,0.13430390432553388,-0.18885520411688164,0.2670605946711996,-0.00031638526090372373,-0.002092901523849591,0.0008185797802097459,-0.0012329810635388942,-3.2195846801199085e-06,0.11367482462113188,-0.15984704476452863,0.22604008732970335,-0.0002677884848289118,-0.1830109028198599,0.0927965709688857,-0.20899642231687426,-0.11000182421664509,0.022400145985085673,-0.20184849453402454,0.05220712905000387,-0.09828320767169944,-0.008112604317836614,-0.005312784968821842,-0.004616838063845436,-1.7525177015583953e-05
181.76,0.92,0.025,0.009797958971132711,0.5248792922602417,0.5278473586035246,0.13396931000625453,-0.1887241745776403,0.26686357687685525,-0.0003168805388514745,-0.0020895280964837474,0.0008192888289791415,-0.0012309614898729352,-3.21418359244722e-06,0.11339162398929384,-0.15973614136251474,0.2258733314685703,-0.00026820768808388806,-0.18269465855663172,0.09283153149470895,-0.20884254084537368,-0.10992010301042772,0.022201727529951826,-0.20160834128354913,0.05212160568055088,-0.09812222908221568,-0.008112677508692382,-0.005312929785412686,-0.004612678702934303,-1.7521505782482425e-05
181.91999999999996,0.92,0.025,0.009797958971132711,0.5248792922602417,0.5278473586035246,0.13363525513331373,-0.18859303189341886,0.2666668828554874,-0.0003173747586534879,-0.0020861584443407468,0.0008199940937992827,-0.001228943166601663,-3.2087800596385716e-06,0.11310887994483675,-0.15962514219458973,0.22570684964888454,-0.0002686259957243122,-0.1823787906630876,0.09286618132689871,-0.2086889121571243,-0.10983851629332754,0.022003770414059196,-0.2013683311927273,0.05203613479975985,-0.09796135040460366,-0.00811275064284856,-0.005313075102992129,-0.0046085122897465,-1.751775655577013e-05
182.08000000000004,0.92,0.025,0.009797958971132711,0.5248792922602417,0.5278473586035246,0.13330173910280885,-0.18846177666900688,0.26647051239290426,-0.00031786792272208,-0.00208279256575758,0.0008206955826985894,-0.0012269261041432408,-3.2033741633262386e-06,0.11282659197661742,-0.15951404777264744,0.22554064168935417,-0.00026904340979196854,-0.18206329891463993,0.09290052118812585,-0.2085355360856044,-0.1097570639750342,0.021806273925148834,-0.20112846446567875,0.05195071685310327,-0.09780057246702126,-0.008112823719298808,-0.005313220922771893,-0.004604338866650116,-1.751392959944307e-05
182.24,0.92,0.025,0.009797958971132711,0.5248792922602417,0.5278473586035246,0.1329687613111036,-0.1883304095079101,0.2662744652732442,-0.0003183600334804031,-0.002079430459066578,0.0008213933036936535,-0.0012249103128536872,-3.1979659847704425e-06,0.1125447595737181,-0.15940285860749512,0.22537470740727392,-0.0002694599323378132,-0.18174818308638166,0.0929345517999453,-0.20838241246299086,-0.10967574596453951,0.021609237351712565,-0.20088874130565365,0.05186535228340555,-0.09763989609268148,-0.008112896737032032,-0.005313367245965156,-0.004600158475971471,-1.751002517801084e-05
182.39999999999998,0.92,0.025,0.009797958971132711,0.5248792922602417,0.5278473586035246,0.132636321154829,-0.18819893101235277,0.2660787412789864,-0.0003188510933621627,-0.0020760721225954308,0.0008220872647892479,-0.0012228958030269222,-3.19255560485901e-06,0.11226338222544728,-0.1592915752088554,0.2252090466185341,-0.00026987556542173454,-0.1814334429530879,0.0929682738827971,-0.20822954112016717,-0.10959456217014207,0.021412659982993028,-0.20064916191503449,0.05178004153084492,-0.09747932209985621,-0.008112969695032371,-0.005313514073786559,-0.004595971159994253,-1.7506043556483146e-05
182.56000000000006,0.92,0.025,0.009797958971132711,0.5248792922602417,0.5278473586035246,0.13230441803088397,-0.18806734178327916,0.2658833401909633,-0.00031934110481136754,-0.0020727175546672015,0.0008227774739783393,-0.0012208825848948324,-3.18714310410702e-06,0.11198245942134019,-0.15918019808536749,0.22504365913763136,-0.0002702903111123415,-0.181119078289217,0.09300168815600766,-0.20807692188673318,-0.10951351249945267,0.021216541108983192,-0.2004097264953375,0.05169478503295615,-0.09731885130188146,-0.008113042592279176,-0.005313661407452189,-0.0045917769609586856,-1.7501985000356596e-05
182.72000000000003,0.92,0.025,0.009797958971132711,0.5248792922602417,0.5278473586035246,0.1319730513364361,-0.18793564242035563,0.2656882617883732,-0.0003198300702819432,-0.002069366753600342,0.000823463939242099,-0.0012188706686273394,-3.181728562656199e-06,0.11170199065115953,-0.15906872774458902,0.22487854477767907,-0.0002707041714866367,-0.18080508886891222,0.09303479533779091,-0.20792455459101475,-0.10943259685939956,0.021020880020426225,-0.2001704352472147,0.051609583224633424,-0.09715848450716275,-0.008113115427747002,-0.005313809248179573,-0.004587575921060713,-1.749784977559833e-05
182.88,0.92,0.025,0.009797958971132711,0.5248792922602417,0.5278473586035246,0.1316422204689224,-0.18780383352197258,0.26549350584879133,-0.0003203179922375419,-0.002066019717708711,0.0008241466685499137,-0.001216860064332448,-3.1763120602744786e-06,0.11142197540489593,-0.1589571646929976,0.224713703350417,-0.00027111714862985547,-0.18049147446600297,0.09306759614524948,-0.20777243906007262,-0.10935181515623356,0.020825676008815387,-0.19993128837045548,0.051524436538132275,-0.09699822251917903,-0.008113188200405578,-0.005313957597187699,-0.004583368082451117,-1.7493638148633444e-05
183.03999999999996,0.92,0.025,0.009797958971132711,0.5248792922602417,0.5278473586035246,0.13131192482605003,-0.18767191568524613,0.26529907214818194,-0.0003208048731512,-0.0020626764453015875,0.0008248256698593975,-0.0012148507820563246,-3.1708936763556606e-06,0.11114241317276875,-0.15884550943599232,0.2245491346662212,-0.0002715292446351757,-0.18017823485400597,0.09310009129437591,-0.20762057511971105,-0.10927116729553295,0.020630928366393513,-0.19969228606398842,0.05143934540307288,-0.09683806613648904,-0.00811326090921982,-0.005314106455696971,-0.004579153487234756,-1.748935038633032e-05
183.20000000000005,0.92,0.025,0.009797958971132711,0.5248792922602417,0.5278473586035246,0.13098216380579703,-0.1875398895060203,0.2651049604609102,-0.000321290715505084,-0.002059336934683687,0.0008255009511164027,-0.0012128428317833538,-3.165473489919132e-06,0.1108633034452266,-0.15873376247789558,0.2243848385341144,-0.0002719404616035031,-0.17986536980612688,0.0931322815000538,-0.20746896259448777,-0.10919065318220875,0.02043663638615301,-0.19945342852588294,0.051354310246442436,-0.09667801615273565,-0.008113333553149773,-0.00531425582492924,-0.004574932177469691,-1.7484986755987488e-05
183.36,0.92,0.025,0.009797958971132711,0.5248792922602417,0.5278473586035246,0.13065293680641304,-0.18740775557886846,0.2649111705597545,-0.0003217755217901648,-0.0020560011841551785,0.0008261725202550315,-0.0012108362234362127,-3.160051579609158e-06,0.110584645712948,-0.15862192432195427,0.22422081476177622,-0.0002723508016431955,-0.17955287909526146,0.09316416747605889,-0.20731760130772303,-0.10911027272051008,0.020242799361835543,-0.19921471595335113,0.051269331492598255,-0.09651807335665202,-0.008113406131150639,-0.005314405706107776,-0.0045707041951664,-1.7480547525317662e-05
183.51999999999998,0.92,0.025,0.009797958971132711,0.5248792922602417,0.5278473586035246,0.13032424322642003,-0.1872755144970957,0.26471770221591784,-0.00032225929450598035,-0.0020526691920116974,0.0008268403851976462,-0.0012088309668759325,-3.1546280236948893e-06,0.11030643946684192,-0.1585099954703418,0.22405706315555288,-0.00027276026686986175,-0.17924076249399704,0.0931957499350605,-0.20716649108150856,-0.10903002581402896,0.020049416587931704,-0.19897614854274934,0.051184409563270285,-0.09635823853206633,-0.008113478642172725,-0.005314556100457277,-0.004566469582286934,-1.747603296243599e-05
183.68000000000006,0.92,0.025,0.009797958971132711,0.5248792922602417,0.5278473586035246,0.12999608246461314,-0.18714316685274035,0.2645245551990393,-0.00032274203616033237,-0.0020493409565443665,0.0008275045538548819,-0.0012068270719019778,-3.1492029000697407e-06,0.11002868419804857,-0.15839797642415945,0.22389358352046684,-0.0002731688594061053,-0.1789290197746138,0.09322702958862228,-0.20701563173671625,-0.10894991236570532,0.01985648735968097,-0.19873772648958013,0.05109954487756449,-0.09619851245790831,-0.00811355108516146,-0.005314707009203856,-0.0045622283807441565,-1.7471443335844804e-05
183.84000000000003,0.92,0.025,0.009797958971132711,0.5248792922602417,0.5278473586035246,0.12966845392006104,-0.18701071323657603,0.2643317292772071,-0.0003232237492690177,-0.002046016476039805,0.0008281650341256567,-0.0012048245482523079,-3.143776286251281e-06,0.10975137939793968,-0.15828586768343797,0.2237303756602281,-0.0002735765813812966,-0.17861765070908603,0.09325800714720393,-0.20686502309300853,-0.10886993227783268,0.019664010973071275,-0.19849944998849373,0.05101473785196536,-0.09603889590821403,-0.008113623459057352,-0.005314858433575047,-0.004557980632400868,-1.7466778914420612e-05
184.0,0.92,0.025,0.009797958971132711,0.5248792922602417,0.5278473586035246,0.1293413569921072,-0.18687815423811333,0.2641392242169689,-0.00032370443635554763,-0.002042695748780149,0.0008288218338971836,-0.0012028234056034592,-3.138348259380851e-06,0.10947452455811953,-0.15817366974713912,0.2235674393772425,-0.0002739834349313355,-0.17830665506908353,0.09328868332016177,-0.20671466496884605,-0.10879008545206237,0.01947198672483879,-0.19826131923328993,0.05092998890033938,-0.09587938965213252,-0.008113695762795988,-0.00531501037479978,-0.004553726379069082,-1.7462039967400215e-05
184.15999999999997,0.92,0.025,0.009797958971132711,0.5248792922602417,0.5278473586035246,0.12901479108037006,-0.18674549044560207,0.26394703978334466,-0.0003241840999508825,-0.0020393787730430654,0.000829474961044981,-0.0012008236535706114,-3.1329188962232254e-06,0.10919811917042523,-0.1580613831131576,0.22340477447262294,-0.000274389422198427,-0.17799603262597305,0.09331905881575048,-0.2065645571814978,-0.10871037178940945,0.019280413912467837,-0.19802333441691988,0.0508452984339378,-0.09571999445393108,-0.008113767995308012,-0.0053151628341084,-0.004549465662509159,-1.745722676436684e-05
184.32000000000005,0.92,0.025,0.009797958971132711,0.5248792922602417,0.5278473586035246,0.12868875558474416,-0.1866127224460327,0.263755175739838,-0.0003246627425931342,-0.0020360655471017668,0.0008301244234328847,-0.0011988253017076716,-3.1274882731662936e-06,0.10892216272692747,-0.1579490082783221,0.22324238074619887,-0.0002747945453308288,-0.17768578315081945,0.09334913434112382,-0.20641469954704972,-0.10863079119025719,0.019089291834190423,-0.19778549573148754,0.050760666861400135,-0.09556071107300193,-0.008113840155519107,-0.005315315812732646,-0.004545198524429066,-1.7452339575236e-05
184.48000000000002,0.92,0.025,0.009797958971132711,0.5248792922602417,0.5278473586035246,0.12836324990540057,-0.1864798508251385,0.2635636318484479,-0.00032514036682734445,-0.002032756069225029,0.0008307702289130586,-0.001196828359507344,-3.1220564662211315e-06,0.10864665471993105,-0.15783654573839723,0.2230802579965263,-0.0002751988064826644,-0.17737590641438714,0.09337891060233612,-0.20626509188041395,-0.10855134355436247,0.018898619788986177,-0.1975478033682516,0.050676094588757103,-0.09540154026386793,-0.008113912242349993,-0.005315469311905653,-0.004540925006483558,-1.744737867024402e-05
184.64,0.92,0.025,0.009797958971132711,0.5248792922602417,0.5278473586035246,0.12803827344278781,-0.18634687616739734,0.2633724078696805,-0.00032561697520518276,-0.0020294503376772034,0.0008314123853260067,-0.0011948328364012185,-3.1166235510212914e-06,0.10837159464197561,-0.15772399598808512,0.2229184060208976,-0.0002756022078136667,-0.17706640218714137,0.0934083883043433,-0.2061157339953378,-0.10847202878086057,0.01870839707658193,-0.1973102575176271,0.050591582019434304,-0.09524248277618956,-0.008113984254716388,-0.005315623332861939,-0.0045366451502734245,-1.744234431993219e-05
184.80000000000007,0.92,0.025,0.009797958971132711,0.5248792922602417,0.5278473586035246,0.12771382559763236,-0.18621379905603347,0.2631815035625602,-0.000326092570284665,-0.002026148350718236,0.0008320509005005829,-0.001192838741759832,-3.1111896028229464e-06,0.10809698198583603,-0.15761135952102673,0.22275682461535096,-0.0002760047514889405,-0.17675727023924945,0.09343756815100397,-0.20596662570441224,-0.10839284676827016,0.018518622997451627,-0.19707285836918725,0.05050712955425486,-0.09508353935476978,-0.008114056191529016,-0.005315777876837411,-0.004532358997344665,-1.7437236795134495e-05
184.96000000000004,0.92,0.025,0.009797958971132711,0.5248792922602417,0.5278473586035246,0.1273899057709395,-0.18608062007301954,0.2629909186846431,-0.0003265671546299296,-0.0020228501066036804,0.0008326857822540041,-0.0011908460848927783,-3.1057546965045004e-06,0.1078228162445232,-0.15749863682980375,0.2225955135746819,-0.00027640643967877243,-0.1764485103405822,0.09346645084508083,-0.2058177668190826,-0.10831379741449897,0.018329296852815997,-0.196835606111665,0.050422737591443945,-0.09492471073956293,-0.008114128051693576,-0.005315932945069358,-0.004528066589187775,-1.743205636696422e-05
185.12,0.92,0.025,0.009797958971132711,0.5248792922602417,0.5278473586035246,0.127066513363994,-0.1859473397990783,0.26280065299202615,-0.000327040730810974,-0.002019555603584714,0.0008333170383918599,-0.0011888548750487637,-3.1003189065665803e-06,0.10754909691128452,-0.15738582840593987,0.22243447269245095,-0.0002768072745584084,-0.17614012226071532,0.09349503708824161,-0.20566915714965525,-0.10823488061684775,0.018140417944642256,-0.19659850093295483,0.050338406526631164,-0.09476599766567916,-0.008114199834110726,-0.005316088538796432,-0.004523767967236925,-1.7426803306801438e-05
185.27999999999997,0.92,0.025,0.009797958971132711,0.5248792922602417,0.5278473586035246,0.1267436477783607,-0.18581395881368454,0.2626107062393607,-0.00032751330140333456,-0.002016264839908154,0.0008339446767081246,-0.0011868651214157085,-3.0948823071316726e-06,0.1072758234796045,-0.1572729347399026,0.22227370176099492,-0.0002772072583077824,-0.17583210576893044,0.0935233275810604,-0.20552079650530847,-0.10815609627201624,0.017951985575644,-0.19636154302011455,0.05025413675285481,-0.09460740086339235,-0.008114271537676082,-0.005316244659258664,-0.00451946317286923,-1.7421477886277972e-05
185.44000000000005,0.92,0.025,0.009797958971132711,0.5248792922602417,0.5278473586035246,0.1264213084158854,-0.18568047769506701,0.26242107817986293,-0.0003279848689879146,-0.0020129778138164712,0.0008345687049851683,-0.0011848768331208209,-3.0894449719440565e-06,0.1070029954432054,-0.15715995632110472,0.222113200571436,-0.00027760639311137094,-0.17552446063421673,0.09355132302301872,-0.20537268469410008,-0.10807744427610731,0.017763999049280763,-0.1961247325593666,0.05016992866056493,-0.09444892105814633,-0.008114343161280173,-0.0053164013076974406,-0.004515152247403967,-1.741608037726614e-05
185.60000000000002,0.92,0.025,0.009797958971132711,0.5248792922602417,0.5278473586035246,0.1260994946786954,-0.18554689702021018,0.26223176856532665,-0.0003284554361506589,-0.0020096945235478065,0.0008351891309937683,-0.0011828900192306995,-3.0840069743697203e-06,0.1067306122960478,-0.15704689363790592,0.22195296891369248,-0.0002780046811579177,-0.17521718662527205,0.09357902411250675,-0.20522482152297777,-0.10799892452463293,0.017576457669757888,-0.19588806973610035,0.05008578263762769,-0.09429055897056275,-0.008114414703808463,-0.00531655848535551,-0.004510835232101846,-1.7410611051864656e-05
185.76,0.92,0.025,0.009797958971132711,0.5248792922602417,0.5278473586035246,0.12577820596920028,-0.18541321736485608,0.2620427771461332,-0.00032892500548237176,-0.0020064149673359867,0.0008358059624931199,-0.0011809046887514042,-3.078568387396179e-06,0.10645867353233113,-0.15693374717761419,0.22179300657648718,-0.00027840212464027946,-0.17491028351050428,0.09360643154682442,-0.20507720679778646,-0.10792053691251799,0.01738936074202625,-0.1956515547348733,0.050001699069328304,-0.09413231531644702,-0.008114486164141304,-0.0053167161934769705,-0.0045065121681642385,-1.7405070182386738e-05
185.91999999999996,0.92,0.025,0.009797958971132711,0.5248792922602417,0.5278473586035246,0.12545744169009249,-0.18527943930350624,0.2618541036712646,-0.000329393579578379,-0.0020031391434105375,0.0008364192072308479,-0.001178920850628558,-3.0731292836324493e-06,0.10618717864649428,-0.1568205174264877,0.22163331334735836,-0.00027879872575514,-0.17460375105803252,0.09363354602218273,-0.20492984032327846,-0.10784228133410623,0.017202707571781984,-0.1954151877394129,0.049917678338375356,-0.09397419080679621,-0.008114557541153927,-0.005316874433307269,-0.004502183096732439,-1.739945804134594e-05
186.08000000000004,0.92,0.025,0.009797958971132711,0.5248792922602417,0.5278473586035246,0.12513720124434816,-0.18514556340942348,0.2616657478883137,-0.0003298611610383143,-0.001999867049996702,0.0008370288729430174,-0.0011769385137474287,-3.067689735308799e-06,0.10591612713321628,-0.15670720486973605,0.22147388901266873,-0.0002791944867028292,-0.17429758903568873,0.09366036823370474,-0.20478272190312158,-0.10776415768316455,0.017016497465466268,-0.19517896893261852,0.04983372082490419,-0.09381618614780576,-0.00811462883371644,-0.005317033206093194,-0.004497848058886916,-1.7393774901443394e-05
186.24,0.92,0.025,0.009797958971132711,0.5248792922602417,0.5278473586035246,0.12481748403522769,-0.18501159025463376,0.26147770954349686,-0.00033032775246595245,-0.001996598685315453,0.0008376349673541464,-0.0011749576869330388,-3.0622498142768728e-06,0.10564551848741673,-0.15659380999152203,0.22131473335761576,-0.00027958940968718214,-0.17399179721101857,0.09368689887542686,-0.2046358513399087,-0.10768616585288839,0.016830729730264928,-0.19494289849656268,0.04974982690648157,-0.09365830204087812,-0.008114700040693791,-0.005317192513082869,-0.004493507095646625,-1.7388021035557174e-05
186.39999999999998,0.92,0.025,0.009797958971132711,0.5248792922602417,0.5278473586035246,0.12449828946627646,-0.18487752040992808,0.2612899883816644,-0.0003307933564688132,-0.001993334047583509,0.0008382374981772154,-0.0011729783789502343,-3.056809592009524e-06,0.1053753522042564,-0.15648033327496313,0.22115584616624076,-0.0002799834969152035,-0.17368637535128303,0.09371313864029998,-0.2044892284351658,-0.10760830573590623,0.016645403674108335,-0.19470697661249306,0.04966599695810858,-0.09350053918262834,-0.008114771160945767,-0.005317352355525748,-0.004489160247968195,-1.738219671672658e-05
186.56000000000006,0.92,0.025,0.009797958971132711,0.5248792922602417,0.5278473586035246,0.12417961694132555,-0.18474335444486426,0.26110258414631227,-0.00033125797565804476,-0.00199007313501335,0.0008388364731136792,-0.0011710005985037994,-3.0513691396008387e-06,0.10510562777913796,-0.1563667752021331,0.22099722722143872,-0.0002803767505969691,-0.17338132322345956,0.0937390882201906,-0.20434285298936128,-0.10753057722428465,0.01646051860567108,-0.19447120346083402,0.049582231352225406,-0.0933428982648931,-0.00811484219332697,-0.0053175127346726065,-0.004484807556745283,-1.7376302218142033e-05
186.72000000000003,0.92,0.025,0.009797958971132711,0.5248792922602417,0.5278473586035246,0.12386146586449234,-0.18460909292776878,0.26091549657959373,-0.0003317216126481153,-0.0019868159458132344,0.0008394318998534787,-0.0011690243542385468,-3.045928527766203e-06,0.10483634470770632,-0.1562531362540635,0.22083887630496815,-0.0002807691729453648,-0.17307664059424346,0.09376474830588209,-0.20419672480191478,-0.10745298020953341,0.01627607383437172,-0.1942355792211886,0.049498530458715204,-0.09318537997473812,-0.008114913136686809,-0.005317673651775554,-0.00448044906280781,-1.7370337813131683e-05
186.88,0.92,0.025,0.009797958971132711,0.5248792922602417,0.5278473586035246,0.12354383564018126,-0.18447473642573867,0.2607287254223306,-0.0003321842700566106,-0.0019835624781872076,0.0008400237860750512,-0.0011670496547394153,-3.0404878268419317e-06,0.10456750248584942,-0.1561394169107452,0.22068079319746065,-0.0002811607661759152,-0.172772327230049,0.09379011958707568,-0.20405084367120568,-0.10737551458261002,0.01609206867037242,-0.19400010407233956,0.04941489464490817,-0.09302798499446575,-0.008114983989869469,-0.005317835108087991,-0.004476084806921267,-1.7364303775148213e-05
187.03999999999996,0.92,0.025,0.009797958971132711,0.5248792922602417,0.5278473586035246,0.12322672567308438,-0.18434028550464338,0.2605422704140248,-0.0003326459505039696,-0.0019803127303351254,0.0008406121394453422,-0.0011650765085315675,-3.035047106785783e-06,0.10429910060969862,-0.15602561765113016,0.22052297767843057,-0.0002815515325065599,-0.17246838289701094,0.09381520275239193,-0.2039052093945826,-0.10729818023392504,0.015908502424578915,-0.1937647781922517,0.049331324275585654,-0.09287071400162289,-0.00811505475171391,-0.005317997104864647,-0.004471714829785981,-1.7358200377757944e-05
187.20000000000005,0.92,0.025,0.009797958971132711,0.5248792922602417,0.5278473586035246,0.12291013536818218,-0.18420574072912652,0.26035613129286855,-0.0003331066566132697,-0.0019770667004526637,0.0008411969676198165,-0.0011631049240804858,-3.0296064371766374e-06,0.1040311385756294,-0.15591173895313268,0.22036542952628396,-0.00028194147415747144,-0.17216480736098566,0.09383999848937155,-0.20375982176837068,-0.10722097705334617,0.01572537440864002,-0.19352960175807332,0.04924781971298423,-0.09271356766900858,-0.008115125421053838,-0.005318159643361541,-0.004467339172036419,-1.7352027894627603e-05
187.36,0.92,0.025,0.009797958971132711,0.5248792922602417,0.5278473586035246,0.12259406413074415,-0.1840711026626077,0.26017030779575717,-0.0003335663910099911,-0.0019738243867313335,0.0008417782782424694,-0.001161134909792092,-3.024165887214624e-06,0.10376361588026185,-0.15579778129363117,0.22020814851832887,-0.0002823305933508565,-0.17186160038755247,0.09386450748447671,-0.20361468058788196,-0.10714390493020386,0.015542683934947421,-0.19329457494613764,0.04916438131680073,-0.09255654666468362,-0.0081151959967177,-0.005318322724835992,-0.00446295787424053,-1.734578659951239e-05
187.51999999999998,0.92,0.025,0.009797958971132711,0.5248792922602417,0.5278473586035246,0.12227851136632945,-0.18393637186728454,0.2599847996582994,-0.0003340251563217756,-0.001970585787358499,0.0008423560789458381,-0.0011591664740128323,-3.0187255257213842e-06,0.10349653202046125,-0.15568374514846964,0.22005113443078464,-0.0002827188923107509,-0.17155876174201481,0.09388873042309241,-0.20346978564742293,-0.10706696375329577,0.015360430316635426,-0.19305969793196487,0.04908100944419585,-0.09239965165197728,-0.008115266477528662,-0.005318486350546612,-0.004458570976899001,-1.7339476766244466e-05
187.68000000000006,0.92,0.025,0.009797958971132711,0.5248792922602417,0.5278473586035246,0.1219634764807876,-0.18380154890413417,0.259799606614829,-0.0003344829551782127,-0.0019673509005173903,0.0008429303773510121,-0.0011571996250297819,-3.0132854211396943e-06,0.10322988649333864,-0.15556963099245916,0.21989438703879127,-0.00028310637326283924,-0.17125629118940167,0.09391266798952716,-0.20332513674030392,-0.10699015341089167,0.015178612867580795,-0.19282497089026354,0.04899770444979848,-0.09224288328949568,-0.008115336862304584,-0.005318650521753293,-0.004454178520444556,-1.733309866871937e-05
187.84000000000003,0.92,0.025,0.009797958971132711,0.5248792922602417,0.5278473586035246,0.12164895888025919,-0.18366663433291547,0.2596147283984156,-0.0003349397902106192,-0.0019641197243871187,0.0008435011810676458,-0.001155234371070767,-3.007845641534045e-06,0.10296367879625139,-0.15545543929937966,0.21973790611641897,-0.0002834930384342681,-0.17095418849446886,0.09393632086701471,-0.2031807336588473,-0.10691347379073818,0.014997230902402278,-0.19259039399493247,0.04891446668571098,-0.09208624223113153,-0.008115407149858022,-0.005318815239717211,-0.004449780545241349,-1.7326652580886196e-05
188.0,0.92,0.025,0.009797958971132711,0.5248792922602417,0.5278473586035246,0.12133495797117638,-0.1835316287121706,0.2594301647408759,-0.0003353956640517909,-0.001960892257142692,0.0008440684976939683,-0.0011532707203044516,-3.002406254590467e-06,0.1026979084268037,-0.1553411705419812,0.21958169143667736,-0.0002838788900534358,-0.17065245342170007,0.09395968973771485,-0.20303657619439597,-0.10683692478006339,0.014816283736460501,-0.1923559674190621,0.04883129650151275,-0.09192972912607106,-0.00811547733899619,-0.005318980505700813,-0.0044453770915842015,-1.7320138776734137e-05
188.15999999999997,0.92,0.025,0.009797958971132711,0.5248792922602417,0.5278473586035246,0.12102147316026371,-0.18339653259922684,0.25924591537278535,-0.0003358505793357716,-0.0019576684969550276,0.0008446323348167956,-0.0011513086808404602,-2.9969673276166777e-06,0.10243257488284721,-0.1552268251919856,0.21942574277152554,-0.0002842639303497971,-0.17035108573530824,0.09398277528271452,-0.2028926641373228,-0.10676050626558213,0.014635770685857552,-0.1921216913349365,0.048748194244265436,-0.09177334461880375,-0.008115547428520966,-0.005319146320967809,-0.0044409681996979795,-1.7313557530280632e-05
188.32000000000005,0.92,0.025,0.009797958971132711,0.5248792922602417,0.5278473586035246,0.12070850385453873,-0.18326134655019863,0.2590619800234881,-0.0003363045386977302,-0.001954448441990971,0.0008451927000115413,-0.001149348260729476,-2.9915289275423904e-06,0.10216767766248158,-0.15511240372008814,0.21927005989188036,-0.00028464816155375884,-0.1700500851992371,0.09400557818202929,-0.20274899727703796,-0.10668421813349997,0.014455691067436893,-0.1918875659140347,0.04866516025851711,-0.09161708934913025,-0.008115617417228856,-0.005319312686783178,-0.004436553909736902,-1.7306909115562094e-05
188.48000000000002,0.92,0.025,0.009797958971132711,0.5248792922602417,0.5278473586035246,0.12039604946131255,-0.18312607111998913,0.25887835842110973,-0.00033675754477360814,-0.001951232090413306,0.0008457496008422281,-0.001147389467963367,-2.9860911209190838e-06,0.10190321626405495,-0.1549979065959588,0.21911464256762728,-0.00028503158589638196,-0.1697494515771619,0.09402809911460425,-0.20260557540199892,-0.10660806026951876,0.014276044198782839,-0.19165359132703247,0.04858219488630752,-0.0914609639521724,-0.008115687303910985,-0.005319479604413141,-0.004432134261783914,-1.730019380661841e-05
188.64,0.92,0.025,0.009797958971132711,0.5248792922602417,0.5278473586035246,0.12008410938819063,-0.1829907068622923,0.25869505029256684,-0.0003372096001999853,-0.0019480194403807742,0.0008463030448614989,-0.001145432310475276,-2.980653973920746e-06,0.10163919018616455,-0.15488333428824422,0.2189594905676286,-0.00028541420560926757,-0.16944918463249117,0.09405033875831534,-0.20246239829971802,-0.1065320325588409,0.014096829398220547,-0.19141976774380423,0.04849929846717199,-0.09130496905838037,-0.008115757087353086,-0.005319647075125182,-0.004427709295849958,-1.7293411877485052e-05
188.80000000000007,0.92,0.025,0.009797958971132711,0.5248792922602417,0.5278473586035246,0.11977268304307327,-0.18285525432959443,0.25851205536357813,-0.0003376607076138704,-0.001944810490048086,0.0008468530396106278,-0.001143476796139755,-2.9752175523434584e-06,0.10137559892765723,-0.15476868726456874,0.21880460365973253,-0.0002857960229243799,-0.16914928412836763,0.09407229778997035,-0.20231946575677076,-0.10645613488617382,0.013918045984815573,-0.19118609533342426,0.048416471338147006,-0.09114910529354342,-0.008115826766335474,-0.0053198151001880205,-0.004423279051873421,-1.7286563602179524e-05
188.96000000000004,0.92,0.025,0.009797958971132711,0.5248792922602417,0.5278473586035246,0.11946176983415639,-0.18271971407317625,0.25832937335867645,-0.0003381108696524612,-0.0019416052375659364,0.0008473995926195313,-0.001141522932772867,-2.969781921605996e-06,0.10111244198762998,-0.15465396599153639,0.21864998161078375,-0.00028617704007384315,-0.16884974982766954,0.0940939768853102,-0.2021767775588054,-0.1063803671357353,0.013739693278373604,-0.19095257426416853,0.048333713833774605,-0.09099337327879801,-0.008115896339633022,-0.005319983680871608,-0.004418843569719402,-1.7279649254690858e-05
189.12,0.92,0.025,0.009797958971132711,0.5248792922602417,0.5278473586035246,0.11915136916993217,-0.1825840866431146,0.25814700400121887,-0.00033856008895294485,-0.0019384036810810208,0.00084794271140678,-0.0011395707281323028,-2.9643471467498214e-06,0.1008497188654306,-0.1545391709347322,0.21849562418663165,-0.00028655725928977254,-0.16855058149301225,0.09411537671901016,-0.2020343334905505,-0.10630472919125776,0.013561770599440233,-0.19071920470351655,0.04825102628610723,-0.09083777363063715,-0.00811596580601517,-0.00532015281844713,-0.004414402889179114,-1.7272669108967794e-05
189.27999999999997,0.92,0.025,0.009797958971132711,0.5248792922602417,0.5278473586035246,0.11884148045918956,-0.1824483725882841,0.2579649470133977,-0.000339008368152276,-0.001935205818736048,0.0008484824034796093,-0.0011376201899175008,-2.958913292439413e-06,0.10058742906065805,-0.1544243025587237,0.21834153115213983,-0.0002869366828040864,-0.16825177888674886,0.09413649796468071,-0.20189213333582368,-0.10622922093599287,0.013384277269300643,-0.19048598681815268,0.048168409024712866,-0.09068230696091988,-0.008116035164245887,-0.005320322514186993,-0.004409957049969234,-1.726562343890772e-05
189.44000000000005,0.92,0.025,0.009797958971132711,0.5248792922602417,0.5278473586035246,0.11853210311101499,-0.18231257245635932,0.25778320211625116,-0.00033945570988706385,-0.001932011648669757,0.0008490186763339306,-0.0011356713257697655,-2.953480422962581e-06,0.10032557207316309,-0.15430936132706252,0.218187702271195,-0.00028731531284841087,-0.16795334177097193,0.09415734129486912,-0.20175017687753974,-0.10615384225271615,0.013207212609979382,-0.190252920773968,0.04808586237668003,-0.09052697387688077,-0.00811610441308366,-0.0053204927693648275,-0.004405506091731306,-1.7258512518347467e-05
189.60000000000002,0.92,0.025,0.009797958971132711,0.5248792922602417,0.5278473586035246,0.11822323653479307,-0.18217668679381627,0.25760176902967513,-0.0003399021167932024,-0.0019288211690169285,0.0008495515374543428,-0.001133724143272382,-2.9480486022304805e-06,0.10006414740304885,-0.1541943477022861,0.21803413730671703,-0.00028769315165376653,-0.16765526990751456,0.09417790738106024,-0.20160846389771983,-0.10607859302373226,0.013030575944239951,-0.19002000673606176,0.04800338666662258,-0.09037177498113906,-0.00811617355128147,-0.005320663585255463,-0.004401050054031055,-1.7251336621048352e-05
189.76,0.92,0.025,0.009797958971132711,0.5248792922602417,0.5278473586035246,0.1179148801402071,-0.1820407161459344,0.2574206474724329,-0.0003403475915058552,-0.0019256343779084026,0.000850080994314143,-0.0011317786499507414,-2.9426178937780248e-06,0.09980315455067129,-0.15407926214591888,0.21788083602066718,-0.00028807020145055586,-0.16735756305795169,0.09419819689367796,-0.2014669941774989,-0.10600347313087861,0.0128543665955847,-0.1897872448687433,0.047920982216685074,-0.09021671087170857,-0.008116242577586785,-0.005320834963134942,-0.004396588976357829,-1.7244096020689155e-05
189.91999999999996,0.92,0.025,0.009797958971132711,0.5248792922602417,0.5278473586035246,0.11760703333723979,-0.18190466105679826,0.2572398371621661,-0.00034079213665911656,-0.0019224512734710912,0.0008506070543753388,-0.0011298348532724578,-2.9371883607642517e-06,0.09954259301663976,-0.15396410511847405,0.21772779817405738,-0.00028844646446827627,-0.1670602209836012,0.09421821050208609,-0.20132576749713443,-0.10592848245553065,0.012678583888254357,-0.18955463533553335,0.04783864934654767,-0.0900617821420072,-0.00811631149074155,-0.005321006904280497,-0.004392122898123954,-1.7236790990853107e-05
190.08000000000004,0.92,0.025,0.009797958971132711,0.5248792922602417,0.5278473586035246,0.11729969553617388,-0.18176852206929942,0.2570593378154063,-0.0003412357548859007,-0.0019192718538279935,0.0008511297250886579,-0.0011278927606474898,-2.9317600659723895e-06,0.09928246230181757,-0.15384887707945502,0.2175750235269599,-0.0002888219429354264,-0.16676324344552537,0.09423794887458971,-0.20118478363601508,-0.10585362087860628,0.012503227147227894,-0.18932217829916592,0.047756388373431324,-0.0899069893808664,-0.008116380289482143,-0.005321179409970558,-0.004387651858664114,-1.7229421805017666e-05
190.24,0.92,0.025,0.009797958971132711,0.5248792922602417,0.5278473586035246,0.11699286614759268,-0.18163229972513825,0.2568791491475851,-0.00034167844881770744,-0.0019160961170982106,0.0008516490138935604,-0.001125952379428276,-2.926333071810491e-06,0.09902276190732244,-0.15373357848735703,0.21742251183851602,-0.00028919663907930757,-0.16646663020453184,0.09425741267843624,-0.2010440423726686,-0.1057788882805705,0.012328295698222169,-0.18908987392158982,0.04767419961210349,-0.08975233317254214,-0.008116448972539388,-0.005321352481484738,-0.0043831758972348025,-1.7221988736544485e-05
190.39999999999998,0.92,0.025,0.009797958971132711,0.5248792922602417,0.5278473586035246,0.11668654458238083,-0.18149599456482568,0.2566992708730439,-0.0003421202210844835,-0.001912924061396959,0.000852164928218249,-0.0011240137169098454,-2.9209074403113415e-06,0.09876349133452714,-0.15361820979966848,0.21727026286694437,-0.0002895705551259069,-0.1661703810211751,0.09427660257981664,-0.2009035434847697,-0.10570428454143954,0.0121537888676917,-0.18885772236397017,0.047592083374882785,-0.08959781409672364,-0.00811651753863851,-0.005321526120103818,-0.004378695053013682,-1.7214492058668142e-05
190.56000000000006,0.92,0.025,0.009797958971132711,0.5248792922602417,0.5278473586035246,0.11638073025172475,-0.18135960712768504,0.25651970270504637,-0.0003425610743143535,-0.0019097556848355862,0.0008526774754796821,-0.0011220767803299457,-2.915483233133209e-06,0.09850465008505983,-0.1535027714728726,0.21711827636955125,-0.00028994369329966884,-0.16587449565575743,0.09429551924386655,-0.2007632867491491,-0.105629809540786,0.011979705982828198,-0.18862572378669043,0.04751003997164445,-0.08944343272854359,-0.008116585986499149,-0.005321700327109766,-0.004374209365098976,-1.720693204448575e-05
190.72000000000003,0.92,0.025,0.009797958971132711,0.5248792922602417,0.5278473586035246,0.11607542256711348,-0.18122313795185382,0.2563404443557879,-0.00034300101113351507,-0.0019065909855215842,0.0008531866630835826,-0.0011201415768691825,-2.910060511559781e-06,0.09824623766080486,-0.1533872639624491,0.21696655210273888,-0.0002903160558234072,-0.16557897386833056,0.09431416333466745,-0.20062327194180157,-0.10555546315774306,0.011806046371560533,-0.18839387834935337,0.04742806970982623,-0.0892891896385893,-0.008116654314835305,-0.005321875103785693,-0.004369718872508947,-1.71993089669465e-05
190.88,0.92,0.025,0.009797958971132711,0.5248792922602417,0.5278473586035246,0.115770620940339,-0.18108658757428553,0.25616149553640605,-0.00034344003416599277,-0.0019034299615586043,0.0008536924984244508,-0.0011182081136511314,-2.904639336501014e-06,0.09798825356390294,-0.15327168772287528,0.21681508982201408,-0.0002906876449180963,-0.16528381541869638,0.09433253551524777,-0.20048349883789351,-0.10548124527100888,0.011632809362554257,-0.18816218621078343,0.04734617289443313,-0.08913508539291155,-0.008116722522355362,-0.00532205045141589,-0.004365223614181259,-1.7191623098842134e-05
191.03999999999996,0.92,0.025,0.009797958971132711,0.5248792922602417,0.5278473586035246,0.1154663247834972,-0.18094995653075147,0.25598285595699155,-0.0003438781460334972,-0.0019002726110464716,0.0008541949888855743,-0.0011162763977424779,-2.899219768493042e-06,0.09773069729675204,-0.15315604320762805,0.21666388928199765,-0.00029105846280275203,-0.16498902006640856,0.09435063644758415,-0.2003439672117716,-0.10540715575885129,0.01145999428521142,-0.1879306475290277,0.04726434982804333,-0.08898112055303584,-0.008116790607762034,-0.005322226371285779,-0.004360723628972433,-1.71838747127956e-05
191.20000000000005,0.92,0.025,0.009797958971132711,0.5248792922602417,0.5278473586035246,0.1151625335089882,-0.18081324535584248,0.2558045253265987,-0.0003443153493552474,-0.0018971189320811986,0.0008546941418390403,-0.0011143464361531427,-2.8938018676988884e-06,0.09747356836200761,-0.1530403308691851,0.21651295023643316,-0.00029142851169428144,-0.16469458757077354,0.09436846679260252,-0.20020467683697107,-0.10533319449911216,0.011287600469670192,-0.18769926246135787,0.04718260081081354,-0.08882729567597226,-0.008116858569752371,-0.005322402864681932,-0.0043562189556572645,-1.717606408125224e-05
191.36,0.92,0.025,0.009797958971132711,0.5248792922602417,0.5278473586035246,0.11485924652951704,-0.18067645458297074,0.25562650335325593,-0.0003447516467477747,-0.0018939689227550004,0.0008551899646457461,-0.0011124182358364196,-2.888385693908497e-06,0.09721686626258323,-0.15292455115902645,0.21636227243819584,-0.00029179779380731654,-0.1644005176908518,0.09438602721017912,-0.20006562748622353,-0.10525936136921202,0.0111156272468046,-0.18746803116427185,0.04710092614048474,-0.08867361131422663,-0.008116926407017734,-0.00532257993289206,-0.004351709632928278,-1.7168191476467954e-05
191.51999999999998,0.92,0.025,0.009797958971132711,0.5248792922602417,0.5278473586035246,0.11455646325809435,-0.18053958474437157,0.2554487897439759,-0.00034518704082474734,-0.0018908225811563085,0.0008556824646554106,-0.0011104918036890993,-2.8829713065397896e-06,0.09696059050165107,-0.1528087045276361,0.2162118556393012,-0.0002921663113540662,-0.16410681018545908,0.094403318359142,-0.19992681893146505,-0.10518565624615422,0.010944073948224286,-0.18723695379349528,0.047019326112387544,-0.08852006801581015,-0.008116994118243778,-0.0053227575772049965,-0.004347195699395146,-1.7160257170501798e-05
191.68000000000006,0.92,0.025,0.009797958971132711,0.5248792922602417,0.5278473586035246,0.11425418310803691,-0.18040263637110535,0.2552713842047657,-0.0003456215341968137,-0.0018876799053697843,0.000856171649206585,-0.0011085671465516074,-2.8775587646383957e-06,0.09670474058264245,-0.15269279142450357,0.2160616995909137,-0.00029253406654418314,-0.16381346481316772,0.09442034089727187,-0.19978825094384417,-0.10511207900652945,0.010772939906274138,-0.18700603050398307,0.046937801019447986,-0.08836666632425068,-0.008117061702110425,-0.005322935798910699,-0.004342677193584158,-1.7152261435203687e-05
191.84000000000003,0.92,0.025,0.009797958971132711,0.5248792922602417,0.5278473586035246,0.11395240549296827,-0.18026560999305902,0.2550942864406381,-0.0003460551294714263,-0.0018845408934763355,0.0008566575256266643,-0.0011066442712081442,-2.8721481268784887e-06,0.09644931600924835,-0.15257681229812517,0.21591180404335608,-0.00029290106158461526,-0.16352048133230765,0.09443709548130333,-0.19964992329373016,-0.10503862952652034,0.010602224454034042,-0.18677526144992115,0.04685635115219344,-0.08821340677860359,-0.008117129157291875,-0.005323114599300242,-0.004338154153937677,-1.7144204542206046e-05
192.0,0.92,0.025,0.009797958971132711,0.5248792922602417,0.5278473586035246,0.1136511298268193,-0.18012850613894815,0.25491749615562104,-0.0003464878292526827,-0.0018814055435531281,0.0008571401012318988,-0.0011047231843868115,-2.86673945156312e-06,0.09619431628541986,-0.15246076759600571,0.21576216874611764,-0.0002932672986794707,-0.16322785950096763,0.09445358276692611,-0.19951183575072096,-0.10496530768190561,0.01043192692531856,-0.18654464678472815,0.04677497679875807,-0.08806028991346211,-0.008117196482456549,-0.005323293979665806,-0.004333626618813579,-1.7136086762913853e-05
192.15999999999997,0.92,0.025,0.009797958971132711,0.5248792922602417,0.5278473586035246,0.11335035552382881,-0.17999132533631856,0.25474101305276786,-0.000346919636141121,-0.0018782738536736005,0.0008576193833274045,-0.0011028038927597481,-2.861332796624755e-06,0.09593974091536871,-0.15234465776466005,0.21561279344786272,-0.00029363278002984486,-0.16293559907699665,0.0944698034087861,-0.19937398808365056,-0.10489211334806442,0.010262046654676615,-0.18631418666105665,0.046693678244888445,-0.0879073162589679,-0.008117263676267104,-0.005323473941300669,-0.004329094626484712,-1.712790836849467e-05
192.32000000000005,0.92,0.025,0.009797958971132711,0.5248792922602417,0.5278473586035246,0.11305008199854427,-0.17985406811154817,0.25456483683416803,-0.0003473505527336157,-0.0018751458219074795,0.0008580953792071747,-0.001100886402943282,-2.855928219625678e-06,0.09568558940356788,-0.15222848324961438,0.21546367789643983,-0.00029399750783373237,-0.16264369981800492,0.09448575806048659,-0.19923638006059785,-0.1048190463999809,0.01009258297739126,-0.18608388123079514,0.046612455773950144,-0.0877544863408234,-0.008117330737380395,-0.0053236544854992,-0.004324558215138423,-1.711966962986996e-05
192.48000000000002,0.92,0.025,0.009797958971132711,0.5248792922602417,0.5278473586035246,0.11275030866582209,-0.17971673498984864,0.2543889672009576,-0.0003477805816232089,-0.0018720214463207928,0.0008585680961540907,-0.0010989707214980563,-2.8505257777584755e-06,0.09543186125475182,-0.1521122444954079,0.21531482183889053,-0.00029436148428588406,-0.16235216148136503,0.09450144737458932,-0.1990990114488943,-0.10474610671224856,0.009923535229479292,-0.18585373064506935,0.04653130966693296,-0.0876018006803017,-0.008117397664447475,-0.005323835613556862,-0.004320017422875972,-1.7111370817705378e-05
192.64,0.92,0.025,0.009797958971132711,0.5248792922602417,0.5278473586035246,0.1124510349408286,-0.17957932649526737,0.2542134038533281,-0.000348209725398875,-0.001868900724975884,0.0008590375414399337,-0.001097056854929173,-2.845125527846591e-06,0.09517855597391733,-0.1519959419455943,0.2151662250214569,-0.0002947247115776078,-0.16206098382421344,0.09451687200261578,-0.19896188201513107,-0.10467329415907416,0.009754902747691066,-0.18562373505424418,0.046450240202457124,-0.08744925979425802,-0.00811746445611356,-0.005324017326770186,-0.004315472287712056,-1.7103012202400598e-05
192.80000000000007,0.92,0.025,0.009797958971132711,0.5248792922602417,0.5278473586035246,0.11215226023904035,-0.17944184315068912,0.25403814649053774,-0.0003486379866454739,-0.0018657836559314257,0.0008595037223253957,-0.0010951448096863262,-2.8397275263448663e-06,0.09492567306632375,-0.15187957604274327,0.21501788718959117,-0.0002950871918967291,-0.16177016660345137,0.09453203259504822,-0.19882499152516767,-0.10460060861428244,0.009586684869510026,-0.18539389460792488,0.046369247656778856,-0.08729686419514043,-0.00811753111101802,-0.005324199626436779,-0.004310922847574247,-1.709459405408187e-05
192.96000000000004,0.92,0.025,0.009797958971132711,0.5248792922602417,0.5278473586035246,0.11185398397624481,-0.17930428547783786,0.25386319481092184,-0.0003490653679435123,-0.0018626702372424341,0.0008599666460600903,-0.0010932345921639691,-2.834331829339955e-06,0.09467321203749361,-0.15176314722844197,0.21486980808796427,-0.00029544892742738887,-0.16147970957574614,0.0945469298013309,-0.19868833974414002,-0.10452804995132049,0.009418880933152513,-0.18516420945495896,0.04628833230379749,-0.08714461439100304,-0.008117597627794364,-0.00532438251385531,-0.004306369140302582,-1.7086116642591197e-05
193.12,0.92,0.025,0.009797958971132711,0.5248792922602417,0.5278473586035246,0.11155620556854097,-0.17916665399727844,0.2536885485119016,-0.00034949187186902886,-0.0018595604669602833,0.0008604263198825635,-0.0010913262087014187,-2.8289384925509225e-06,0.09442117239321308,-0.1516466559432965,0.21472198746047352,-0.00029580992034994606,-0.16118961249753228,0.09456156426987111,-0.1985519264364673,-0.10445561804326157,0.00925149027756753,-0.18493467974343752,0.046207494415059926,-0.08699251088551431,-0.008117664005070215,-0.005324565990325499,-0.004301811203648935,-1.7077580237478076e-05
193.27999999999997,0.92,0.025,0.009797958971132711,0.5248792922602417,0.5278473586035246,0.11125892443233983,-0.17902894922841853,0.25351420728999435,-0.0003499175009934623,-0.0018564543431327186,0.0008608827510203066,-0.0010894196655830313,-2.8235475713298406e-06,0.09416955363953243,-0.15153010262693345,0.21457442505025123,-0.0002961701728408665,-0.16089987512501283,0.09457593664804055,-0.1984157513658599,-0.10438331276280936,0.009084512242436235,-0.18470530562069715,0.04612673425976808,-0.08684055417797121,-0.008117730241467296,-0.0053247500571481175,-0.004297249075276637,-1.7068985107991203e-05
193.44000000000005,0.92,0.025,0.009797958971132711,0.5248792922602417,0.5278473586035246,0.11096213998436513,-0.1788911716895102,0.253340170840825,-0.00035034225788347045,-0.0018533518638038705,0.0008613359466897648,-0.001087514969038329,-2.8181591206622903e-06,0.09391835528276665,-0.15141348771800142,0.21442712059967428,-0.00029652968707256943,-0.16061049721416037,0.0945900475821762,-0.1982798142953281,-0.10431113398230284,0.008917946168171815,-0.1844760872333212,0.046046052104784206,-0.08668874476330908,-0.008117796335601411,-0.005324934715624974,-0.0042926827927599,-1.7060331523068617e-05
193.60000000000002,0.92,0.025,0.009797958971132711,0.5248792922602417,0.5278473586035246,0.11066585164165375,-0.17875332189765175,0.2531664388591341,-0.0003507661451007799,-0.001850253027014269,0.0008617859140963502,-0.00108561212524216,-2.8127731951678623e-06,0.09366757682949574,-0.15129681165417244,0.2142800738503711,-0.0002968884652133001,-0.1603214785207183,0.09460389771758163,-0.19814411498718876,-0.10423908157371985,0.00875179139591914,-0.1842470247271415,0.045965448214637786,-0.08653708313211461,-0.00811786228608243,-0.005325119967058912,-0.004288112393583421,-1.7051619751328846e-05
193.76,0.92,0.025,0.009797958971132711,0.5248792922602417,0.5278473586035246,0.1103700588215564,-0.17861540036878962,0.2529930110387887,-0.00035118916520206526,-0.0018471578308008562,0.0008622326604344522,-0.0010837111403148288,-2.807389849101026e-06,0.09341721778656534,-0.15118007487214355,0.21413328454323075,-0.00029724650942702805,-0.16003281880020195,0.09461748769852812,-0.19800865320307334,-0.10416715540868152,0.008586047267554322,-0.18401811824723993,0.045884922851530965,-0.086385569770636,-0.008117928091514265,-0.0053253058127537955,-0.004283537915141815,-1.7042850061063566e-05
193.91999999999996,0.92,0.025,0.009797958971132711,0.5248792922602417,0.5278473586035246,0.11007476094173821,-0.17847740761771985,0.25281988707279257,-0.00035161132073883083,-0.0018440662731970038,0.0008626761928874494,-0.0010818120203222581,-2.8020091363512613e-06,0.09316727766108722,-0.1510632778076381,0.21398675241841164,-0.0002976038218733464,-0.15974451780789992,0.09463081816825578,-0.197873428703936,-0.10409535535845664,0.008420713125684634,-0.18378936793795012,0.04580447627534549,-0.08623420516079602,-0.008117993750494866,-0.005325492254014505,-0.004278959394739211,-1.7034022720227673e-05
194.08000000000004,0.92,0.025,0.009797958971132711,0.5248792922602417,0.5278473586035246,0.10977995742017917,-0.1783393441580902,0.2526470666532943,-0.0003520326142571996,-0.0018409783522325216,0.0008631165186277191,-0.0010799147712761226,-2.796631110444153e-06,0.09291775596043965,-0.15094642089540755,0.2138404772153483,-0.0002979604047072937,-0.159456575298875,0.09464388976897477,-0.19773844125005996,-0.10402368129396518,0.008255788313648031,-0.1835607739428587,0.04572410874364836,-0.08608298978020258,-0.00811805926161618,-0.005325679292146933,-0.004274376869588739,-1.7025137996431577e-05
194.24,0.92,0.025,0.009797958971132711,0.5248792922602417,0.5278473586035246,0.10948564767517485,-0.17820121050240162,0.25247454947159914,-0.0003524530482978541,-0.0018378940659336753,0.0008635536448166502,-0.0010780193991340177,-2.791255824541672e-06,0.092668652192268,-0.15082950456923275,0.21369445867276152,-0.0002983162600793037,-0.15916899102796545,0.09465670314186636,-0.19760369060106645,-0.10395213308578319,0.008091272175512854,-0.1833323364048072,0.04564382051169899,-0.08593192410216222,-0.008118124623464151,-0.005325866928457968,-0.004269790376812128,-1.7016196156932736e-05
194.39999999999998,0.92,0.025,0.009797958971132711,0.5248792922602417,0.5278473586035246,0.10919183112533688,-0.17806300716201015,0.25230233521817796,-0.00035287262539585045,-0.0018348134123231986,0.000863987578604653,-0.00107612590979959,-2.78588333144292e-06,0.09241996586448514,-0.1507125292619254,0.21354869652866584,-0.00029867139013504783,-0.15888176474978638,0.0946692589270841,-0.19746917651592197,-0.10388071060414672,0.007927164056077627,-0.1831040554658934,0.045563611832454776,-0.08578100859569043,-0.008118189834618698,-0.005326055164255494,-0.004265199953439178,-1.700719746862694e-05
194.56000000000006,0.92,0.025,0.009797958971132711,0.5248792922602417,0.5278473586035246,0.10889850718959358,-0.17792473464712863,0.2521304235826758,-0.0003532913480805209,-0.0018317363894203072,0.0008644183271311713,-0.0010742343091226965,-2.7805136835847607e-06,0.09217169648527201,-0.15059549540532968,0.2134031905203768,-0.0002990257970153529,-0.15859489621873046,0.09468155776375493,-0.19733489875294474,-0.10380941371895533,0.0077634633008705906,-0.18287593126747304,0.04548348295657783,-0.08563024372552444,-0.008118254893653695,-0.005326244000848371,-0.004260605636407362,-1.69981421980408e-05
194.72000000000003,0.92,0.025,0.009797958971132711,0.5248792922602417,0.5278473586035246,0.10860567528719038,-0.1777863934668285,0.2519588142539238,-0.00035370921887530857,-0.0018286629952407136,0.0008648458975246925,-0.0010723446028995645,-2.7751469330424637e-06,0.09192384356307794,-0.15047840343032365,0.21325794038452112,-0.0002993794828560612,-0.15830838518896953,0.09469360028998045,-0.19720085706981397,-0.10373824229977718,0.007600169256149566,-0.18264796395016136,0.04540343413244177,-0.08547962995213583,-0.008118319799136952,-0.005326433439546446,-0.004256007462561385,-1.6989030611322914e-05
194.88,0.92,0.025,0.009797958971132711,0.5248792922602417,0.5278473586035246,0.10831333483769055,-0.17764798412904148,0.25178750691994684,-0.00035412624029768075,-0.001825593227796638,0.0008652702969027601,-0.0010704567968729283,-2.7697831315304515e-06,0.09167640660662128,-0.15036125376682072,0.21311294585704302,-0.000299732449787957,-0.15802223141445554,0.09470538714283795,-0.1970670512235759,-0.10366719621585234,0.007437281268901415,-0.18242015365383452,0.04532346560613759,-0.0853291677317415,-0.008118384549630202,-0.005326623481660524,-0.004251405468652704,-1.697986297423694e-05
195.03999999999996,0.92,0.025,0.009797958971132711,0.5248792922602417,0.5278473586035246,0.10802148526097566,-0.17750950714056135,0.25161650126797375,-0.0003545424148589508,-0.001822527085096825,0.0008656915323719832,-0.0010685708967321944,-2.7644223304027685e-06,0.0914293851248898,-0.15024404684377113,0.21296820667321298,-0.000300084699936616,-0.15773643464892165,0.09471691895838152,-0.19693348097065155,-0.10359627533609694,0.007274798686841957,-0.18219250051763125,0.045243577621480575,-0.08517885751631682,-0.008118449143689073,-0.0053268141285023754,-0.004246799691339142,-1.6970639552152064e-05
195.20000000000005,0.92,0.025,0.009797958971132711,0.5248792922602417,0.5278473586035246,0.10773012597724616,-0.17737096300704575,0.2514457969844471,-0.0003549577450642193,-0.0018194645651465557,0.0008661096110280489,-0.0010666869081135937,-2.7590645806539965e-06,0.09118277862714115,-0.15012678308916352,0.21282372256763601,-0.00030043623542235523,-0.15745099464588352,0.09472819637164333,-0.19680014606684448,-0.10352547952910746,0.007112720858415512,-0.18196500467995458,0.04516377042001685,-0.08502869975360772,-0.00811851357986308,-0.005327005381384719,-0.004242190167184448,-1.696136061003712e-05
195.36,0.92,0.025,0.009797958971132711,0.5248792922602417,0.5278473586035246,0.10743925640702191,-0.1772323522330178,0.25127539375503294,-0.0003553722334121974,-0.0018164056659476615,0.0008665245399557324,-0.0010648048366003343,-2.753709932919635e-06,0.09093658662290335,-0.1500094629300263,0.2126794932742599,-0.0003007870583600839,-0.15716591115864043,0.09473922001663461,-0.19666704626734838,-0.1034548086631648,0.006951047132794637,-0.1817376662784731,0.04508404424102979,-0.08487869488714285,-0.008118577856695605,-0.005327197241621215,-0.0042375769326578544,-1.695202641245069e-05
195.51999999999998,0.92,0.025,0.009797958971132711,0.5248792922602417,0.5278473586035246,0.1071488759711428,-0.17709367532186804,0.25110529126462855,-0.00035578588239510513,-0.0018133503854985376,0.000866936326228909,-0.0010629246877227583,-2.7483584374772604e-06,0.09069080862197526,-0.1498920867924291,0.2125355185263816,-0.000301137170859217,-0.15688118394027645,0.09474999052634699,-0.1965341813267529,-0.10338426260623756,0.006789776859879751,-0.18151048545012263,0.04500439932154683,-0.08472884335624614,-0.00811864197272387,-0.0053273897105264615,-0.004232960024133708,-1.694263722353573e-05
195.68000000000006,0.92,0.025,0.009797958971132711,0.5248792922602417,0.5278473586035246,0.1068589840907692,-0.176954932775856,0.2509354891973747,-0.0003561986944985746,-0.0018102987217941573,0.0008673449769105648,-0.0010610464669585007,-2.7430101442467066e-06,0.09044544413442705,-0.14977465510148452,0.21239179805665795,-0.0003014865750235935,-0.15659681274366144,0.0947605085327534,-0.19640155099905346,-0.10331384122598722,0.006628909390298891,-0.18128346233110795,0.04492483589634603,-0.08457914559604937,-0.008118705926478929,-0.005327582789415979,-0.004228339477891005,-1.693319330701001e-05
195.84000000000003,0.92,0.025,0.009797958971132711,0.5248792922602417,0.5278473586035246,0.10656958018738262,-0.176816125096112,0.25076598723666244,-0.0003566106722015055,-0.0018072506728260835,0.0008677504990528072,-0.0010591701797326453,-2.737665102791316e-06,0.09020049267060065,-0.1496571682813492,0.2122483315971111,-0.00030183527295135425,-0.15631279732145245,0.09477077466680948,-0.19626915503765613,-0.10324354438977094,0.006468444075407356,-0.181056597056904,0.044845354197962845,-0.0844296020375046,-0.008118769716485645,-0.0053277764796062005,-0.004223715330113039,-1.692369492616049e-05
196.0,0.92,0.025,0.009797958971132711,0.5248792922602417,0.5278473586035246,0.10628066368278612,-0.1766772527826389,0.25059678506514366,-0.00035702181797596047,-0.0018042062365824852,0.0008681528996968775,-0.0010572958314178822,-2.732323362318163e-06,0.08995595374111018,-0.14953962675522559,0.2121051188791376,-0.00030218326673485293,-0.1560291374260946,0.09478078955845441,-0.19613699319538624,-0.10317337196464614,0.006308380267287357,-0.18082988976225767,0.04476595445669674,-0.08428021310739675,-0.008118833341262668,-0.0053279707824144765,-0.004219087616886969,-1.691414234383399e-05
196.15999999999997,0.92,0.025,0.009797958971132711,0.5248792922602417,0.5278473586035246,0.10599223399910494,-0.17653831633431383,0.2504278823647401,-0.0003574321342870776,-0.0018011654110481477,0.0008685521858731598,-0.0010554234273346683,-2.7269849716792528e-06,0.08971182685684242,-0.14942203094536324,0.21196215963351606,-0.0003025305584605825,-0.1557458328098224,0.09479055383661235,-0.19600506522449523,-0.1031033238173743,0.0061487173187477736,-0.18060334058118926,0.04468663690061807,-0.08413097922835636,-0.008118896799322428,-0.005328165699159051,-0.004214456374203448,-1.6904535822432132e-05
196.32000000000005,0.92,0.025,0.009797958971132711,0.5248792922602417,0.5278473586035246,0.10570429055878709,-0.17639931624888994,0.2502592788166528,-0.0003578416235929262,-0.0017981281942044893,0.0008689483646011945,-0.0010535529727513878,-2.7216499793718475e-06,0.0894681115289574,-0.14930438127306045,0.21181945359041493,-0.0003028771502090527,-0.15546288322466081,0.0948000681291934,-0.19587337087666784,-0.10303339981442472,0.005989454583323728,-0.1803769496469942,0.044607401755574844,-0.08398190081887234,-0.008118960089171097,-0.005328361231159059,-0.0042098216379562224,-1.689487562390189e-05
196.48000000000002,0.92,0.025,0.009797958971132711,0.5248792922602417,0.5278473586035246,0.10541683278460375,-0.1762602530229981,0.2500909741013713,-0.0003582502883444101,-0.0017950945840295722,0.0008693414428896875,-0.0010516844728845139,-2.716318433539631e-06,0.08922480726888861,-0.1491866781586656,0.2116770004794007,-0.0003032230440547087,-0.15518028842242645,0.09480933306309476,-0.1957419099030295,-0.10296359982197881,0.0058305914152763875,-0.18015071709224414,0.04452824924519964,-0.08383297829330492,-0.0081190232093086,-0.005328557379734523,-0.004205183443941765,-1.6885162009730255e-05
196.64,0.92,0.025,0.009797958971132711,0.5248792922602417,0.5278473586035246,0.10512986009964986,-0.1761211271521487,0.2499229678986821,-0.00035865813098518394,-0.0017920645784981167,0.0008697314277365223,-0.0010498179328987632,-2.710990381973074e-06,0.08898191358834365,-0.14906892202157868,0.21153480002944453,-0.0003035682420658597,-0.1548980481547286,0.09481834926420195,-0.19561068205415272,-0.10289392370593321,0.005672127169592498,-0.17992464304878908,0.044449179590916134,-0.08368421206189787,-0.008119086158228562,-0.00532875414620633,-0.00420054182785888,-1.6875395240936032e-05
196.80000000000007,0.92,0.025,0.009797958971132711,0.5248792922602417,0.5278473586035246,0.10484337192734476,-0.17598193913073326,0.24975525988767855,-0.00035906515395153895,-0.0017890381755815148,0.0008701183261287706,-0.001047953357907267,-2.7056658721106768e-06,0.0887394299993046,-0.14895111328025265,0.21139285196893112,-0.00030391274630458257,-0.15461616217297042,0.09482711735738983,-0.19547968708006488,-0.10282437133190427,0.005514061201984168,-0.1796987276477584,0.04437019301194645,-0.08353560253079216,-0.008119148934418311,-0.005328951531896235,-0.0041958968253083635,-1.6865575578064555e-05
196.96000000000004,0.92,0.025,0.009797958971132711,0.5248792922602417,0.5278473586035246,0.10455736769143258,-0.17584268945202622,0.24958784974677017,-0.000359471359672282,-0.0017860153732478438,0.0008705021450427034,-0.0010460907529717316,-2.7003449510391053e-06,0.08849735601402854,-0.148833252352195,0.2112511560256663,-0.0003042565588266195,-0.15433463022835006,0.09483563796652374,-0.19534892473025567,-0.1027549425652319,0.005356392868888531,-0.17947297101956264,0.044291289725317866,-0.08338715010203872,-0.008119211536358865,-0.00532914953812685,-0.0041912484717926135,-1.6855703281177896e-05
197.12,0.92,0.025,0.009797958971132711,0.5248792922602417,0.5278473586035246,0.1042718468159828,-0.17570337860818683,0.2494207371536906,-0.0003598767505686465,-0.0017829961694618781,0.0008708828914438029,-0.0010442301231025953,-2.695027665494855e-06,0.08825569114504785,-0.14871533965396933,0.21110971192688371,-0.0003045996816813024,-0.15405345207186188,0.09484391171446092,-0.19521839475368263,-0.10268563727098291,0.0051991215274672965,-0.179247373293895,0.044212469945869644,-0.08323885517361096,-0.008119273962524888,-0.005329348166221632,-0.004186596802715276,-1.684577860985182e-05
197.27999999999997,0.92,0.025,0.009797958971132711,0.5248792922602417,0.5278473586035246,0.10398680872539086,-0.17556400709026057,0.24925392178550748,-0.0003602813290542491,-0.0017799805621851043,0.0008712605722867719,-0.0010423714732592027,-2.689714061864238e-06,0.08801443490517083,-0.14859737560119654,0.21096851939925354,-0.00030494211691151643,-0.15377262745429743,0.09485193922305116,-0.19508809689877968,-0.10261645531395507,0.005042246535606623,-0.1790219345997328,0.04413373388626027,-0.08309071813941862,-0.00811933621138469,-0.005329547417504869,-0.004181941853380912,-1.683580182316672e-05
197.44000000000005,0.92,0.025,0.009797958971132711,0.5248792922602417,0.5278473586035246,0.10370225284437855,-0.17542457538818104,0.24908740331863105,-0.00036068509753489706,-0.0017769685493757336,0.0008716351945155463,-0.0010405148083499586,-2.6844041861846335e-06,0.08777358680748201,-0.14847936060855643,0.21082757816888933,-0.0003052838665535369,-0.1534921561262465,0.09485972111313828,-0.19495803091346317,-0.10254739655868092,0.004885767251916656,-0.1787966550653392,0.0440550817569741,-0.08294273938932008,-0.008119398281400217,-0.005329747293301687,-0.004177283658994613,-1.6825773179701198e-05
197.60000000000002,0.92,0.025,0.009797958971132711,0.5248792922602417,0.5278473586035246,0.10341817859799465,-0.17528508399077183,0.24892118142882358,-0.000361088058408591,-0.001773960128988715,0.0008720067650633058,-0.0010386601332325073,-2.6790980841452125e-06,0.08753314636534268,-0.1483612950897893,0.2106868879613563,-0.0003056249326370314,-0.15321203783809856,0.0948672580045613,-0.19482819654513947,-0.10247846086943162,0.0047296830357311925,-0.1785715348182644,0.043976513766329,-0.08279491930913654,-0.008119460171026998,-0.005329947794938024,-0.004172622254661707,-1.6815692937526756e-05
197.76,0.92,0.025,0.009797958971132711,0.5248792922602417,0.5278473586035246,0.10313458541161544,-0.17514553338574784,0.24875525579120714,-0.0003614902140653395,-0.001770955298975749,0.0008723752908524847,-0.0010368074527138844,-2.6737958010878196e-06,0.08729311309239131,-0.148243179457697,0.21054644850167772,-0.0003059653171849034,-0.15293227234004356,0.09487455051615526,-0.194698593540711,-0.10240964811022021,0.004573993247107419,-0.17834657398534742,0.04389803012048275,-0.08264725828066419,-0.00811952187871417,-0.00533014892374063,-0.0041679576753873805,-1.6805561354200133e-05
197.91999999999996,0.92,0.025,0.009797958971132711,0.5248792922602417,0.5278473586035246,0.10285147271094512,-0.17500592405971746,0.24858962608027355,-0.0003618915668871915,-0.001767954057285299,0.0008727407787947828,-0.001034956771550693,-2.6684973820077164e-06,0.08705348650254395,-0.14812501412414486,0.21040625951434355,-0.0003063050222133189,-0.15265285938207326,0.09488159926575268,-0.1945692216465839,-0.10234095814480584,0.004418697246825529,-0.17812177269271748,0.04381963102344056,-0.08249975668168816,-0.008119583402904416,-0.005330350681037046,-0.004163289956076371,-1.679537868675854e-05
198.08000000000004,0.92,0.025,0.009797958971132711,0.5248792922602417,0.5278473586035246,0.10256883992201643,-0.17486625649818388,0.24842429196989235,-0.00036229211924800693,-0.0017649564018626075,0.0008731032357911772,-0.0010331080944492664,-2.6632028715544467e-06,0.08681426610999471,-0.14800679950006285,0.21026632072331689,-0.0003066440497315131,-0.15237379871398213,0.09488840487018443,-0.1944400806086744,-0.10227239083669719,0.004263794396388411,-0.17789713106579558,0.043741316677061985,-0.08235241488599558,-0.008119644742033982,-0.005330553068155619,-0.0041586191315326326,-1.678514519171125e-05
198.24,0.92,0.025,0.009797958971132711,0.5248792922602417,0.5278473586035246,0.10228668647119114,-0.17472653118554715,0.24825925313332056,-0.00036269187351350746,-0.0017619623306497068,0.0008734626687319325,-0.0010312614260658422,-2.6579123140327336e-06,0.08657545142921619,-0.14788853599544713,0.21012663185204253,-0.00030698240174183275,-0.15209509008536867,0.09489496794528117,-0.19431117017241623,-0.10220394604915639,0.004109284058021366,-0.17767264922929613,0.04366308728106833,-0.08220523326338934,-0.008119705894532639,-0.005330756086425464,-0.004153945236459027,-1.6774861125035827e-05
198.39999999999998,0.92,0.025,0.009797958971132711,0.5248792922602417,0.5278473586035246,0.1020050117851605,-0.17458674860510567,0.24809450924320994,-0.0003630908320410974,-0.0017589718415854324,0.0008738190844966129,-0.0010294167710067235,-2.652625753403372e-06,0.08633704197495985,-0.14777022401936146,0.20998719262345292,-0.00030732008023958487,-0.15181673324563635,0.0949012891058742,-0.19418249008276628,-0.10213562364520219,0.003955165594671598,-0.17744832730722818,0.043584943033049536,-0.08205821217970094,-0.00811976685882366,-0.005330959737176474,-0.004149268305457001,-1.6764526742170698e-05
198.56000000000006,0.92,0.025,0.009797958971132711,0.5248792922602417,0.5278473586035246,0.10172381529094587,-0.1744469092390579,0.24793005997161682,-0.0003634889971798382,-0.0017559849326054373,0.0008741724899540916,-0.0010275741338284501,-2.64734323328405e-06,0.0860990372622566,-0.1476518639799386,0.20984800275997648,-0.00030765708721301505,-0.15153872794399484,0.09490736896579662,-0.19405404008421237,-0.10206742348761413,0.003801438370008122,-0.17722416542289712,0.04350688412847144,-0.08191135199680415,-0.008119827633323829,-0.005331164021739297,-0.004144588373026265,-1.675414229800985e-05
198.72000000000003,0.92,0.025,0.009797958971132711,0.5248792922602417,0.5278473586035246,0.10144309641589912,-0.1743070135685042,0.24776590499001033,-0.0003638863712703108,-0.0017530016016422032,0.0008745228919625636,-0.0010257335190379743,-2.642064796950165e-06,0.08586143680641702,-0.14753345628438197,0.20970906198354475,-0.00030799342464319106,-0.151261073929461,0.09491320813788465,-0.19392581992077954,-0.10199934543893595,0.0036481017484212277,-0.17700016369890617,0.04342891076068321,-0.08176465307262903,-0.008119888216443378,-0.005331368941445339,-0.004139905473564524,-1.6743708046895802e-05
198.88,0.92,0.025,0.009797958971132711,0.5248792922602417,0.5278473586035246,0.10116285458770315,-0.17416706207344854,0.2476020439692808,-0.0003642829566446353,-0.0017500218466250555,0.0008748702973695557,-0.0010238949310928246,-2.6367904873358407e-06,0.08562424012303195,-0.14741500133896684,0.20957037001559928,-0.00030832909450401934,-0.15098377095086019,0.09491880723397865,-0.19379782933603673,-0.10193138936147898,0.003495155095022268,-0.1767763222571579,0.04335102312092441,-0.08161811576117486,-0.008119948606586004,-0.005331574497626746,-0.004135219641367153,-1.6733224242615972e-05
199.03999999999996,0.92,0.025,0.009797958971132711,0.5248792922602417,0.5278473586035246,0.10088308923437247,-0.17402705523279996,0.2474384765797485,-0.00036467875562627944,-0.001747045665480175,0.0008752147130119375,-0.0010220583744012775,-2.63152034703478e-06,0.08538744672797287,-0.1472964995490419,0.20943192657709914,-0.00030866409876208293,-0.15070681875682695,0.09492416686492414,-0.19367006807310336,-0.10186355511732612,0.0033425977756432706,-0.17655264121885558,0.04327322139833224,-0.08147174041252392,-0.008120008802148844,-0.005331780691616397,-0.004130530910626905,-1.6722691138394854e-05
199.20000000000005,0.92,0.025,0.009797958971132711,0.5248792922602417,0.5278473586035246,0.10060379978425366,-0.17388699352437467,0.24727520249117182,-0.0003650737705300955,-0.0017440730561306109,0.000875556145715933,-0.0010202238533225311,-2.6262544183010967e-06,0.0851510561373923,-0.14717795131903072,0.20929373138852783,-0.00030899843937667285,-0.15043021709580662,0.0949292876405732,-0.193542535874656,-0.10179584256833499,0.0031904291568365982,-0.1763291207045049,0.043195505779948934,-0.08132552737285526,-0.008120068801522435,-0.0053319875247478925,-0.004125839315433634,-1.6712108986890017e-05
199.36,0.92,0.025,0.009797958971132711,0.5248792922602417,0.5278473586035246,0.10032498566602577,-0.17374687742489736,0.24711222137275649,-0.00036546800366216576,-0.001741104016496294,0.0008758946022971312,-0.0010183913721668815,-2.620992743050363e-06,0.08491506786772421,-0.14705935705243314,0.2091557841699011,-0.0003093321182996571,-0.15015396571605605,0.0949341701697853,-0.1934152324829352,-0.1017282515761418,0.003038648605874621,-0.1761057608339154,0.04311787645072927,-0.08117947698445872,-0.008120128603090717,-0.005332194998355547,-0.004121144889774029,-1.6701478040185756e-05
199.51999999999998,0.92,0.025,0.009797958971132711,0.5248792922602417,0.5278473586035246,0.10004664630870103,-0.1736067074100031,0.24694953289316277,-0.00036586145731977925,-0.00173813854449405,0.0008762300895604975,-0.001016560935195883,-2.6157353628603876e-06,0.08467948143568456,-0.14694071715182663,0.20901808464077298,-0.0003096651374754612,-0.14987806436564477,0.09493881506042856,-0.1932881576397514,-0.10166078200216468,0.002887255490749368,-0.17588256172620179,0.043040333593547433,-0.08103358958574775,-0.008120188205231011,-0.005332403113774375,-0.004116447667531291,-1.6690798549787867e-05
199.68000000000006,0.92,0.025,0.009797958971132711,0.5248792922602417,0.5278473586035246,0.09976878114162513,-0.17346648395423914,0.2467871367205146,-0.00036625413379132133,-0.0017351766380376114,0.0008765626143003841,-0.0010147325466225308,-2.6104823189720942e-06,0.08444429635827151,-0.146822032018868,0.20888063252024358,-0.0003099974988409744,-0.14960251279245618,0.09494322291938101,-0.1931613110864919,-0.10159343370760714,0.002736249180172162,-0.1756595234997856,0.04296287738920466,-0.08088786551127385,-0.008120247606313984,-0.005332611872340082,-0.004111747682484902,-1.6680070766617433e-05
199.84000000000003,0.92,0.025,0.009797958971132711,0.5248792922602417,0.5278473586035246,0.09949138959447786,-0.17332620753106634,0.24662503252240833,-0.00036664603535628847,-0.0017322182950376317,0.0008768921833005417,-0.0010129062106114376,-2.6052336522908048e-06,0.08420951215276606,-0.14670330205429455,0.20874342752696642,-0.0003103292043255626,-0.14932731074418865,0.09494739435253147,-0.19303469256412767,-0.10152620655346192,0.00258562904357337,-0.17543664627239686,0.04288550801643694,-0.08074230509174075,-0.008120306804703653,-0.005332821275389065,-0.004107044968310357,-1.6669294941008305e-05
200.0,0.92,0.025,0.009797958971132711,0.5248792922602417,0.5278473586035246,0.09921447109727356,-0.17318587861286108,0.2464632199659195,-0.00036703716428512393,-0.0017292635134016968,0.00087721880333413,-0.0010110819312789954,-2.5999894033867128e-06,0.08397512833673235,-0.14658452765792562,0.20860646937915428,-0.0003106602558509289,-0.1490524579683564,0.09495132996478078,-0.1929083018132185,-0.10145910040051379,0.00243539445110196,-0.17521393016107517,0.04280822565192173,-0.08059690865401721,-0.00812036579875734,-0.005333031324258382,-0.004102339558578881,-1.6658471322698462e-05
200.15999999999997,0.92,0.025,0.009797958971132711,0.5248792922602417,0.5278473586035246,0.09893802508036156,-0.17304549767091684,0.24630169871761254,-0.0003674275228392214,-0.0017263122910343384,0.0008775424811637286,-0.0010092597126935613,-2.5947496124961537e-06,0.08374114442801803,-0.14646570922866403,0.20846975779458726,-0.000310990655331117,-0.14877795421229073,0.09495503036004306,-0.192782138573921,-0.10139211510934364,0.0022855447736252225,-0.1749913752821714,0.042731030470286015,-0.0804516765211518,-0.008120424586825681,-0.005333242020285757,-0.004097631486757194,-1.6647600160827226e-05
200.32000000000005,0.92,0.025,0.009797958971132711,0.5248792922602417,0.5278473586035246,0.09866205097442673,-0.17290506517544602,0.246140468443548,-0.0003678171132708638,-0.0017233646258370473,0.0008778632235413488,-0.0010074395588756263,-2.5895143195224096e-06,0.0835075599447548,-0.1463468471644975,0.20833329249061905,-0.00031132040467245914,-0.1485037992231412,0.09495849614124666,-0.19265620258599372,-0.10132525054033145,0.0021360793827283468,-0.17476898175134925,0.04265392264411334,-0.0803066090123864,-0.00812048316725257,-0.0053334533648095655,-0.004092920786207251,-1.663668170392976e-05
200.48000000000002,0.92,0.025,0.009797958971132711,0.5248792922602417,0.5278473586035246,0.09838654821048994,-0.17276458159558142,0.24597952880929136,-0.00036820593782312626,-0.001720420515708286,0.0008781810372084439,-0.0010056214737979973,-2.584283564036742e-06,0.08327437440535869,-0.14622794186250013,0.2081970731841842,-0.0003116495057734941,-0.1482299927478764,0.09496172791033532,-0.19253049358880425,-0.10125850655366003,0.0019869976507142194,-0.17454674968358674,0.04257690234395171,-0.0801617064431706,-0.008120541538375187,-0.0053336653591688305,-0.004088207490186016,-1.6625716199931745e-05
200.64,0.92,0.025,0.009797958971132711,0.5248792922602417,0.5278473586035246,0.09811151621990856,-0.17262404739937814,0.24581887947992065,-0.00036859399872985393,-0.0017174799585434998,0.0008784959288959205,-0.0010038054613859654,-2.579057385279305e-06,0.0830415873285306,-0.14610899371883368,0.20806109959180485,-0.0003119779605249484,-0.14795653453328536,0.09496472626826934,-0.19240501132133517,-0.10119188300931818,0.001838298950602872,-0.1743246791931774,0.04249996973832061,-0.08001696912517517,-0.008120599698523932,-0.005333878004703193,-0.004083491631845196,-1.6614703896144944e-05
200.80000000000007,0.92,0.025,0.009797958971132711,0.5248792922602417,0.5278473586035246,0.09783695443437691,-0.17248346305381512,0.24565852012003442,-0.000368981298215589,-0.001714542952235132,0.0008788079053241492,-0.0010019915255174811,-2.5738358221600722e-06,0.08280919823325662,-0.14599000312874913,0.20792537142959713,-0.0003123057708096745,-0.14768342432597842,0.09496749181502666,-0.19227975552219023,-0.101125379767104,0.0016899826561313563,-0.17410277039373206,0.042423124993718586,-0.07987239736630596,-0.00812065764602244,-0.005334091302752921,-0.004078773244231002,-1.6603645039261933e-05
200.96000000000004,0.92,0.025,0.009797958971132711,0.5248792922602417,0.5278473586035246,0.09756286228592678,-0.17234282902479697,0.24549845039376,-0.00036936783849553126,-0.0017116094946726349,0.000879116973202976,-0.0010001796700233483,-2.568618913260049e-06,0.08257720663880844,-0.14587097048658818,0.20778988841327847,-0.00031263293850261766,-0.1474106618723883,0.09497002514960404,-0.19215472592960084,-0.10105899668662846,0.001542048141753218,-0.1738810233981803,0.042346368274631445,-0.07972799147071936,-0.008120715379187538,-0.005334305254658891,-0.004074052360283988,-1.6592539875352715e-05
201.12,0.92,0.025,0.009797958971132711,0.5248792922602417,0.5278473586035246,0.09728923920692786,-0.17220214577715542,0.2453386699647619,-0.00036975362177546614,-0.001708679583742483,0.0008794231392317324,-0.0009983698986873778,-2.5634066968319837e-06,0.08234561206474375,-0.14575189618578435,0.20765465025817448,-0.0003129594654707546,-0.1471382469187713,0.0949723268700181,-0.19202992228143237,-0.10099273362731871,0.0013944947826383123,-0.17365943831877168,0.04226969974353877,-0.07958375173883452,-0.008120772896329237,-0.005334519861762583,-0.004069329012838726,-1.6581388649858508e-05
201.27999999999997,0.92,0.025,0.009797958971132711,0.5248792922602417,0.5278473586035246,0.09701608463008825,-0.1720614137746513,0.24517917849624818,-0.00037013865025174286,-0.0017057532173281854,0.0008797264100992485,-0.0009965622152465798,-2.5581992108014086e-06,0.08211441403090669,-0.14563278061886487,0.20751965667922448,-0.0003132853535730752,-0.1468661792112082,0.09497439757330656,-0.19190534431518952,-0.10092659044842095,0.001247321954672233,-0.17343801526707747,0.0421931195609222,-0.07943967846734865,-0.008120830195750717,-0.005334735125406056,-0.004064603234623668,-1.657019160758812e-05
201.44000000000005,0.92,0.025,0.009797958971132711,0.5248792922602417,0.5278473586035246,0.09674339798845492,-0.171920633479976,0.24501997565098016,-0.00037052292611120387,-0.0017028303933102988,0.0008800267924838607,-0.0009947566233913375,-2.5529964927678247e-06,0.08188361205742825,-0.1455136241774517,0.2073849073909896,-0.00031361060466052296,-0.14659445849560548,0.09497623785552922,-0.19178099176802346,-0.10086056700900428,0.0011005290344562417,-0.17321675435399206,0.0421166278852727,-0.07929577194925086,-0.008120887275748292,-0.005334951046931952,-0.004059875058260884,-1.6558948992713733e-05
201.60000000000002,0.92,0.025,0.009797958971132711,0.5248792922602417,0.5278473586035246,0.09647117871541422,-0.17177980535475318,0.244861061091279,-0.0003709064515311483,-0.0016999111095664398,0.0008803242930534257,-0.0009929531267655889,-2.5477985800054747e-06,0.0816532056647266,-0.1453944272522631,0.20725040210765855,-0.00031393522057596396,-0.14632308451769627,0.09497784831176927,-0.19165686437673743,-0.10079466316796365,0.000954115399306688,-0.17299565568973424,0.04204022487309843,-0.0791520324738366,-0.008120944134611402,-0.005335167627683479,-0.004055144516265895,-1.654766104876593e-05
201.76,0.92,0.025,0.009797958971132711,0.5248792922602417,0.5278473586035246,0.09619942624469228,-0.17163892985954055,0.24470243447903386,-0.00037128922867928147,-0.001696995363971297,0.0008806189184653304,-0.0009911517289670007,-2.5426055094645107e-06,0.08142319437350755,-0.14527519023311514,0.20711614054305427,-0.00031425920315414384,-0.14605205702304142,0.09497922953613414,-0.19153296187779267,-0.10072887878402315,0.0008080804272547129,-0.172774719383849,0.04196391067893204,-0.07900846032672153,-0.008121000770622592,-0.0053353848690043965,-0.004050411641047433,-1.65363280186299e-05
201.91999999999996,0.92,0.025,0.009797958971132711,0.5248792922602417,0.5278473586035246,0.09592814001035553,-0.1714980074538314,0.2445440954757097,-0.00037167125971369316,-0.0016940831543966446,0.0008809106753665019,-0.000989352433547149,-2.5374173177719927e-06,0.08119357770476493,-0.1451559135089229,0.2069821224106407,-0.0003145825542216699,-0.14578137575703057,0.09498038212175684,-0.1914092840073147,-0.10066321371573925,0.0006624234970460161,-0.17255394554520864,0.04188768545533848,-0.07886505578985586,-0.008121057182057493,-0.005335602772239014,-0.0040456764649072574,-1.6524950144541556e-05
202.08000000000004,0.92,0.025,0.009797958971132711,0.5248792922602417,0.5278473586035246,0.09565731944681116,-0.17135703859605644,0.24438604374235498,-0.0003720525467827766,-0.0016911744787113535,0.0008811995703934199,-0.0009875552440116995,-2.5322340412327687e-06,0.08096435517978097,-0.14503659746770217,0.20684834742352926,-0.0003149052755969421,-0.14551104046488333,0.09498130666079713,-0.1912858305010993,-0.100597667821504,0.0005171439881403341,-0.1723333342820145,0.04181154935292255,-0.07872181914153879,-0.008121113367184792,-0.005335821338732167,-0.004040939020039958,-1.6513527668082225e-05
202.24,0.92,0.025,0.009797958971132711,0.5248792922602417,0.5278473586035246,0.09538696398880753,-0.1712160237435853,0.24422827893960883,-0.0003724330920252237,-0.0016882693347814056,0.000881485610172127,-0.0009857601638205912,-2.5270557158306754e-06,0.08073552632012669,-0.1449172424965706,0.20671481529448493,-0.00031522736909014935,-0.14524105089165004,0.09498200374444232,-0.19116260109461825,-0.10053224095954827,0.00037224128071122454,-0.1721128857017983,0.04173550252033682,-0.07857875065643297,-0.008121169324266226,-0.005336040569829222,-0.004036199338532792,-1.6502060830175955e-05
202.39999999999998,0.92,0.025,0.009797958971132711,0.5248792922602417,0.5278473586035246,0.0951170730714347,-0.17107496335272834,0.2440708007277093,-0.00037281289756997265,-0.001685367720469904,0.0008817688013182395,-0.0009839671963882079,-2.521882377229483e-06,0.08050709064766233,-0.14479784898174927,0.20658152573593316,-0.00031554883650322484,-0.1449714067822131,0.09498247396290876,-0.19103959552302535,-0.10046693298794468,0.00022771475564561431,-0.17189259991142355,0.04165954510428886,-0.07843585060557824,-0.008121225051556553,-0.005336260466876049,-0.004031457452365456,-1.6490549871084876e-05
202.56000000000006,0.92,0.025,0.009797958971132711,0.5248792922602417,0.5278473586035246,0.09484764613012485,-0.1709338578787382,0.24391360876650017,-0.0003731919655361954,-0.0016824696336370866,0.000882049150436959,-0.000982176345083563,-2.5167140607738825e-06,0.08027904768453768,-0.144678417308564,0.20644847845996575,-0.0003158696796298358,-0.14470210788128782,0.09498271790544273,-0.19091681352116235,-0.10040174376461104,8.356379454346135e-05,-0.17167247701708713,0.04158367724954921,-0.07829311925640643,-0.008121280547303539,-0.005336481031219018,-0.004026713393409936,-1.6478995030405632e-05
202.72000000000003,0.92,0.025,0.009797958971132711,0.5248792922602417,0.5278473586035246,0.09457868260065279,-0.1707927077758115,0.2437567027154395,-0.000373570298033195,-0.0016795750721403401,0.0008823266641230824,-0.000980387613230487,-2.5115508014907272e-06,0.08005139695319252,-0.14455894786144685,0.206315673178348,-0.0003161899002552963,-0.14443315393342362,0.09498273616032156,-0.190794254823565,-0.10033667314731336,-6.021222028249682e-05,-0.17145251712432064,0.04150789909895926,-0.07815055687275607,-0.00812133580974793,-0.005336702264204995,-0.004021967193430345,-1.646739654706523e-05
202.88,0.92,0.025,0.009797958971132711,0.5248792922602417,0.5278473586035246,0.09431018191913633,-0.17065151349709057,0.24360008223360574,-0.00037394789716044567,-0.0016766840338342088,0.0008826013489610137,-0.000978601004107795,-2.506392634089808e-06,0.079824137976357,-0.14443944102393746,0.20618310960252392,-0.0003165095001566012,-0.14416454468300505,0.09498252931485492,-0.19067191916446813,-0.10027172099366881,-0.0002036139058072637,-0.1712327203379919,0.04143221079343842,-0.07800816371488588,-0.008121390837123441,-0.005336924167181312,-0.004017218884082717,-1.645575465931745e-05
203.03999999999996,0.92,0.025,0.009797958971132711,0.5248792922602417,0.5278473586035246,0.09404214352203681,-0.17051027549466513,0.24344374697970617,-0.00037432476500755496,-0.00167379651657041,0.0008828732115247744,-0.000976816520949479,-2.501239592965182e-06,0.07959727027705196,-0.14431989717868457,0.20605078744362332,-0.00031682848110239453,-0.14389627987425266,0.09498209795538577,-0.1905498062778123,-0.10020688716114896,-0.0003466418782937833,-0.17101308676230634,0.04135661247199238,-0.07786594003949002,-0.008121445627656718,-0.00533714674149577,-0.0040124684969148824,-1.6444069604740253e-05
203.20000000000005,0.92,0.025,0.009797958971132711,0.5248792922602417,0.5278473586035246,0.09377456684615951,-0.17036899421957377,0.24328769661208371,-0.0003747009036541887,-0.0016709125181978443,0.0008831422583780153,-0.0009750341669448826,-2.4960917121960277e-06,0.0793707933785894,-0.14420031670744723,0.20591870641246768,-0.00031714684485290533,-0.1436283592512242,0.0949814426672915,-0.19042791589724892,-0.10014217150708278,-0.0004892967532934868,-0.17079361650080854,0.04128110427172044,-0.077723886099712,-0.008121500179567354,-0.00533736998849663,-0.004007716063366273,-1.64323416202306e-05
203.36,0.92,0.025,0.009797958971132711,0.5248792922602417,0.5278473586035246,0.09350745132865407,-0.17022767012180579,0.2431319307887247,-0.00037507631517006877,-0.0016680320365626098,0.0008834084960740262,-0.0009732539452388914,-2.4909490255477004e-06,0.0791447068045728,-0.14408069999109643,0.2057868662195766,-0.00031746459315994623,-0.14336078255781562,0.09498056403498513,-0.19030624775614655,-0.10007757388865983,-0.0006315791456464486,-0.1705743096563836,0.0412056863278237,-0.0775820021451598,-0.00812155449106783,-0.005337593909532587,-0.004002961614767812,-1.642057094200145e-05
203.51999999999998,0.92,0.025,0.009797958971132711,0.5248792922602417,0.5278473586035246,0.09324079640701508,-0.17008630365030275,0.2429764491672655,-0.0003754510016149495,-0.0016651550695080126,0.0008836719311557478,-0.0009714758589321064,-2.4858115664730334e-06,0.07891901007889757,-0.14396104740961627,0.20565526657517352,-0.0003177817277668933,-0.14309354953776218,0.09497946264191633,-0.1901848015875958,-0.1000130941629329,-0.0007734896694818896,-0.17035516633125858,0.04113035877361242,-0.07744028842191975,-0.008121608560363515,-0.005337818505952764,-0.003998205182341731,-1.6408757805579335e-05
203.68000000000006,0.92,0.025,0.009797958971132711,0.5248792922602417,0.5278473586035246,0.09297460151908227,-0.1699448952529602,0.24282125140500022,-0.0003758249650385985,-0.0016622816148745801,0.0008839325701557818,-0.0009696999110810277,-2.4806793681131402e-06,0.07869370272575124,-0.1438413593421055,0.2055239071891922,-0.00031809825040866977,-0.14282665993463922,0.09497813907057258,-0.19006357712441546,-0.09994873218682139,-0.0009150289382184199,-0.170136186627004,0.04105512174051385,-0.07729874517257102,-0.00812166238565264,-0.005338043779106716,-0.0039934467972014215,-1.6396902445800014e-05
203.84000000000003,0.92,0.025,0.009797958971132711,0.5248792922602417,0.5278473586035246,0.09270886610304128,-0.16980344537662928,0.24266633715888794,-0.0003761982074807389,-0.0016594116705000723,0.0008841904195964025,-0.0009679261046982426,-2.475552463298652e-06,0.07846878426961415,-0.14372163616677902,0.20539278777128275,-0.00031841416281169744,-0.1425601134918635,0.09497659390248026,-0.1899425740991583,-0.0998844878171142,-0.0010561975645645423,-0.1699173706445351,0.040979975358080255,-0.07715737263620075,-0.008121715965126284,-0.00533826973034439,-0.003988686490351323,-1.638500509680533e-05
204.0,0.92,0.025,0.009797958971132711,0.5248792922602417,0.5278473586035246,0.09244358959742381,-0.1696619544671185,0.24251170608555903,-0.0003765707309710664,-0.0016565452342194957,0.0008844454859895678,-0.0009661544427526033,-2.4704308845507145e-06,0.07824425423525952,-0.1436018782609691,0.20526190803081718,-0.00031872946669391064,-0.14229390995269411,0.09497482771820588,-0.18982179224411563,-0.0998203609104724,-0.0011969961605188778,-0.16969871848411358,0.04090491975399642,-0.077016171048418,-0.008121769296968343,-0.005338496361016134,-0.003983924292686777,-1.63730659920404e-05
204.15999999999997,0.92,0.025,0.009797958971132711,0.5248792922602417,0.5278473586035246,0.09217877144110823,-0.169520422969195,0.24235735784132353,-0.00037694253752922573,-0.001653682303865113,0.0008846977758369294,-0.0009643849281694124,-2.4653146640821768e-06,0.078020112147754,-0.14348208600112666,0.20513126767689624,-0.0003190441637647367,-0.1420280490602333,0.09497284109735689,-0.18970123129132443,-0.09975635132343266,-0.0013374253373706333,-0.16948023024534875,0.040829955054087694,-0.07687514064136869,-0.008121822379355523,-0.005338723672472678,-0.003979160234993887,-1.636108536425076e-05
204.32000000000005,0.92,0.025,0.009797958971132711,0.5248792922602417,0.5278473586035246,0.09191441107331993,-0.1693788513265868,0.242203292082177,-0.00037731362916474146,-0.0016508228772664578,0.0008849472956298446,-0.000962617563830603,-2.4602038337985047e-06,0.07779635753245799,-0.14336225976282307,0.20500086641835463,-0.0003193582557250372,-0.1417625305574279,0.09497063461858318,-0.18958089097257114,-0.09969245891240971,-0.001477485705699907,-0.16926190602719915,0.04075508138232749,-0.07673428164374982,-0.008121875210457315,-0.005338951666065121,-0.003974394347949396,-1.6349063445477905e-05
204.48000000000002,0.92,0.025,0.009797958971132711,0.5248792922602417,0.5278473586035246,0.0916505079336318,-0.16923723998198395,0.24204950846380816,-0.00037768400787705874,-0.0016479669522503442,0.0008851940518493862,-0.0009608523525749275,-2.45509842529913e-06,0.07757298991502597,-0.14324239992075122,0.20487070396376722,-0.00031967174426714254,-0.14149735418706993,0.09496820885957798,-0.18946077101939837,-0.0996286835336996,-0.0016171778753780424,-0.16904374592797378,0.040680298860845475,-0.07659359428082453,-0.008121927788435962,-0.0053391803431449255,-0.003969626662120582,-1.6337000467058283e-05
204.64,0.92,0.025,0.009797958971132711,0.5248792922602417,0.5278473586035246,0.09138706146196471,-0.16909558937704036,0.2418960066416054,-0.00037805367565552957,-0.0016451145266408815,0.0008854380509663547,-0.0009590892971981377,-2.4499984698783034e-06,0.07735000882140693,-0.14312250684872696,0.20474078002145482,-0.0003199846310748402,-0.14123251969179787,0.09496556439707887,-0.1893408711631096,-0.09956502504348215,-0.0017565024555680625,-0.16882575004533376,0.040605607609935195,-0.07645307877443644,-0.008121980111446462,-0.005339409705063894,-0.0039648572079651325,-1.6324896659619507e-05
204.80000000000007,0.92,0.025,0.009797958971132711,0.5248792922602417,0.5278473586035246,0.09112407109858779,-0.16895389995237553,0.24174278627066387,-0.00037842263447932536,-0.0016422655982594838,0.0008856792994412876,-0.0009573284004531628,-2.4449039985263704e-06,0.07712741377784471,-0.14300258091969065,0.2046110942994899,-0.000320296917823301,-0.14096802681409767,0.09496270180686919,-0.18922119113477467,-0.09950148329782416,-0.0018954600547249393,-0.1686079184762935,0.0405310077480616,-0.07631273534302375,-0.008122032177636525,-0.005339639753174167,-0.003960086015831005,-1.631275225307696e-05
204.96000000000004,0.92,0.025,0.009797958971132711,0.5248792922602417,0.5278473586035246,0.09086153628411907,-0.16881217214757596,0.24158984700579272,-0.00037879088631748175,-0.0016394201649248838,0.0008859178037244719,-0.0009555696650503104,-2.4398150419307797e-06,0.07690520431087838,-0.1428826225057083,0.20448164650570297,-0.00032060860617911656,-0.14070387529630363,0.09495962166377885,-0.18910173066523567,-0.09943805815268231,-0.0020340512805960614,-0.16839025131722238,0.04045649939186968,-0.07617256420163535,-0.008122083985146567,-0.005339870488828199,-0.003955313115956385,-1.6300567476631725e-05
205.12,0.92,0.025,0.009797958971132711,0.5248792922602417,0.5278473586035246,0.0905994564595257,-0.16867040640119702,0.24143718850152118,-0.0003791584331289126,-0.0016365782244531439,0.0008861535702559537,-0.000953813093657431,-2.4347316304771865e-06,0.07668337994734256,-0.14276263197797315,0.20435243634768754,-0.00032091969780031164,-0.14044006488059943,0.09495632454168558,-0.1889824894851116,-0.09937474946390562,-0.0021722767402215046,-0.16817274866384596,0.0403820826561915,-0.0760325655619438,-0.008122135532109684,-0.005340101913378764,-0.003950538538469515,-1.6288342558768217e-05
205.27999999999997,0.92,0.025,0.009797958971132711,0.5248792922602417,0.5278473586035246,0.09033783106612457,-0.16852860315076446,0.24128481041210562,-0.00037952527686231554,-0.0016337397746576687,0.0008863866054655496,-0.0009520586889001106,-2.429653794250692e-06,0.07646194021436784,-0.14264260970680703,0.2042234635328062,-0.00032123019433626386,-0.14017659530901938,0.09495281101351606,-0.1888634673248037,-0.09931155708723839,-0.0023101370399344545,-0.16795541061124752,0.040307757654054296,-0.07589273963226069,-0.008122186816651633,-0.005340334028178925,-0.003945762313388622,-1.6276077727250778e-05
205.44000000000005,0.92,0.025,0.009797958971132711,0.5248792922602417,0.5278473586035246,0.09007665954558251,-0.1683867628327761,0.2411327123915359,-0.0003798914194562417,-0.0016309048133492164,0.0008866169157728587,-0.0009503064533618598,-2.424581563036768e-06,0.07624088463938104,-0.1425225560616617,0.204094727768196,-0.000321540097427763,-0.13991346632344898,0.09494908165124706,-0.18874466391450073,-0.09924848087832296,-0.0024476327853616337,-0.1677382372538694,0.04023352449668867,-0.07575308661755172,-0.008122237836890813,-0.00534056683458203,-0.003940984470621857,-1.6263773209121702e-05
205.60000000000002,0.92,0.025,0.009797958971132711,0.5248792922602417,0.5278473586035246,0.08981594133991698,-0.16824488588270334,0.24098089409354315,-0.00038025686283903886,-0.0016280733383359112,0.0008868445075872713,-0.0009485563895842932,-2.4195149663225533e-06,0.07602021275010573,-0.1424024714111201,0.20396622876077494,-0.0003218494087069625,-0.13965067766562633,0.09494513702590628,-0.1886260789841848,-0.09918552069270271,-0.0025847645814235437,-0.1675212286855145,0.040159383293536105,-0.0756136067194509,-0.008122288590938243,-0.005340800333941699,-0.0039362050399671614,-1.6251429230698552e-05
205.76,0.92,0.025,0.009797958971132711,0.5248792922602417,0.5278473586035246,0.08955567589149624,-0.16810297273499306,0.24082935517160495,-0.0003806216089288658,-0.0016252453474232553,0.000887069387307981,-0.0009468085000673113,-2.414454033298003e-06,0.07579992407456242,-0.14228235612289813,0.20383796621724642,-0.00032215812979739203,-0.139388229077143,0.09494097770757384,-0.18850771226363555,-0.09912267638582442,-0.0027215330323348643,-0.1673043849993476,0.04008533415225684,-0.07547430013627514,-0.008122339076897534,-0.005341034527611811,-0.0039314240511121945,-1.6239046017572343e-05
205.91999999999996,0.92,0.025,0.009797958971132711,0.5248792922602417,0.5278473586035246,0.08929586264303992,-0.16796102382306893,0.24067809527895245,-0.00038098565963367106,-0.0016224208384141403,0.0008872915613239959,-0.0009450627872692892,-2.4093987928566637e-06,0.07558001814106899,-0.14216221056384556,0.20370993984410538,-0.0003224662623139392,-0.13912612029944485,0.09493660426538311,-0.18838956348243577,-0.09905994781304105,-0.002857938741604922,-0.16708770628789676,0.0400113771787378,-0.07533516706303912,-0.00812238929286489,-0.00534126941694649,-0.003926641533634263,-1.622662379460344e-05
206.08000000000004,0.92,0.025,0.009797958971132711,0.5248792922602417,0.5278473586035246,0.08903650103761941,-0.16781903957933333,0.24052711406857719,-0.0003813490168512025,-0.0016195998091088591,0.0008875110360141488,-0.0009433192536072595,-2.4043492735973856e-06,0.07536049447824107,-0.14204203509994773,0.20358214934764374,-0.0003227738078628578,-0.13886435107383338,0.09493201726752196,-0.18827163236997635,-0.09899733482961467,-0.0029939823120379854,-0.16687119264305486,0.03993751247710049,-0.07519620769146995,-0.008122439236929051,-0.005341505003300091,-0.003921857517000234,-1.621416278592193e-05
206.24,0.92,0.025,0.009797958971132711,0.5248792922602417,0.5278473586035246,0.08877759051865824,-0.1676770204351687,0.24037641119323708,-0.00038171168246902874,-0.0016167822573051182,0.0008877278177471081,-0.0009415779014571037,-2.399305503824965e-06,0.07514135261499234,-0.14192183009632678,0.20345459443395586,-0.00032308076804178594,-0.1386029211414664,0.09492721728123374,-0.18815391865546166,-0.09893483729071884,-0.0031296643457336196,-0.1666548441560808,0.0398637401497091,-0.07505742221002236,-0.008122488907171316,-0.005341741288027188,-0.003917072030566492,-1.6201663214923836e-05
206.39999999999998,0.92,0.025,0.009797958971132711,0.5248792922602417,0.5278473586035246,0.08851913052993253,-0.16753496682093943,0.24022598630546313,-0.0003820736583644604,-0.0016139681807980496,0.0008879419128813896,-0.0009398387331537231,-2.394267511551419e-06,0.0749225920805349,-0.14180159591724315,0.203327274808944,-0.0003233871444396793,-0.13834183024335922,0.09492220487281859,-0.18803642206791407,-0.09887245505144146,-0.0032649854440871045,-0.16643866091760118,0.039790060297177764,-0.0749188108038923,-0.008122538301665486,-0.005341978272482565,-0.003912285103578817,-1.6189125304268203e-05
206.56000000000006,0.92,0.025,0.009797958971132711,0.5248792922602417,0.5278473586035246,0.08826112051557136,-0.16739287916599324,0.24007583905756538,-0.0003824349464046506,-0.001611157577380222,0.0008881533277653658,-0.0009381017509912351,-2.389235324497257e-06,0.0747042124043796,-0.1416813329260967,0.20320019017832336,-0.0003236929386368963,-0.13808107812038548,0.09491698060763419,-0.18791914233617898,-0.09881018796678721,-0.0033999462077897885,-0.16622264301761133,0.03971647301837901,-0.07478037365503257,-0.00812258741847787,-0.005342215958021196,-0.003907496765172372,-1.6176549275877317e-05
206.72000000000003,0.92,0.025,0.009797958971132711,0.5248792922602417,0.5278473586035246,0.0880035599200572,-0.16725075789866306,0.23992596910163974,-0.00038279554844652394,-0.0016083504448416522,0.0008883620687372779,-0.0009363669572231596,-2.384208970092569e-06,0.07448621311633642,-0.14156104148542842,0.20307334024762788,-0.00032399815220513785,-0.13782066451327837,0.09491154505009734,-0.1878020791889303,-0.09874803589168028,-0.0035345472368294804,-0.166006790545477,0.039642978410451626,-0.07464211094216759,-0.008122636255667235,-0.005342454345998238,-0.00390270704437164,-1.616393535093329e-05
206.88,0.92,0.025,0.009797958971132711,0.5248792922602417,0.5278473586035246,0.08774644818822636,-0.1671086034462684,0.23977637608957425,-0.00038315546633676,-0.0016055467809698188,0.0008885681421252464,-0.0009346343540625952,-2.3791884754780517e-06,0.07426859374651479,-0.1414407219569216,0.20294672472221564,-0.0003243027867074337,-0.1375605891626313,0.09490589876368465,-0.18768523235467485,-0.09868599868096713,-0.0036687891304907788,-0.16579110358993582,0.03956957656880822,-0.07450402284080751,-0.008122684811284819,-0.005342693437769013,-0.003897915970090336,-1.6151283749875255e-05
207.03999999999996,0.92,0.025,0.009797958971132711,0.5248792922602417,0.5278473586035246,0.08748978476526934,-0.16696641623511704,0.23962705967305423,-0.00038351470191190826,-0.001602746583549671,0.0008887715542472818,-0.0009329039436824065,-2.3741738675062896e-06,0.07405135382532396,-0.14132037470140307,0.2028203433072731,-0.00032460684369823916,-0.13730085180889923,0.09490004231093371,-0.18756860156175695,-0.09862407618941843,-0.003802672487355514,-0.1655755822390982,0.03949626758714319,-0.07436610952326309,-0.00812273308337428,-0.0053429332346889916,-0.003893123571131383,-1.613859469239998e-05
207.20000000000005,0.92,0.025,0.009797958971132711,0.5248792922602417,0.5278473586035246,0.0872335690967312,-0.1668241966905069,0.2394780195035696,-0.00038387325699826145,-0.0015999498503636432,0.0008889723114112955,-0.000931175728215416,-2.3691651727428826e-06,0.0738344928834733,-0.14120000007884506,0.20269419570782132,-0.0003249103247233285,-0.13704145219239938,0.09489397625344459,-0.18745218653836376,-0.09856226827173221,-0.003936197905303078,-0.16536022658044944,0.03942305155744088,-0.07422837115866086,-0.008122781069971701,-0.005343173738113796,-0.0038883298761868738,-1.6125868397457752e-05
207.36,0.92,0.025,0.009797958971132711,0.5248792922602417,0.5278473586035246,0.08697780062851213,-0.16668194523672722,0.23932925523242105,-0.00038423113341197056,-0.0015971565791916649,0.0008891704199151109,-0.0009294497097545826,-2.36416241746757e-06,0.07361801045197267,-0.14107959844836593,0.20256828162872118,-0.0003252132313198919,-0.13678239005331239,0.09488770115188032,-0.1873359870125303,-0.09850057478253632,-0.004069365981510797,-0.16514503670085048,0.03934992856998325,-0.0740908079129575,-0.008122828769105542,-0.005343414949399161,-0.0038835349138380037,-1.611310508325228e-05
207.51999999999998,0.92,0.025,0.009797958971132711,0.5248792922602417,0.5278473586035246,0.08672247880686758,-0.16653966229706052,0.2391807665107251,-0.000384588332958943,-0.001594366767811172,0.0008893658860464734,-0.0009277258903531913,-2.3591656276753823e-06,0.07340190606213272,-0.14095917016823203,0.20244260077467774,-0.0003255155650164494,-0.13652366513168313,0.09488121756596847,-0.18722000271214329,-0.0984389955763906,-0.00420217731245435,-0.16493001268653953,0.03927689871335788,-0.07395341994895477,-0.008122876178796644,-0.005343656869900943,-0.003878738712555067,-1.61003049672373e-05
207.68000000000006,0.92,0.025,0.009797958971132711,0.5248792922602417,0.5278473586035246,0.08646760307840892,-0.166397348293784,0.23903255298942083,-0.00038494485743497997,-0.00159158041399712,0.0008895587160830626,-0.0009260042720250278,-2.3541748290778545e-06,0.07318617924556532,-0.14083871559585878,0.2023171528502458,-0.00032581732733296705,-0.1362652771674218,0.094874526054502,-0.1871042333649465,-0.09837753050778948,-0.004334632493908139,-0.16471515462313369,0.039203962074465505,-0.07381620742631355,-0.008122923297058193,-0.005343899500975094,-0.0038739413006973686,-1.608746826611719e-05
207.84000000000003,0.92,0.025,0.009797958971132711,0.5248792922602417,0.5278473586035246,0.08621317289010368,-0.1662550036481713,0.2388846143192759,-0.0003853007086256365,-0.0015887975155219956,0.0008897489162925019,-0.0009242848567445825,-2.3491900471041663e-06,0.07297082953418375,-0.1407182350878122,0.20219193755983514,-0.00032611851978073877,-0.13600722590030487,0.0948676271753405,-0.18698867869854544,-0.09831617943116472,-0.004466732120945592,-0.16450046259562992,0.03913111873852864,-0.07367917050156987,-0.008122970121895712,-0.005344142843977657,-0.003869142706513273,-1.6074595195843013e-05
208.0,0.92,0.025,0.009797958971132711,0.5248792922602417,0.5278473586035246,0.08595918768927602,-0.16611262878049404,0.23873695015089194,-0.0003856558883063691,-0.0015860180701558254,0.0008899364929323696,-0.000922567646447215,-2.3442113069023638e-06,0.07275585646020323,-0.14059772899981016,0.20206695460771495,-0.0003264191438625108,-0.1357495110699761,0.09486052148541117,-0.1868733384404116,-0.09825494220088737,-0.004598476787939665,-0.16428593668840666,0.03905836878909863,-0.07354230932814823,-0.008123016651307016,-0.005344386900264735,-0.0038643429581401026,-1.6061685971613392e-05
208.15999999999997,0.92,0.025,0.009797958971132711,0.5248792922602417,0.5278473586035246,0.08570564692360698,-0.16597022411002338,0.2385895601347107,-0.0003860103982424662,-0.0015832420756661913,0.0008901214522502106,-0.0009208526430293568,-2.339238633340274e-06,0.07254125955614095,-0.1404771976867238,0.20194220369801913,-0.0003267192010724234,-0.13549213241594726,0.09485320954071004,-0.1867582123178871,-0.09819381867127049,-0.004729867088563132,-0.16407157698522523,0.03898571230806429,-0.07340562405637756,-0.00812306288328222,-0.0053446316711925025,-0.00385954208360418,-1.6048740807870823e-05
208.32000000000005,0.92,0.025,0.009797958971132711,0.5248792922602417,0.5278473586035246,0.08545255004113517,-0.1658277900550317,0.23844244392102032,-0.00038636424018908947,-0.0015804695298182393,0.0008903038004835456,-0.00091913984834868,-2.3342720510071093e-06,0.07232703835481681,-0.14035664150257884,0.2018176845347516,-0.00032701869289604533,-0.13523508967759962,0.09484569189630293,-0.18664330005819005,-0.0981328086965716,-0.004860903615789008,-0.16385738356923102,0.03891314937565909,-0.07326911483350469,-0.008123108815803698,-0.005344877158117165,-0.0038547401108207455,-1.6035759918302433e-05
208.48000000000002,0.92,0.025,0.009797958971132711,0.5248792922602417,0.5278473586035246,0.08519989649025683,-0.1656853270327943,0.2382956011599602,-0.00038671741589128296,-0.0015777004303746923,0.0008904835438598834,-0.0009174292642243002,-2.3293115842142514e-06,0.07211319238935339,-0.1402360608005571,0.20169339682179033,-0.0003273176208103819,-0.1349783825941843,0.09483796910632675,-0.18652860138841768,-0.09807191213099473,-0.00499158696189092,-0.16364335652295506,0.03884068007046979,-0.07313278180371054,-0.008123154446846064,-0.005345123362394959,-0.003849937067594024,-1.6022743515837182e-05
208.64,0.92,0.025,0.009797958971132711,0.5248792922602417,0.5278473586035246,0.0849476857197264,-0.16554283545959061,0.23814903150152752,-0.00038706992708399326,-0.0015749347750958606,0.0008906606885967309,-0.0009157208924369434,-2.324357256996581e-06,0.07189972119317643,-0.1401154559329975,0.20156934026289292,-0.0003276159862838919,-0.1347220109048236,0.09483004172399026,-0.1864141160355521,-0.09801112882869313,-0.005121917718443475,-0.16342949592831527,0.038768304469443626,-0.07299662510812327,-0.008123199774376168,-0.005345370285382145,-0.0038451329816171324,-1.600969181264517e-05
208.80000000000007,0.92,0.025,0.009797958971132711,0.5248792922602417,0.5278473586035246,0.08469591717865688,-0.1654003157507063,0.23800273459558197,-0.0003874217754920454,-0.0015721725617396545,0.0008908352409016044,-0.0009140147347291431,-2.3194090931136943e-06,0.07168662430001518,-0.1399948272513978,0.2014455145617006,-0.00032791379077646725,-0.13446597434851199,0.09482191030157555,-0.18629984372646358,-0.09795045864377118,-0.0052518964763227025,-0.16321580186661785,0.038696022647896594,-0.07286064488483411,-0.008123244796353051,-0.005345617928434973,-0.003840327880472139,-1.599660502013613e-05
208.96000000000004,0.92,0.025,0.009797958971132711,0.5248792922602417,0.5278473586035246,0.08444459031652013,-0.1652577683204345,0.23785671009185258,-0.00038777296283024396,-0.0015694137880615953,0.0008910072069720396,-0.0009123107928054213,-2.314467116050992e-06,0.07147390124390264,-0.13987417510641578,0.20132191942174404,-0.0003282110357395185,-0.13421027266411675,0.09481357539043889,-0.18618578418791615,-0.09788990143028715,-0.0053815238257063054,-0.16300227441855883,0.03862383467952129,-0.07272484126891168,-0.008123289510727934,-0.00534586629290969,-0.0038355217916300286,-1.5983483348959167e-05
209.12,0.92,0.025,0.009797958971132711,0.5248792922602417,0.5278473586035246,0.0841937045831474,-0.16511519358207766,0.2377109576399423,-0.0003881234908032937,-0.001566658451814826,0.0008911765929956033,-0.0009106090683324725,-2.3095313490209918e-06,0.07126155155917596,-0.13975349984787053,0.20119855454644717,-0.00032850772261590783,-0.13395490559037937,0.09480503754101188,-0.18607193714657091,-0.09782945704225522,-0.005510800356074226,-0.16278891366422502,0.0385517406363947,-0.07258921439241664,-0.0081233339154442,-0.005346115380162507,-0.0038307147424507153,-1.597032700900075e-05
209.27999999999997,0.92,0.025,0.009797958971132711,0.5248792922602417,0.5278473586035246,0.08394325942872959,-0.16497259194794886,0.23756547688933385,-0.00038847336110589423,-0.0015639065507501238,0.0008913434051499038,-0.0009089095629393514,-2.3046018149642817e-06,0.07104957478047673,-0.1396328018247439,0.2010754196391322,-0.00032880385284002887,-0.13369987286591606,0.09479629730280259,-0.185958302328991,-0.09776912533364765,-0.0056397266562089035,-0.16257571968309584,0.0384797405889862,-0.0724537643844166,-0.008123378008437376,-0.005346365191549592,-0.0038259067601830584,-1.5957136209383955e-05
209.44000000000005,0.92,0.025,0.009797958971132711,0.5248792922602417,0.5278473586035246,0.08369325430381763,-0.16482996382937365,0.23742026748939532,-0.00038882257542271624,-0.0015611580826159104,0.0008915076496026015,-0.0009072122782176473,-2.2996785365509605e-06,0.07083797044275125,-0.13951208138518187,0.2009525144030242,-0.000329099427837787,-0.13344517422921903,0.09478735522439655,-0.18584487946164566,-0.09770890615839736,-0.005768303314195665,-0.16236269255404437,0.03840783460616499,-0.07231849137100003,-0.008123421787635098,-0.005346615728427065,-0.003821097871964826,-1.594391115846782e-05
209.60000000000002,0.92,0.025,0.009797958971132711,0.5248792922602417,0.5278473586035246,0.08344368865932297,-0.16468730963669162,0.2372753290893852,-0.00038917113542843746,-0.0015584130451582637,0.0008916693325114195,-0.0009055172157216896,-2.294761536181634e-06,0.07062673808125097,-0.1393913388764958,0.20082983854125563,-0.00032939444902662946,-0.1331908094186573,0.09477821185345807,-0.18573166827091422,-0.09764879937039969,-0.005896530917423187,-0.16214983235533878,0.0383360227552089,-0.0721833954752926,-0.00812346525095709,-0.005346866992150961,-0.0038162881048228077,-1.5930652063846052e-05
209.76,0.92,0.025,0.009797958971132711,0.5248792922602417,0.5278473586035246,0.08319456194651784,-0.16454462977925774,0.23713066133845837,-0.0003895190427877847,-0.00155567143612093,0.0008918284600241557,-0.000903824376968706,-2.2898508359886343e-06,0.0704158772315327,-0.13927057464516376,0.20070739175687116,-0.000329688917815581,-0.13293677817247765,0.09476886773673096,-0.18561866848309103,-0.09758880482351512,-0.006024410052583815,-0.1619371391646438,0.038264305101811086,-0.07204847681746974,-0.008123508396315168,-0.005347118984077238,-0.0038114774856727054,-1.591735913234643e-05
209.91999999999996,0.92,0.025,0.009797958971132711,0.5248792922602417,0.5278473586035246,0.0829458736170356,-0.16440192466544423,0.23698626388567065,-0.0003898662991555248,-0.0015529332532453338,0.000891985038278692,-0.0009021337634390268,-2.284946457837452e-06,0.07020538742945893,-0.139149789036832,0.20058517375283164,-0.0003299828356052362,-0.13268308022880554,0.09475932342003995,-0.18550587982438874,-0.09752892237157096,-0.0061519413056740045,-0.16172461305902194,0.03819268171008878,-0.07191373551477294,-0.00812355122161319,-0.00534737170556175,-0.0038066660413192586,-1.5904032570030727e-05
210.08000000000004,0.92,0.025,0.009797958971132711,0.5248792922602417,0.5278473586035246,0.08269762312287121,-0.1642591947026421,0.23684213637998439,-0.0003902129061764794,-0.00155019849427059,0.0008921390734030056,-0.0009004453765762583,-2.280048423327438e-06,0.0699952682111982,-0.13902898239631628,0.20046318423201878,-0.0003302762037877722,-0.1324297153256461,0.09474957944829171,-0.18539330202094284,-0.09746915186836368,-0.006279125261994639,-0.16151225411493492,0.038121152642590646,-0.07177917168152348,-0.00812359372474704,-0.005347625157960234,-0.0038018537984562165,-1.58906725821917e-05
210.24,0.92,0.025,0.009797958971132711,0.5248792922602417,0.5278473586035246,0.0824498099163816,-0.16411644029726252,0.23669827847027414,-0.00039055886548560993,-0.0015474671569335149,0.0008922905715151797,-0.0008987592177874738,-2.2751567537934534e-06,0.06978551911322539,-0.138908155067603,0.20034142289724005,-0.00033056902374702026,-0.1321766832008852,0.09473963636547576,-0.18528093479881605,-0.0974094931676613,-0.006405962506151463,-0.1613000624082449,0.038049717960304985,-0.07164478542913767,-0.008123635903604624,-0.005347879342628298,-0.003797040783666388,-1.5877279373355285e-05
210.39999999999998,0.92,0.025,0.009797958971132711,0.5248792922602417,0.5278473586035246,0.08220243345028588,-0.1639736618547387,0.23655468980533134,-0.0003909041787079605,-0.0015447392389686375,0.0008924395387234149,-0.0008970752884433924,-2.27027147030684e-06,0.06957613967232197,-0.13878730739385084,0.20021988945123245,-0.0003308612968584178,-0.13192398359229,0.09472949471466581,-0.18516877788400202,-0.09734994612320526,-0.006532453622055508,-0.16108803801421612,0.037978377722667295,-0.07151057686614108,-0.008123677756065826,-0.0053481342609214,-0.0037922270234216644,-1.586385314727776e-05
210.56000000000006,0.92,0.025,0.009797958971132711,0.5248792922602417,0.5278473586035246,0.08195549317766596,-0.16383085977952724,0.23641137003386872,-0.0003912488474587767,-0.0015420147381082102,0.0008925859811260393,-0.0008953935898785592,-2.265392593676604e-06,0.06936712942557646,-0.13866643971739187,0.2000985835966665,-0.0003311530244891086,-0.13167161623751036,0.09471915503802068,-0.18505683100242878,-0.09729051058871212,-0.006658599192923426,-0.16087618100751586,0.03790713198756801,-0.07137654609818282,-0.0081237192800025,-0.0053483899141948356,-0.003787412544083046,-1.585039410694662e-05
210.72000000000003,0.92,0.025,0.009797958971132711,0.5248792922602417,0.5278473586035246,0.08170898855196668,-0.16368803447510988,0.236268318804527,-0.0003915928733434554,-0.00153929365208222,0.0008927299048115191,-0.0008937141233915422,-2.2605201444507922e-06,0.0691584879103846,-0.138545552379733,0.19997750503615166,-0.00033144420799790066,-0.1314195808740795,0.09470861787678546,-0.18494509387996402,-0.09723118641787643,-0.006784399801277915,-0.16066449146221598,0.03783598081136088,-0.0712426932280513,-0.00812376047327844,-0.005348646303803721,-0.0037825973719007194,-1.5836902454579553e-05
210.88,0.92,0.025,0.009797958971132711,0.5248792922602417,0.5278473586035246,0.08146291902699626,-0.1635451863439949,0.23612553576587864,-0.000391936257957602,-0.0015365759786184017,0.0008928713158584696,-0.0008920368902451019,-2.255654142917434e-06,0.06895021466444964,-0.1384246457215573,0.1998566534722397,-0.0003317348487353144,-0.13116787723941492,0.09469788377129254,-0.18483356624241798,-0.09717197346437231,-0.0069098560289480295,-0.16045296945179438,0.03776492424887017,-0.07110901835568757,-0.00812380133374937,-0.005348903431102992,-0.0037777815330140587,-1.582337839162338e-05
211.03999999999996,0.92,0.025,0.009797958971132711,0.5248792922602417,0.5278473586035246,0.0812172840569267,-0.1634023157877188,0.2359830205664333,-0.0003922790028870604,-0.0015338617154422452,0.0008930102203356668,-0.0008903618916663808,-2.2507946091059028e-06,0.06874230922578277,-0.1383037200827252,0.19973602860742917,-0.00033202494804360796,-0.13091650507081942,0.09468695326096277,-0.18472224781554764,-0.09711287158185546,-0.007034968457069742,-0.16024161504913614,0.037693962353398815,-0.07097552157820054,-0.008123841859262917,-0.005349161297447362,-0.0037729650534516898,-1.5809822118754333e-05
211.20000000000005,0.92,0.025,0.009797958971132711,0.5248792922602417,0.5278473586035246,0.08097208309629407,-0.16325942320684794,0.2358407728546422,-0.0003926211097079717,-0.00153115086027701,0.0008931466243020562,-0.0008886891288470824,-2.245941562788019e-06,0.0685347711327033,-0.13818277580227611,0.19961563014416916,-0.00033231450725682726,-0.13066546410548208,0.09467582688430652,-0.18461113832506046,-0.09705388062396508,-0.007159737666086161,-0.16003042832653497,0.03762309517673599,-0.07084220298988118,-0.008123882047658576,-0.005349419904191328,-0.0037681479591315375,-1.579623383587781e-05
211.36,0.92,0.025,0.009797958971132711,0.5248792922602417,0.5278473586035246,0.08072731559999893,-0.16311650900098001,0.23569879227890386,-0.0003929625799867403,-0.0015284434108437345,0.0008932805338067652,-0.0008870186029436638,-2.241095023479384e-06,0.0683275999238391,-0.1380618132184295,0.19949545778486424,-0.000332603527700777,-0.13041475408047895,0.09466450517892477,-0.1845002374966185,-0.09699500044432631,-0.007284164235748005,-0.15981940935569441,0.03755232276916535,-0.0707090626822178,-0.00812392189676771,-0.00534967925268915,-0.003763330275860902,-1.578261374212755e-05
211.51999999999998,0.92,0.025,0.009797958971132711,0.5248792922602417,0.5278473586035246,0.08048298102330663,-0.1629735735687456,0.23555707848756824,-0.0003933034152801393,-0.0015257393648612472,0.0008934119548891132,-0.0008853503150775069,-2.2362550104405018e-06,0.06812079513812673,-0.13794083266858628,0.19937551123187777,-0.0003328920106931099,-0.1301643747327743,0.09465298868151012,-0.18438954505584204,-0.09693623089655168,-0.007408248745114024,-0.15960855820772937,0.03748164517947236,-0.07057610074390966,-0.00812396140441351,-0.005349939344294824,-0.0037585120293364806,-1.5768962035866235e-05
211.68000000000006,0.92,0.025,0.009797958971132711,0.5248792922602417,0.5278473586035246,0.08023907882184765,-0.1628306173078097,0.23541563112894137,-0.0003936436171352597,-0.0015230387200461794,0.0008935408935786224,-0.0008836842663351035,-2.2314215426777923e-06,0.06791435631481185,-0.13781983448933013,0.19925579018753597,-0.00033317995754328383,-0.12991432579922133,0.09464127792784796,-0.18427906072831293,-0.09687757183424321,-0.007531991772551298,-0.15939787495316743,0.03741106245495214,-0.0704433172608818,-0.008124000568410998,-0.005350200180362091,-0.003753693245144441,-1.5755278914683173e-05
211.84000000000003,0.92,0.025,0.009797958971132711,0.5248792922602417,0.5278473586035246,0.07999560845161806,-0.16268764061487356,0.23527444985129103,-0.0003939831870896493,-0.0015203414741129723,0.0008936673558950284,-0.0008820204577682449,-2.2265946389452157e-06,0.06770828299344953,-0.137698819016429,0.19913629435413274,-0.0003334673695526792,-0.12966460701656307,0.09462937345281759,-0.18416878423957897,-0.09681902311099454,-0.00765539389573577,-0.1591873596619498,0.03734057464141759,-0.07031071231629996,-0.008124039386566967,-0.0053504617622443865,-0.0037488739487605005,-1.5741564575397575e-05
212.0,0.92,0.025,0.009797958971132711,0.5248792922602417,0.5278473586035246,0.07975256936897973,-0.1625446438856759,0.23513353430285006,-0.000394322126671236,-0.0015176476247738926,0.0008937913478482913,-0.0008803588903941953,-2.2217743177450167e-06,0.06750257471390445,-0.1375777865848361,0.1990170234339323,-0.00033375424801453417,-0.12941521812143342,0.09461727579039318,-0.18405871531515697,-0.09676058458039247,-0.007778455691652537,-0.15897701240343323,0.037270181783206756,-0.07017828599058452,-0.008124077856679996,-0.005350724091294854,-0.0037440541655499797,-1.5727819214054825e-05
212.15999999999997,0.92,0.025,0.009797958971132711,0.5248792922602417,0.5278473586035246,0.07950996103066077,-0.1624016275149947,0.23499288413182184,-0.0003946604373984522,-0.0015149571697390403,0.0008939128754386058,-0.0008786995651958779,-2.216960597329286e-06,0.06729723101635128,-0.13745673752869153,0.198897977129174,-0.00033404059421405,-0.12916615885035795,0.09460498547364489,-0.18394885368053662,-0.09670225609601904,-0.007901177736596274,-0.15876683324639096,0.037199883923190825,-0.07004603836142524,-0.008124115976540407,-0.005350987168866318,-0.003739233920767878,-1.5714043025929295e-05
212.32000000000005,0.92,0.025,0.009797958971132711,0.5248792922602417,0.5278473586035246,0.07926778289375583,-0.16225859189664865,0.23485249898638463,-0.0003949981207802077,-0.0015122701067163617,0.0008940319446564122,-0.0008770424831220518,-2.212153495700915e-06,0.06709225144127494,-0.13733567218132342,0.19877915514207598,-0.0003343264094283678,-0.128917428939755,0.09459250303474007,-0.18383919906118407,-0.09664403751145337,-0.008023560606171579,-0.15855682225901413,0.037129681102781614,-0.0699139695037953,-0.00812415374393025,-0.0053512509963112714,-0.003734413239558929,-1.5700236205522273e-05
212.48000000000002,0.92,0.025,0.009797958971132711,0.5248792922602417,0.5278473586035246,0.07902603441572648,-0.1621155374234988,0.23471237851469615,-0.00039533517831598277,-0.0015095864334116577,0.0008941485614824077,-0.0008753876450875046,-2.2073530306149026e-06,0.0668876355294709,-0.1372145908752494,0.19866055717483883,-0.0003346116949266478,-0.12866902812593628,0.09457982900494424,-0.18372975118254545,-0.09658592868027344,-0.008145604875293554,-0.15834697950891305,0.0370595733619398,-0.0697820794899667,-0.008124191156623278,-0.005351515574981844,-0.0037295921469577254,-1.568639894656342e-05
212.64,0.92,0.025,0.009797958971132711,0.5248792922602417,0.5278473586035246,0.07878471505440152,-0.16197246448744998,0.23457252236489765,-0.0003956716114958197,-0.001506906147528598,0.0008942627318875557,-0.0008737350519732185,-2.2025592195795652e-06,0.06668338282204544,-0.13709349394217768,0.19854218292964937,-0.0003348964519700618,-0.12842095614510818,0.0945669639146221,-0.18362050977005015,-0.09652792945605783,-0.008267311118187957,-0.15813730506311874,0.03698956073918204,-0.06965036838952339,-0.008124228212384935,-0.005351780906229812,-0.0037247706678887422,-1.5672531442010053e-05
212.80000000000007,0.92,0.025,0.009797958971132711,0.5248792922602417,0.5278473586035246,0.07854382426797736,-0.16182937347945253,0.2344329301851187,-0.00039600742180036713,-0.001504229246768728,0.0008943744618330978,-0.0008720847046265618,-2.197772079857657e-06,0.06647949286041605,-0.13697238171300863,0.19842403210868448,-0.00033518068181183076,-0.1281732127333723,0.09455390829323869,-0.18351147454911468,-0.09647003969238774,-0.008388679908391799,-0.15792779898808382,0.03691964327158908,-0.06951883626937654,-0.008124264908972315,-0.005352046991406554,-0.003719948827166458,-1.5658633884047087e-05
212.96000000000004,0.92,0.025,0.009797958971132711,0.5248792922602417,0.5278473586035246,0.07830336151501825,-0.16168626478950374,0.23429360162348137,-0.00039634261070095394,-0.001501555728831484,0.000894483757270564,-0.0008704366038614689,-2.192991628467769e-06,0.06627596518631146,-0.13685125451783597,0.19830610441411464,-0.0003354643856972874,-0.12792579762672654,0.09454066266936063,-0.1834026452451456,-0.09641225924284842,-0.008509711818753613,-0.15771846134968434,0.03684982099481351,-0.06938748319377885,-0.008124301244134158,-0.005352313831863063,-0.003715126649495447,-1.564470646408862e-05
213.12,0.92,0.025,0.009797958971132711,0.5248792922602417,0.5278473586035246,0.07806332625445678,-0.1615431388066494,0.2341545363281047,-0.0003966771796595764,-0.0014988855914142003,0.0008945906241417834,-0.0008687907504586134,-2.18821788218527e-06,0.06607279934177222,-0.13673011268594806,0.19818839954810782,-0.0003357475648638655,-0.12767871056106597,0.09452722757065686,-0.18329402158354338,-0.09635458796103123,-0.008630407421433964,-0.15750929221322071,0.03678009394308708,-0.06925630922433838,-0.00812433721561082,-0.005352581428949903,-0.003710304159470428,-1.5630749372776073e-05
213.27999999999997,0.92,0.025,0.009797958971132711,0.5248792922602417,0.5278473586035246,0.07782371794559415,-0.1613999959189854,0.23401573394710834,-0.000397011130128984,-0.0014962188322121225,0.0008946950683788946,-0.000867147145165597,-2.18345085754366e-06,0.06586999486915089,-0.13660895654582925,0.19807091721283251,-0.00033603022054117204,-0.12743195127218385,0.09451360352389997,-0.18318560328970523,-0.09629702570053504,-0.008750767287905739,-0.1573002916434192,0.03671046214922881,-0.06912531442003347,-0.008124372821134252,-0.005352849784017209,-0.0037054813815764103,-1.5616762799980005e-05
213.44000000000005,0.92,0.025,0.009797958971132711,0.5248792922602417,0.5278473586035246,0.07758453604810038,-0.16125683651365932,0.23387719412861768,-0.0003973444635527039,-0.0014935554489184167,0.0008947970959043567,-0.0008655057886971219,-2.1786905708357326e-06,0.06566755131111217,-0.13648778642516127,0.197953657110462,-0.0003363123539510086,-0.12718551949577228,0.09449979105496721,-0.18307739008902882,-0.09623957231496824,-0.008870791988954614,-0.1570914597044331,0.036640925644652315,-0.06899449883722651,-0.008124408058427977,-0.005353118898414666,-0.0037006583401887443,-1.5602746934799806e-05
213.60000000000002,0.92,0.025,0.009797958971132711,0.5248792922602417,0.5278473586035246,0.07734578002201487,-0.16111366097687188,0.23373891652076734,-0.0003976771813650618,-0.001490895439224181,0.0008948967126309603,-0.0008638666817351776,-2.1739370381148233e-06,0.06546546821063338,-0.13636660265082437,0.19783661894317747,-0.0003365939663073883,-0.1269394149674234,0.0944857906888416,-0.18296938170691543,-0.0961822276579503,-0.008990482094679505,-0.15688279645984432,0.03657148445937378,-0.06886386252967878,-0.00812444292520707,-0.005353388773491491,-0.0036958350595732567,-1.5588701965564022e-05
213.76,0.92,0.025,0.009797958971132711,0.5248792922602417,0.5278473586035246,0.0771074493277465,-0.16097046969387843,0.23360090077170492,-0.00039800928499126735,-0.001488238800818456,0.0008949939244618374,-0.0008622298249292159,-2.1691902751960143e-06,0.06526374511100465,-0.13624540554889872,0.19771980241317105,-0.0003368750588166087,-0.12669363742262985,0.09447160294961283,-0.18286157786877263,-0.0961249915831131,-0.009109838174492858,-0.15667430197266424,0.03650213862201947,-0.06873340554856441,-0.008124477419178135,-0.005353659410596415,-0.003691011563886346,-1.557462807983146e-05
213.91999999999996,0.92,0.025,0.009797958971132711,0.5248792922602417,0.5278473586035246,0.07686954342607416,-0.16082726304899078,0.23346314652959624,-0.0003983407758474365,-0.0014855855313882355,0.0008950887372904722,-0.0008605952188963283,-2.16445029765717e-06,0.06506238155582918,-0.1361241954446658,0.19760320722265026,-0.0003371556326772703,-0.12644818659678625,0.09445722836047868,-0.18275397830001858,-0.09606786394410323,-0.009228860797121097,-0.1564659763053354,0.03643288815983319,-0.06860312794248444,-0.008124511538039277,-0.005353930811077668,-0.0036861878771750596,-1.5560525464390438e-05
214.08000000000004,0.92,0.025,0.009797958971132711,0.5248792922602417,0.5278473586035246,0.07663206177814696,-0.16068404142557838,0.2333256534426283,-0.0003986716553405888,-0.0014829356286184773,0.0008951811570007124,-0.0008589628642214302,-2.1597171208404126e-06,0.06486137708902359,-0.13600297266260955,0.1974868330738406,-0.00033743568908027436,-0.12620306222518957,0.09444266744374565,-0.18264658272608417,-0.09601084459458309,-0.00934755053060509,-0.15625781951973272,0.0363637330986843,-0.06847302975748149,-0.008124545279480096,-0.005354202976282962,-0.0036813640233772415,-1.554639430525984e-05
214.24,0.92,0.025,0.009797958971132711,0.5248792922602417,0.5278473586035246,0.07639500384548453,-0.16054080520607017,0.23318842115901295,-0.00039900192486878904,-0.0014802890901921136,0.0008952711894667792,-0.0008573327614574347,-2.1549907598530614e-06,0.06466073125481811,-0.1358817375264178,0.19737067966898858,-0.00033771522920894305,-0.12595826404304028,0.09442792072083055,-0.18253939087241597,-0.09595393338823231,-0.009465907942300443,-0.15604983167716469,0.03629467346307498,-0.06834311103705358,-0.008124578641181636,-0.005354475907559471,-0.00367654002632163,-1.5532234787690053e-05
214.39999999999998,0.92,0.025,0.009797958971132711,0.5248792922602417,0.5278473586035246,0.07615836908997745,-0.16039755477195586,0.2330514493269922,-0.000399331585821094,-0.001477645913790062,0.0008953588405532783,-0.0008557049111254333,-2.1502712295690347e-06,0.06446044359775692,-0.13576049035898344,0.19725474671036622,-0.000337994254238974,-0.12571379178544323,0.09441298871226106,-0.18243240246448061,-0.09589713017875014,-0.009583933598878032,-0.15584201283837468,0.036225709276148065,-0.06821337182216855,-0.008124611620816404,-0.00535474960625382,-0.0036717159097279634,-1.551804709616271e-05
214.56000000000006,0.92,0.025,0.009797958971132711,0.5248792922602417,0.5278473586035246,0.07592215697388745,-0.1602542905037877,0.23291473759484035,-0.000399660639577671,-0.0014750060970912353,0.0008954441161152101,-0.0008540793137148715,-2.145558544629911e-06,0.06426051366269833,-0.13563923148240592,0.19713903390027288,-0.0003382727653385408,-0.12546964518740839,0.09439787193767717,-0.18232561722776613,-0.09584043481985596,-0.009701628066324287,-0.1556343630635423,0.03615684055969443,-0.06808381215127793,-0.008124644216048305,-0.005355024073712061,-0.0036668916972071083,-1.5503831414392e-05
214.72000000000003,0.92,0.025,0.009797958971132711,0.5248792922602417,0.5278473586035246,0.07568636695984791,-0.1601110127811818,0.23277828561086927,-0.0003999890875097988,-0.0014723696377725532,0.0008955270219979809,-0.0008524559696837332,-2.14085271944622e-06,0.06406094099481528,-0.13551796121799228,0.19702354094103977,-0.0003385507636682937,-0.12522582398385193,0.09438257091583203,-0.18221903488778637,-0.09578384716529173,-0.009818991909941675,-0.15542688241228478,0.036088067334160964,-0.0679544320603317,-0.008124676424532648,-0.00535529931127965,-0.0036620674122611933,-1.548958792532487e-05
214.88,0.92,0.025,0.009797958971132711,0.5248792922602417,0.5278473586035246,0.0754509985108639,-0.15996772198281986,0.23264209302343064,-0.0004003169309799274,-0.0014697365335089524,0.0008956075640374131,-0.0008508348794587055,-2.1361537681985945e-06,0.0638617251395952,-0.13539667988625873,0.1969082675350317,-0.00033882825038141054,-0.12498232790959685,0.09436708616459324,-0.18211265517008257,-0.09572736706882269,-0.009936025694349076,-0.15521957094365804,0.0360193896186575,-0.0678252315827913,-0.008124708243916114,-0.005355575320301453,-0.0036572430782836974,-1.5475316811141784e-05
215.03999999999996,0.92,0.025,0.009797958971132711,0.5248792922602417,0.5278473586035246,0.07521605109031279,-0.15982441848645063,0.23250615948092127,-0.0004006441713417418,-0.0014671067819733965,0.0008956857480597565,-0.000849216043435369,-2.1314617048389385e-06,0.06366286564284075,-0.13527538780693182,0.19679321338465178,-0.00033910522662365027,-0.12473915669937422,0.09435141820094373,-0.1820064778002278,-0.09567099438423954,-0.010052729983482254,-0.15501242871615814,0.03595080743096502,-0.06769621074964492,-0.00812473967183673,-0.005355852102121693,-0.003652418718559611,-1.546101825325749e-05
215.20000000000005,0.92,0.025,0.009797958971132711,0.5248792922602417,0.5278473586035246,0.07498152416194438,-0.15968110266889138,0.232370484631785,-0.00040097080994016285,-0.0014644803808368874,0.0008957615798816975,-0.0008475994619783623,-2.126776543091686e-06,0.06346436205066973,-0.13515408529894968,0.19667837819234282,-0.00033938169353335383,-0.12449631008782372,0.09433556754098289,-0.18190050250382817,-0.09561472896535936,-0.010169105340594115,-0.1548054557877225,0.03588232078754264,-0.06756736958942042,-0.00812477070592385,-0.0053561296580839695,-0.0036475943562655376,-1.544669243232138e-05
215.36,0.92,0.025,0.009797958971132711,0.5248792922602417,0.5278473586035246,0.07474741718988126,-0.15953777490602938,0.23223506812451775,-0.0004012968481114835,-0.0014618573277684756,0.0008958350653103714,-0.0008459851354215731,-2.1220982964550495e-06,0.0632662139095155,-0.13503277268046326,0.19656376166059183,-0.00033965765224155964,-0.12425378780949459,0.09431953469992764,-0.181794729006527,-0.09555857066602733,-0.010285152328255304,-0.15459865221573124,0.03581392970353573,-0.06743870812820059,-0.008124801343798147,-0.005356407989531209,-0.0036427700144698737,-1.5432339528219885e-05
215.51999999999998,0.92,0.025,0.009797958971132711,0.5248792922602417,0.5278473586035246,0.07451372963861917,-0.1593944355728237,0.23209990960767016,-0.00040162228718329654,-0.00145923762043527,0.0008959062101433715,-0.0008443730640682979,-2.1174269782020983e-06,0.06306842076612727,-0.134911450268838,0.19644936349193204,-0.0003399331038719422,-0.12401158959884667,0.09430332019211352,-0.18168915703400676,-0.09550251934011816,-0.010400871508354441,-0.15439201805700842,0.03574563419278283,-0.06731022638963588,-0.008124831583071559,-0.0053566870978056695,-0.0036379457161328766,-1.54179597200748e-05
215.68000000000006,0.92,0.025,0.009797958971132711,0.5248792922602417,0.5278473586035246,0.07428046097302721,-0.15925108504330648,0.23196500872985093,-0.0004019471284746705,-0.0014566212565024492,0.0008959750201687612,-0.0008427632481914296,-2.11276260138199e-06,0.06287098216757023,-0.1347901183806546,0.19633518338894584,-0.0003402080495409611,-0.12376971519025111,0.09428692453099581,-0.18158378631199196,-0.09544657484153714,-0.010516263442098692,-0.1541855533678233,0.03567743426782353,-0.06718192439495935,-0.00812486142134729,-0.005356966984248905,-0.0036331214841068653,-1.5403553186246435e-05
215.84000000000003,0.92,0.025,0.009797958971132711,0.5248792922602417,0.5278473586035246,0.07404761065834825,-0.1591077236905845,0.23183036513973174,-0.00040227137329606387,-0.0014540082336332713,0.0008960415011650835,-0.0008411556880336281,-2.108105178821152e-06,0.06267389766122597,-0.13466877733171073,0.19622122105426895,-0.00034048249035778847,-0.12352816431799125,0.09427034822915045,-0.1814786165662526,-0.09539073702422222,-0.01063132869001407,-0.15397925820389166,0.03560932993990584,-0.0670538021630001,-0.008124890856219785,-0.0053572476502017595,-0.0036282973411363158,-1.5389120104332178e-05
216.0,0.92,0.025,0.009797958971132711,0.5248792922602417,0.5278473586035246,0.07381517816019915,-0.15896435188684077,0.23169597848604803,-0.00040259502294953274,-0.001451398549489085,0.0008961056589013718,-0.0008395503838074961,-2.10345472312455e-06,0.062477166794792566,-0.13454742743702203,0.19610747619059107,-0.00034075642742448453,-0.12328693671626356,0.09425359179827517,-0.1813736475226053,-0.09533500574214436,-0.01074606781194586,-0.15377313262037712,0.03554132121899367,-0.06692585971019739,-0.008124919885274709,-0.005357529097004349,-0.0036234733098580428,-1.5374660651170406e-05
216.15999999999997,0.92,0.025,0.009797958971132711,0.5248792922602417,0.5278473586035246,0.07358316294457116,-0.15882097000333603,0.2315618484176048,-0.0004029180787286119,-0.0014487922017293391,0.0008961674991371609,-0.0008379473356957535,-2.09881124667685e-06,0.06228078911628504,-0.13442606901082363,0.1959939485006607,-0.0003410298618358971,-0.12304603211917843,0.09423665574919073,-0.18126887890691737,-0.09527938084930987,-0.01086048136705906,-0.15356717667189226,0.035473408113774266,-0.06679809705061446,-0.008124948506088902,-0.005357811325996029,-0.003618649412801314,-1.536017500283852e-05
216.32000000000005,0.92,0.025,0.009797958971132711,0.5248792922602417,0.5278473586035246,0.07335156447783012,-0.1586775784104102,0.23142797458327802,-0.0004032405419185226,-0.0014461891880115931,0.0008962270276224969,-0.0008363465438514093,-2.094174761643505e-06,0.06208476417403541,-0.1343047023665712,0.19588063768728653,-0.00034130279467983754,-0.12280545026076108,0.09421954059184164,-0.18116431044510828,-0.09522386219976081,-0.01097456991383881,-0.15336139041250008,0.03540559063166553,-0.06667051419595219,-0.008124976716230392,-0.005358094338515392,-0.003613825672388011,-1.5345663334656026e-05
216.48000000000002,0.92,0.025,0.009797958971132711,0.5248792922602417,0.5278473586035246,0.07312038222671684,-0.15853417747748394,0.23129435663201994,-0.00040356241379611624,-0.0014435895059915287,0.0008962842500979488,-0.0008347480083979452,-2.0895452799721563e-06,0.06188909151669313,-0.13418332781694242,0.19576754345334169,-0.0003415752270370328,-0.12256519087495239,0.09420224683529752,-0.18105994186315374,-0.09516844964757733,-0.011088334010090718,-0.15315577389571516,0.03533786877882391,-0.06654311115556372,-0.008125004513258349,-0.005358378135900245,-0.0036090021109327942,-1.5331125821184742e-05
216.64,0.92,0.025,0.009797958971132711,0.5248792922602417,0.5278473586035246,0.07288961565834734,-0.15839076757306028,0.23116099421285957,-0.00040388369562997355,-0.0014409931533229579,0.0008963391722946176,-0.0008331517294294749,-2.0849228133936024e-06,0.061693770693225194,-0.13406194567383822,0.19565466550176436,-0.00034184715998120964,-0.12232525369560983,0.0941847749877541,-0.180955772887086,-0.09511314304687768,-0.011201774212941374,-0.15295032717450494,0.035270242560151134,-0.06641588793646715,-0.008125031894723059,-0.00535866271948758,-0.003604178750643238,-1.5316562636229785e-05
216.80000000000007,0.92,0.025,0.009797958971132711,0.5248792922602417,0.5278473586035246,0.07265926424021321,-0.15824734906472596,0.23102788697490817,-0.0004042043886804249,-0.0014384001276578355,0.0008963917999341486,-0.0008315577070109295,-2.0803073734231474e-06,0.061498801252916464,-0.13394055624838405,0.19554200353556228,-0.0003421185945791116,-0.1220856384565082,0.09416712555653421,-0.18085180324299832,-0.09505794225182058,-0.011314891078838695,-0.152745050301291,0.03520271197930217,-0.06628884454336018,-0.008125058858165921,-0.005358948090613573,-0.003599355613619999,-1.530197395284072e-05
216.96000000000004,0.92,0.025,0.009797958971132711,0.5248792922602417,0.5278473586035246,0.07242932744018189,-0.15810392231915302,0.23089503456736055,-0.0004045244941996457,-0.0014358104266462676,0.0008964421387287405,-0.0008299659411782248,-2.0756989713617327e-06,0.06130418274536996,-0.13381915985093112,0.19542955725781397,-0.00034238953189058015,-0.12184634489134064,0.09414929904808886,-0.1807480326570458,-0.09500284711660559,-0.011427685163552394,-0.1525399433279504,0.03513527703869235,-0.06616198097863353,-0.008125085401119406,-0.0053592342506135465,-0.00359453272185698,-1.528735994331328e-05
217.12,0.92,0.025,0.009797958971132711,0.5248792922602417,0.5278473586035246,0.07219980472649688,-0.15796048770210025,0.23076243663949958,-0.00040484401343169105,-0.0014332240479365227,0.0008964901943811571,-0.0008283764319384352,-2.071097618297071e-06,0.06110991472050697,-0.13369775679105766,0.19531732637167246,-0.00034265997296858335,-0.12160737273371919,0.09413129596799832,-0.18064446085544922,-0.09494785749547499,-0.011540157022174384,-0.15233500630581676,0.03506793773950479,-0.06603529724238474,-0.008125111521107049,-0.005359521200821966,-0.0035897100972414804,-1.52727207791899e-05
217.27999999999997,0.92,0.025,0.009797958971132711,0.5248792922602417,0.5278473586035246,0.07197069556777821,-0.1578170455784149,0.23063009284069813,-0.0004051629476125366,-0.0014306409891750426,0.0008965359725847366,-0.000826789179269965,-2.0665033251049285e-06,0.060915996728567484,-0.13357634737757038,0.19520531058036691,-0.000342929918859251,-0.12136872171717612,0.09411311682097327,-0.18054108756449636,-0.09489297324271452,-0.011652307209119092,-0.15213023928568165,0.03500069408169769,-0.06590879333243176,-0.008125137215643407,-0.00535980894257241,-0.0035848877615543636,-1.5258056631261208e-05
217.44000000000005,0.92,0.025,0.009797958971132711,0.5248792922602417,0.5278473586035246,0.07174199943302252,-0.15767359631203384,0.23049800282042193,-0.0004054812979701352,-0.0014280612480064513,0.0008965794790234036,-0.0008252041831227189,-2.061916102450241e-06,0.06072242832011027,-0.13345493191850544,0.19509350958720514,-0.00034319937060192245,-0.12113039157516428,0.0940947621108557,-0.1804379125105442,-0.09483819421265449,-0.01176413627812404,-0.15192564231779593,0.03493354606401166,-0.06578246924432654,-0.008125162482234063,-0.005360097477197561,-0.0035800657364702284,-1.5243367669567061e-05
217.60000000000002,0.92,0.025,0.009797958971132711,0.5248792922602417,0.5278473586035246,0.0715137157916035,-0.15753014026598547,0.2303661662282336,-0.0004057990657244774,-0.0014254848220735653,0.0008966207193716785,-0.0008236214434182822,-2.0573359607883312e-06,0.0605292090460132,-0.13333351072113012,0.19498192309557694,-0.00034346832922919765,-0.12089238204105825,0.0940762323406201,-0.18033493542002238,-0.09478352025967152,-0.011875644782250158,-0.15172121545187076,0.03486649368397736,-0.06565632497136935,-0.008125187318375571,-0.005360386806029174,-0.003575244043557595,-1.5228654063397988e-05
217.76,0.92,0.025,0.009797958971132711,0.5248792922602417,0.5278473586035246,0.07128584411327214,-0.15738667780239082,0.2302345827137943,-0.0004061162520876921,-0.0014229117090174047,0.0008966596992946885,-0.0008220409600500782,-2.052762910366127e-06,0.06033633845747354,-0.1332120840919436,0.1948705508089555,-0.0003437367957670226,-0.12065469284815507,0.09405752801237437,-0.18023215601943418,-0.09472895123818899,-0.011986833273882207,-0.15151695873707913,0.03479953693792222,-0.06553036050462127,-0.008125211721555467,-0.005360676930398068,-0.0035704227042790337,-1.521391598129739e-05
217.91999999999996,0.92,0.025,0.009797958971132711,0.5248792922602417,0.5278473586035246,0.07105838386815701,-0.15724320928246546,0.2301032519268661,-0.00040643285826397923,-0.0014203419064772024,0.000896696424448178,-0.0008204627328835494,-2.048196961223147e-06,0.060143816106008094,-0.13309065233667877,0.19475939243089946,-0.00034400477123463206,-0.12041732372967517,0.09403864962736118,-0.1801295740353587,-0.09467448700267814,-0.01209770230472922,-0.15131287222205686,0.034732675820978214,-0.06540457583291868,-0.00812523568925221,-0.005360967851634098,-0.0035656017399913953,-1.5199153591060248e-05
218.08000000000004,0.92,0.025,0.009797958971132711,0.5248792922602417,0.5278473586035246,0.07083133452676452,-0.15709973506652056,0.2299721735173166,-0.00040674888544978637,-0.0014177754120904148,0.0008967309004785195,-0.0008188867617563217,-2.0436381231930427e-06,0.05995164154345349,-0.13296921576030302,0.1946484476650568,-0.0003442722566446992,-0.12018027441876311,0.09401959768595858,-0.18002718919445437,-0.09462012740765995,-0.012208252425824953,-0.1511089559549041,0.034665910327088836,-0.06527897094288627,-0.008125259218935197,-0.005361259571066141,-0.0035607811719459317,-1.5184367059737742e-05
218.24,0.92,0.025,0.009797958971132711,0.5248792922602417,0.5278473586035246,0.07060469555997922,-0.1569562555139648,0.2298413471351198,-0.0004070643348338362,-0.0014152122234927318,0.0008967631330227237,-0.0008173130464783837,-2.0390864059044036e-06,0.05975981432196642,-0.13284777466701983,0.1945377162151654,-0.000344539253003359,-0.11994354464848846,0.09400037268768151,-0.17992500122345947,-0.09456587230770518,-0.012318484187528192,-0.15090520998318635,0.034599240449016785,-0.06515354581895128,-0.008125282308064714,-0.005361552090022079,-0.0035559610212885446,-1.5169556553636827e-05
218.39999999999998,0.92,0.025,0.009797958971132711,0.5248792922602417,0.5278473586035246,0.07037846643906419,-0.15681277098330565,0.22971077243035923,-0.00040737920759712176,-0.0014126523383180866,0.0008967931277084503,-0.0008157415868322416,-2.034541818782094e-06,0.059568333994023934,-0.1327263293602699,0.19442719778505607,-0.0003448057613102039,-0.11970713415184668,0.09398097513118259,-0.17982300984919486,-0.094511721557436,-0.012428398139523322,-0.1507016343539359,0.03453266617835052,-0.0650283004433558,-0.008125304954091915,-0.005361845409828765,-0.0035511413090598917,-1.5154722238321257e-05
218.56000000000006,0.92,0.025,0.009797958971132711,0.5248792922602417,0.5278473586035246,0.07015264663566109,-0.15666928183215081,0.22958044905323086,-0.00040769350491305547,-0.0014100957541986652,0.000896820890154018,-0.0008141723825731016,-2.0300043710484786e-06,0.059377200112423555,-0.13260488014273245,0.1943168920786546,-0.0003450717825584102,-0.11947104266175987,0.0939614055142532,-0.17972121479856626,-0.09445767501152683,-0.012537994830820619,-0.1504982291136529,0.034466187505512114,-0.06490323479617138,-0.008125327154458812,-0.00536213953181202,-0.003546322056195631,-1.5139864278614776e-05
218.72000000000003,0.92,0.025,0.009797958971132711,0.5248792922602417,0.5278473586035246,0.06992723562179064,-0.15652578841720993,0.2294503766540454,-0.00040800722794743583,-0.0014075424687649183,0.0008968464259684157,-0.0008126054334290334,-2.0254740717245986e-06,0.0591864122302836,-0.13248342731632648,0.19420679879998404,-0.0003453373177347097,-0.11923526991107769,0.09394166433382461,-0.17961961579856597,-0.09440373252470553,-0.012647274809756737,-0.15029499430830673,0.03439980441976419,-0.06477834885531197,-0.00812534890659824,-0.0053624344572966035,-0.0035415032835265817,-1.5124982838601213e-05
218.88,0.92,0.025,0.009797958971132711,0.5248792922602417,0.5278473586035246,0.06970223286985279,-0.15638229109429583,0.22932055488323067,-0.0004083203778585688,-0.0014049924796455686,0.0008968697407513125,-0.0008110407391011353,-2.020950929631107e-06,0.0589959699010434,-0.132361971182212,0.19409691765316645,-0.00034560236781949267,-0.1189998156325781,0.09392175208596902,-0.17951821257627465,-0.09434989395175404,-0.012756238623995107,-0.15009192998333715,0.03433351690921697,-0.064653642596547,-0.00812537020793384,-0.005362730187606196,-0.0035366850117789046,-1.5110078081625959e-05
219.03999999999996,0.92,0.025,0.009797958971132711,0.5248792922602417,0.5278473586035246,0.06947763785262709,-0.15623879021832626,0.22919098339133404,-0.0004086329557972869,-0.0014024457844676243,0.0008968908400930689,-0.0008094782992637116,-2.0164349533897647e-06,0.05880587267846357,-0.13224051204079135,0.19398724834242514,-0.00034586693378682365,-0.11876467955896829,0.09390166926590061,-0.17941700485886355,-0.09429615914750956,-0.012864886820526361,-0.14988903618365576,0.03426732496083588,-0.06452911599351556,-0.008125391055880036,-0.0053630267240633795,-0.0035318672615743327,-1.50951501702984e-05
219.20000000000005,0.92,0.025,0.009797958971132711,0.5248792922602417,0.5278473586035246,0.06925345004327285,-0.15609528614332518,0.22906166182902463,-0.0004089449629070453,-0.0013999023808563848,0.0008969097295747463,-0.0008079181135644284,-2.0119261514244125e-06,0.05861612011662615,-0.13211905019171044,0.19387779057208646,-0.00034613101660452316,-0.11852986142288546,0.09388141636797655,-0.179315992373596,-0.09424252796686536,-0.012973219945668801,-0.14968631295364682,0.034201228560448174,-0.06440476901773878,-0.008125411447842004,-0.005363324067989612,-0.0035270500534303182,-1.5080199266493181e-05
219.36,0.92,0.025,0.009797958971132711,0.5248792922602417,0.5278473586035246,0.06902966891532948,-0.1559517792224243,0.22893258984709655,-0.0004092564003239299,-0.001397362266435454,0.0008969264147681181,-0.0008063601816244929,-2.0074245319621864e-06,0.05842671176993488,-0.13199758593385993,0.19376854404658253,-0.0003463946172341743,-0.11829536095689758,0.09386099388569812,-0.17921517484783,-0.09418900026477196,-0.013081238545068721,-0.1494837603371689,0.03413522769275058,-0.06428060163863406,-0.00812543138121566,-0.005363622220705212,-0.003522233407760265,-1.5065225531351243e-05
219.51999999999998,0.92,0.025,0.009797958971132711,0.5248792922602417,0.5278473586035246,0.06880629394271678,-0.1558082698078647,0.22880376709646968,-0.0004095672691767668,-0.001394825438826749,0.0008969409012356802,-0.0008048045030388106,-2.0029301030346953e-06,0.05823764719311549,-0.13187611956537668,0.19365950847045196,-0.00034665773663121544,-0.11806117789350436,0.09384040231171165,-0.17911455200901907,-0.09413557589623758,-0.01318894316370091,-0.14928137837755587,0.03406932234131605,-0.06415661382352761,-0.008125450853387638,-0.005363921183529341,-0.003517417344873711,-1.5050229125282381e-05
219.68000000000006,0.92,0.025,0.009797958971132711,0.5248792922602417,0.5278473586035246,0.06858332459973514,-0.15566475825099804,0.22867519322819294,-0.0004098775705871368,-0.0013922918956505103,0.0008969531945306611,-0.0008032510773761547,-1.998442872479132e-06,0.05804892594121582,-0.13175465138364476,0.1935506835483425,-0.0003469203757449526,-0.11782731196513789,0.09381964213780979,-0.17901412358471452,-0.09408225471632935,-0.013296334345869028,-0.1490791671176183,0.03400351248860095,-0.06403280553766787,-0.008125469861735244,-0.005364220957779975,-0.003512601884976524,-1.5035210207965927e-05
219.84000000000003,0.92,0.025,0.009797958971132711,0.5248792922602417,0.5278473586035246,0.06836076036106582,-0.15552124490228833,0.2285468678934466,-0.0004101873056694495,-0.0013897616345253099,0.000896963300197033,-0.0008016999041793367,-1.9939628479395005e-06,0.05786054756960612,-0.13163318168529686,0.19344206898501323,-0.0003471825355186221,-0.11759376290416361,0.09379871385493228,-0.1789138893025675,-0.09402903658017421,-0.01340341263520612,-0.14887712659964444,0.033937798115952364,-0.06390917674423913,-0.008125488403626466,-0.005364521544773887,-0.003507787048171125,-1.5020168938352968e-05
220.0,0.92,0.025,0.009797958971132711,0.5248792922602417,0.5278473586035246,0.06813860070177132,-0.15537773011131323,0.2284187907435433,-0.0004104964755310145,-0.0013872346530680645,0.0008969712237695215,-0.0008001509829653653,-1.9894900368677167e-06,0.05767251163397925,-0.1315117107662155,0.19333366448533507,-0.0003474442168894507,-0.11736053044288111,0.09377761795316727,-0.17881384889032967,-0.09397592134295929,-0.013510178574674892,-0.14867525686540173,0.033872179203614884,-0.06378572740437415,-0.008125506476419924,-0.0053648229458266306,-0.0035029728544566804,-1.5005105474668067e-05
220.15999999999997,0.92,0.025,0.009797958971132711,0.5248792922602417,0.5278473586035246,0.06791684509729551,-0.15523421422676562,0.22829096142993138,-0.0004108050812721012,-0.001384710948894042,0.0008969769707736169,-0.0007986043132256162,-1.985024446524865e-06,0.05748481769035092,-0.13139023892153442,0.19322546975429394,-0.00034770542078870647,-0.11712761431352482,0.09375635492175217,-0.17871400207585603,-0.0939229088599333,-0.013616632706568309,-0.1484735579561378,0.033806655730737836,-0.06366245747716764,-0.008125524077464865,-0.005365125162252505,-0.003498159323729308,-1.4990019974411347e-05
220.32000000000005,0.92,0.025,0.009797958971132711,0.5248792922602417,0.5278473586035246,0.06769549302346398,-0.15509069759645502,0.2281633796041963,-0.00041111312398595893,-0.0013821905196168738,0.0008969805467255838,-0.0007970598944259935,-1.9805660839822067e-06,0.05729746529505991,-0.13126876644563953,0.19311748449699176,-0.00034796614814171565,-0.11689501424826504,0.09373492524907483,-0.17861434858710584,-0.09386999898640706,-0.01372277557250983,-0.14827202991258193,0.033741227675382186,-0.06353936691968913,-0.00812554120410112,-0.005365428195364554,-0.0034933464757822877,-1.4974912594359046e-05
220.48000000000002,0.92,0.025,0.009797958971132711,0.5248792922602417,0.5278473586035246,0.06747454395648424,-0.15494718056730908,0.22803604491806245,-0.00041142060475891093,-0.001379673362848563,0.0008969819571324722,-0.0007955177260070995,-1.9761149561224522e-06,0.05711045400476826,-0.1311472936321704,0.19300970841864806,-0.00034822639986794223,-0.1166627299792085,0.09371332942267446,-0.1785148881521442,-0.09381719157775403,-0.013828607713454,-0.14807067277494598,0.03367589501452781,-0.06341645568699644,-0.008125557853659107,-0.005365732046474531,-0.003488534330306293,-1.4959783490566403e-05
220.64,0.92,0.025,0.009797958971132711,0.5248792922602417,0.5278473586035246,0.06725399737294599,-0.15480366348537505,0.22790895702339586,-0.0004117275246704451,-0.0013771594761994943,0.0008969812074921276,-0.0007939778073843918,-1.9716710696407644e-06,0.056923783376461486,-0.13102582077402145,0.19290214122460228,-0.0003484861768810647,-0.11643076123839935,0.09369156792924284,-0.17841562049914408,-0.09376448648941162,-0.01393412966968679,-0.1478694865829258,0.03361065772408014,-0.06329372373214823,-0.008125574023459783,-0.0053660367168928795,-0.0034837229068895685,-1.4944632818369183e-05
220.80000000000007,0.92,0.025,0.009797958971132711,0.5248792922602417,0.5278473586035246,0.06703385274982149,-0.1546601466958213,0.22778211557220493,-0.00041203388479318074,-0.0013746488572784455,0.0008969783032932018,-0.0007924401379483515,-1.967234431046201e-06,0.056737452967448906,-0.13090434816334315,0.19279478262031427,-0.0003487454800889482,-0.11619910775781993,0.09366964125462522,-0.1783165453563871,-0.09371188357688137,-0.014039341980826034,-0.14766847137570255,0.03354551577887741,-0.06317117100621727,-0.008125589710814632,-0.0053663422079287156,-0.0034789122250181814,-1.4929460732385507e-05
220.96000000000004,0.92,0.025,0.009797958971132711,0.5248792922602417,0.5278473586035246,0.0668141095644656,-0.15451663054293868,0.22765552021664326,-0.00041233968619299897,-0.0013721415036925943,0.0008969732500151628,-0.0007909047170646466,-1.962805046662545e-06,0.056551462335363685,-0.1307828760915433,0.19268763231136687,-0.00034900431039375435,-0.1159677692693915,0.09364754988382147,-0.17821766245226556,-0.09365938269572992,-0.014144245185821873,-0.14746762719194353,0.033480469152697624,-0.0630487974583036,-0.00812560491302565,-0.005366648520889807,-0.0034741023040762284,-1.4914267386517295e-05
221.12,0.92,0.025,0.009797958971132711,0.5248792922602417,0.5278473586035246,0.06659476729461627,-0.15437311537014217,0.22752917060901132,-0.00041264492992910647,-0.00136963741304753,0.0008969660531283057,-0.0007893715440742906,-1.9583829226295664e-06,0.05636581103816322,-0.13066140484928834,0.1925806900034672,-0.00034926266869199574,-0.11573674550497522,0.09362529430098708,-0.17811897151528389,-0.09360698370158993,-0.014248839822957205,-0.14726695406980383,0.033415517818265274,-0.06292660303554694,-0.008125619627385294,-0.005366955657082537,-0.003469293163346035,-1.489905293395272e-05
221.27999999999997,0.92,0.025,0.009797958971132711,0.5248792922602417,0.5278473586035246,0.0663758254183946,-0.15422960151997211,0.22740306640175817,-0.0004129496170540699,-0.0013671365829472629,0.0008969567180937631,-0.0007878406182938124,-1.95396806490428e-06,0.05618049863412919,-0.1305399347265044,0.19247395540244813,-0.0003495205558745648,-0.11550603619637267,0.09360287498943416,-0.17802047227406,-0.0935546864501605,-0.014353126429848038,-0.14706645204692728,0.03335066174725864,-0.06280458768314037,-0.008125633851176496,-0.005367263617811908,-0.00346448482200842,-1.4883817527168256e-05
221.44000000000005,0.92,0.025,0.009797958971132711,0.5248792922602417,0.5278473586035246,0.06615728341430521,-0.15408608933409584,0.22727720724748196,-0.0004132537486138507,-0.0013646390109942335,0.0008969452503635153,-0.0007863119390154057,-1.949560479261839e-06,0.055995524681867935,-0.13041846601237872,0.19236742821426875,-0.0003497779728267632,-0.11527564107532699,0.09358029243163259,-0.17792216445732567,-0.0935024907972074,-0.014457105543444017,-0.1468661211604477,0.03328590091031617,-0.06268275134434213,-0.00812564758167261,-0.005367572404381496,-0.003459677299142878,-1.4868561317929145e-05
221.60000000000002,0.92,0.025,0.009797958971132711,0.5248792922602417,0.5278473586035246,0.06593914076123648,-0.1539425791533092,0.22715159279893404,-0.0004135573256479222,-0.0013621446947893233,0.0008969316553804008,-0.0007847855055071096,-1.94516017129698e-06,0.055810888740310566,-0.1302969989953609,0.1922611081450178,-0.00035003492042840135,-0.11504555987352338,0.093557547109211,-0.1778240477939298,-0.09345039659856484,-0.014560777700028732,-0.14666596144699023,0.03322123527704417,-0.06256109396049002,-0.0081256608161374,-0.005367882018093447,-0.0034548706137278516,-1.4853284457293485e-05
221.76,0.92,0.025,0.009797958971132711,0.5248792922602417,0.5278473586035246,0.06572139693846073,-0.15379907131753776,0.22702622270901818,-0.0004138603491893311,-0.0013596536319318616,0.0008969159385781269,-0.0007832613170129478,-1.9407671464248253e-06,0.05562659036871316,-0.13017553396316398,0.192154994900913,-0.00035029139955384983,-0.11481579232259008,0.0935346395029578,-0.17772612201283788,-0.09339840371013487,-0.014664143435220307,-0.14646597294267236,0.033156664816022766,-0.062439615471012434,-0.008125673551825018,-0.005368192460248435,-0.003450064784640906,-1.4837987095612785e-05
221.91999999999996,0.92,0.025,0.009797958971132711,0.5248792922602417,0.5278473586035246,0.06550405142563448,-0.1536555661658385,0.2269010966307939,-0.0004141628202646651,-0.0013571658200196386,0.0008968981053812793,-0.0007817393727531066,-1.9363814098823475e-06,0.055442629126657025,-0.13005407120276571,0.192049088188304,-0.0003505474110720126,-0.11458633815409904,0.0935115700928223,-0.1776283868431345,-0.09334651198788896,-0.014767203283971644,-0.14626615568310525,0.0330921894948135,-0.06231831581344249,-0.008125685785979974,-0.005368503732145665,-0.0034452598306590042,-1.4822669382533938e-05
222.08000000000004,0.92,0.025,0.009797958971132711,0.5248792922602417,0.5278473586035246,0.06528710370279882,-0.1535120640364012,0.22677621421747649,-0.00041446473989422273,-0.0013546812566489121,0.0008968781612053335,-0.0007802196719240866,-1.93200296672919e-06,0.05525900457404892,-0.12993261100040998,0.19194338771367211,-0.00035080295584647016,-0.11435719709956686,0.0934883393579156,-0.1775308420140235,-0.09329472128786771,-0.014869957780571008,-0.14606650970339483,0.033027809279965764,-0.06219719492343021,-0.008125697515837122,-0.005368815835082825,-0.0034404557704587287,-1.4807331467001644e-05
222.24,0.92,0.025,0.009797958971132711,0.5248792922602417,0.5278473586035246,0.06507055325037948,-0.15336856526654993,0.22665157512244036,-0.00041476610909200914,-0.0013521999394144196,0.0008968561114566657,-0.0007787022136988658,-1.927631821849174e-06,0.0550757162711212,-0.12981115364160786,0.19183789318363353,-0.00035105803473547655,-0.1141283688904555,0.09346494777651188,-0.1774334872548306,-0.09324303146618247,-0.014972407458642428,-0.14586703503814322,0.03296352413702386,-0.062076252734755366,-0.008125708738621625,-0.00536912877035608,-0.0034356526226164983,-1.4791973497260901e-05
222.39999999999998,0.92,0.025,0.009797958971132711,0.5248792922602417,0.5278473586035246,0.06485439954918722,-0.15322507019274437,0.22652717899921837,-0.0004150669288658638,-0.0013497218659093853,0.000896831961532561,-0.0007771869972270575,-1.923267979950888e-06,0.054892763778432066,-0.12968969941113884,0.19173260430493844,-0.00035131264859206715,-0.113899853258173,0.09344139582604917,-0.17733632229500287,-0.09319144237901475,-0.015074552851146028,-0.14566773172144964,0.03289933403053363,-0.061955489179340094,-0.008125719451548939,-0.005369442539260046,-0.0034308504056088374,-1.477659562085793e-05
222.56000000000006,0.92,0.025,0.009797958971132711,0.5248792922602417,0.5278473586035246,0.06463864208041796,-0.15308157915058143,0.22640302550150482,-0.00041536720021738627,-0.0013472470337255312,0.0008968057168212257,-0.0007756740216350665,-1.9189114455694135e-06,0.054710146656865764,-0.12956824859305213,0.19162752078447368,-0.00035156679826399575,-0.11367164993407441,0.09341768398313052,-0.17723934686411105,-0.09313995388261753,-0.01517639449037857,-0.14546859978691182,0.032835238924049236,-0.061834904187261334,-0.00812572965182479,-0.005369757143087762,-0.00342604913781257,-1.4761197984642649e-05
222.72000000000003,0.92,0.025,0.009797958971132711,0.5248792922602417,0.5278473586035246,0.06442328032565306,-0.15293809247479662,0.22627911428315625,-0.0004156669241421894,-0.0013447754404530862,0.0008967773827017969,-0.0007741632860262588,-1.9145622230670373e-06,0.054527864467632754,-0.12944680147066787,0.19152264232926347,-0.00035182048459394915,-0.11344375864946248,0.0933938127235251,-0.17714256069185033,-0.09308856583331555,-0.015277932907973845,-0.145269639267627,0.032771238780140294,-0.061714497686764264,-0.008125739336645151,-0.0053700725831306775,-0.003421248837505121,-1.474578073477198e-05
222.88,0.92,0.025,0.009797958971132711,0.5248792922602417,0.5278473586035246,0.06420831376685956,-0.1527946104992655,0.22615544499819287,-0.00041596610162978747,-0.001342307083680795,0.0008967469645443532,-0.0007726547894811039,-1.9102203166344153e-06,0.05434591677226994,-0.12932535832657832,0.19141796864647045,-0.0003520737084194521,-0.11321617913558839,0.09336978252216914,-0.17704596350804136,-0.09303727808750584,-0.015379168634903123,-0.1450708501961934,0.03270733356039804,-0.06159426960427365,-0.008125748503196204,-0.005370388860678619,-0.0034164495228646897,-1.4730344016709425e-05
223.03999999999996,0.92,0.025,0.009797958971132711,0.5248792922602417,0.5278473586035246,0.06399374188639047,-0.15265113355700513,0.2260320173007994,-0.0004162647336637317,-0.001339841960995929,0.0008967144677099253,-0.0007711485310573472,-1.9058857302919629e-06,0.054164303132640895,-0.12920391944264914,0.19131349944339662,-0.0003523264705729825,-0.11298891112365271,0.09334559385316697,-0.17694955504263093,-0.09298609050165801,-0.015480102201475578,-0.1448722326047112,0.03264352322544266,-0.06147421986440759,-0.008125757148654341,-0.0053707059770197706,-0.003411651211970562,-1.4714887975229664e-05
223.20000000000005,0.92,0.025,0.009797958971132711,0.5248792922602417,0.5278473586035246,0.0637795641669849,-0.15250766198017557,0.22590883084532695,-0.0004165628212216961,-0.0013373800699842937,0.0008966798975505053,-0.0007696445097901562,-1.9015584678906322e-06,0.053983023110936015,-0.1290824851000206,0.19120923442748475,-0.0003525787718820436,-0.11276195434480606,0.09332124718979211,-0.17685333502569373,-0.09293500293231495,-0.015580734137338676,-0.1446737865247837,0.03257980773492951,-0.06135434838998908,-0.008125765270186124,-0.0053710239334406554,-0.0034068539228032982,-1.4699412754419411e-05
223.36,0.92,0.025,0.009797958971132711,0.5248792922602417,0.5278473586035246,0.06356578009176836,-0.15236419610008126,0.22578588528629406,-0.00041686036527548354,-0.00133492140823024,0.0008966432594090581,-0.0007681427246922848,-1.8972385331132294e-06,0.05380207626967274,-0.12896105557910878,0.1911051733063193,-0.0003528306131691693,-0.11253530853014984,0.0932967430044883,-0.1767573031874327,-0.09288401523609324,-0.01568106497147868,-0.14447551198751865,0.032516187047556155,-0.06123465510205911,-0.008125772864948257,-0.005371342731226106,-0.003402057673245018,-1.4683918497679739e-05
223.51999999999998,0.92,0.025,0.009797958971132711,0.5248792922602417,0.5278473586035246,0.063352389144253,-0.15222073624717247,0.22566318027838744,-0.00041715736679113054,-0.0013324659733166724,0.0008966045586195316,-0.0007666431747542273,-1.8929259294754231e-06,0.053621462171695736,-0.12883963115960678,0.19100131578762714,-0.0003530819952520129,-0.11230897341073713,0.09327208176887049,-0.17666145925818022,-0.09283312726968349,-0.015781095232221057,-0.1442774090235294,0.03245266112106896,-0.061115139919888935,-0.008125779930087581,-0.005371662371659247,-0.003397262481079644,-1.466840534772846e-05
223.68000000000006,0.92,0.025,0.009797958971132711,0.5248792922602417,0.5278473586035246,0.0631393908083378,-0.15207728275104684,0.22554071547646343,-0.0004174538267289231,-0.0013300137628250578,0.0008965638005068663,-0.0007651458589443725,-1.8886206603270123e-06,0.05344118038017712,-0.12871821212048606,0.19089766157927865,-0.0003533329189433605,-0.11208294871757345,0.09324726395372594,-0.17656580296839866,-0.09278233888985067,-0.015880825447230924,-0.14407947766293594,0.03238922991226965,-0.06099580276099225,-0.008125786462741025,-0.005371982856021457,-0.0033924683639931378,-1.4652873446602307e-05
223.84000000000003,0.92,0.025,0.009797958971132711,0.5248792922602417,0.5278473586035246,0.0629267845683088,-0.1519338359404506,0.22541849053554905,-0.00041774974604350814,-0.0013275647743354376,0.0008965209903870068,-0.0007636507762091654,-1.8843227288526784e-06,0.053261230458616575,-0.12859679873999738,0.19079421038928873,-0.0003535833850512253,-0.1118572341816173,0.09322229002901522,-0.17647033404868184,-0.09273164995343483,-0.015980256143513432,-0.14388171793536636,0.03232589337702216,-0.06087664354113814,-0.008125792460035617,-0.005372304185592377,-0.003387675339573786,-1.4637322935658375e-05
224.0,0.92,0.025,0.009797958971132711,0.5248792922602417,0.5278473586035246,0.06271456990883943,-0.15179039614328024,0.22529650511084334,-0.0004180451256839118,-0.001325119005426433,0.0008964761335669112,-0.0007621579254732554,-1.8800321380736924e-06,0.0530816119708417,-0.1284753912956724,0.1906909619258178,-0.00035383339437886297,-0.11163182953378137,0.09319716046387316,-0.17637505222975555,-0.09268106031735125,-0.01607938784741428,-0.14368412986995768,0.03226265147025912,-0.06075766217436282,-0.008125797919088422,-0.005372626361649842,-0.0033828834253124135,-1.462175395557831e-05
224.15999999999997,0.92,0.025,0.009797958971132711,0.5248792922602417,0.5278473586035246,0.06250274631499052,-0.1516469636865839,0.2251747588577174,-0.000418339966593626,-0.0013226764536752574,0.0008964292353445621,-0.000760667305639655,-1.8757488908482846e-06,0.05290232448100798,-0.12835399006432463,0.19058791589717203,-0.00035408294772484503,-0.11140673450493283,0.09317187572661013,-0.17627995724247802,-0.09263056983859065,-0.016178221084620144,-0.14348671349535735,0.032199504145988454,-0.060638858572982256,-0.008125802837006542,-0.0053729493854699,-0.003378092638602677,-1.460616664636779e-05
224.32000000000005,0.92,0.025,0.009797958971132711,0.5248792922602417,0.5278473586035246,0.0622913132722108,-0.15150353889656262,0.22505325143171628,-0.00041863426971067814,-0.0013202371166577255,0.0008963803010089762,-0.0007591789155898905,-1.871472989873355e-06,0.05272336755359923,-0.1282325953220506,0.19048507201180467,-0.000354332045883118,-0.11118194882589452,0.09314643628471272,-0.1761850488178412,-0.09258017837421983,-0.016276756380158967,-0.14328946883972427,0.03213645135729991,-0.06052023264760414,-0.00812580721088709,-0.005373273258326761,-0.003373302996741291,-1.459056114736154e-05
224.48000000000002,0.92,0.025,0.009797958971132711,0.5248792922602417,0.5278473586035246,0.06208027026633688,-0.15136012209857205,0.22493198248855947,-0.00041892803596766293,-0.00131780099194826,0.0008963293358402151,-0.0007576927541841676,-1.8672044376852124e-06,0.05254474075342754,-0.1281112073442314,0.19038242997831675,-0.0003545806896430299,-0.11095747222744537,0.09312084260484514,-0.17609032668697125,-0.09252988578138184,-0.016374994258400624,-0.14309239593072987,0.03207349305637214,-0.0604017843071411,-0.008125811037817154,-0.0053735979814927785,-0.0033685145169283486,-1.4574937597223691e-05
224.64,0.92,0.025,0.009797958971132711,0.5248792922602417,0.5278473586035246,0.06186961678359364,-0.15121671361712363,0.2248109516841422,-0.00041922126629179103,-0.0013153680771199033,0.0008962763451093957,-0.0007562088202615097,-1.8629432366608328e-06,0.052366443645633656,-0.12798982640553344,0.19027998950545796,-0.00035482887978937195,-0.11073330444032137,0.0930950951528499,-0.1759957905811295,-0.0924796919172965,-0.016472935243057228,-0.14289549479555952,0.032010629194478536,-0.060283513458821644,-0.008125814314873796,-0.005373923556238436,-0.0033637272162675047,-1.4559296133950472e-05
224.80000000000007,0.92,0.025,0.009797958971132711,0.5248792922602417,0.5278473586035246,0.06165935231059431,-0.1510733137758863,0.22469015867453565,-0.00041951396160501116,-0.0013129383697443257,0.0008962213340787,-0.0007547271126399168,-1.8586893890188624e-06,0.05218847579568702,-0.12786845277991016,0.190177750302127,-0.0003550766171024815,-0.11050944519521626,0.09306919439374924,-0.17590144023171286,-0.09242959663926037,-0.01657057985718356,-0.14269876546091342,0.03194785972199409,-0.06016542000820285,-0.00812581703912399,-0.005374249983832302,-0.003358941111766281,-1.4543636894873135e-05
224.96000000000004,0.92,0.025,0.009797958971132711,0.5248792922602417,0.5278473586035246,0.0614494763343408,-0.15092992289768753,0.22456960311598806,-0.0004198061228240316,-0.0013105118673918355,0.0008961643080013864,-0.0007532476301165262,-1.8544428968207488e-06,0.05201083676938606,-0.12774708674060273,0.1900757120773723,-0.0003553239023582604,-0.1102858942227823,0.0930431407917457,-0.17580727537025437,-0.09237959980464723,-0.016667928623177557,-0.14250220795300808,0.03188518458840223,-0.060047503859183095,-0.008125819207624648,-0.005374577265541036,-0.0033541562203363603,-1.4527960016659931e-05
225.12,0.92,0.025,0.009797958971132711,0.5248792922602417,0.5278473586035246,0.06123998834222393,-0.1507865413045152,0.22444928466492572,-0.0004200977508603583,-0.0013080885676313866,0.0008961052721217986,-0.0007517703714677533,-1.8502037619718438e-06,0.05183352613285834,-0.12762572856014165,0.18997387454039313,-0.00035557073632820727,-0.1100626512536311,0.09301693481022352,-0.17571329572842426,-0.09232970127090837,-0.01676498206278073,-0.14230582229757724,0.0318226037423008,-0.059929764914013285,-0.008125820817422552,-0.005374905402629328,-0.0033493725587937988,-1.4512265635318057e-05
225.27999999999997,0.92,0.025,0.009797958971132711,0.5248792922602417,0.5278473586035246,0.06103088782202352,-0.1506431693175187,0.2243292029779531,-0.0004203888466203993,-0.0013056684680305892,0.0008960442316753773,-0.0007502953354494491,-1.845971986222413e-06,0.05165654345256071,-0.12750437851034782,0.18987223740053952,-0.00035581711977950595,-0.1098397160183342,0.09299057691174954,-0.17561950103803003,-0.09227990089557271,-0.01686174069707861,-0.14210960851987312,0.03176011713140884,-0.059812203073309374,-0.008125821865554357,-0.005375234396359904,-0.0033445901438593295,-1.4496553886196423e-05
225.44000000000005,0.92,0.025,0.009797958971132711,0.5248792922602417,0.5278473586035246,0.06082217426190869,-0.15049980725701048,0.22420935771185466,-0.00042067941100554007,-0.0013032515661557176,0.0008959811918886694,-0.0007488225207970513,-1.841747571168773e-06,0.05147988829527952,-0.12738303686233368,0.18977080036731378,-0.00035606305347508915,-0.10961708824742396,0.09296406755807415,-0.17552589103101787,-0.09223019853624732,-0.016958205046501182,-0.1419135666446676,0.03169772470257298,-0.059694818236064345,-0.008125822349046559,-0.005375564247993483,-0.0033398089921586158,-1.4480824903988389e-05
225.60000000000002,0.92,0.025,0.009797958971132711,0.5248792922602417,0.5278473586035246,0.0606138471504381,-0.15035645544246745,0.22408974852359417,-0.00042096944491209576,-0.0013008378595717204,0.0008959161579793389,-0.0007473519262257374,-1.8375305182544709e-06,0.05130356022813081,-0.12726170388650446,0.18966956315037012,-0.00035630853817359787,-0.10939476767139432,0.09293740721013245,-0.17543246543947205,-0.09218059405061736,-0.017054375630823338,-0.1417176966962533,0.03163542640177406,-0.059577610299660466,-0.008125822264915462,-0.005375894958788762,-0.00333502912022255,-1.446507882273312e-05
225.76,0.92,0.025,0.009797958971132711,0.5248792922602417,0.5278473586035246,0.0604059059765601,-0.15021311419253242,0.22397037507031586,-0.0004212589492315169,-0.0012984273458422283,0.0008958491351561766,-0.0007458835504305701,-1.8333208287710054e-06,0.05112755881856047,-0.12714037985255944,0.18956852545951536,-0.0003565535746295559,-0.10917275402070149,0.09291059632804519,-0.17533922399561602,-0.09213108729644613,-0.017150252969165287,-0.1415219986984448,0.03157322217413323,-0.059460579159880754,-0.008125821610167169,-0.005376226530002383,-0.003330250544487501,-1.4449315775818481e-05
225.91999999999996,0.92,0.025,0.009797958971132711,0.5248792922602417,0.5278473586035246,0.06019835022961295,-0.15006978382501548,0.22385123700934562,-0.0004215479248503365,-0.0012960200225295654,0.0008957801286191116,-0.0007444173920866556,-1.8291185038594236e-06,0.05095188363434441,-0.12701906502949312,0.18946768700471014,-0.00035679816359332484,-0.10895104702576468,0.09288363537111984,-0.17524616643181332,-0.09208167813157597,-0.017245837579993033,-0.14132647267457993,0.03151111196391881,-0.05934372471092164,-0.008125820381797549,-0.005376558962888917,-0.0033254732812956125,-1.4433535895984073e-05
226.08000000000004,0.92,0.025,0.009797958971132711,0.5248792922602417,0.5278473586035246,0.05999117939932507,-0.1499264646568954,0.22373233399819029,-0.0004218363726503079,-0.0012936158871947553,0.0008957091435592197,-0.0007429534498492811,-1.8249235445108794e-06,0.050776534243588745,-0.12689775968559627,0.18936704749606828,-0.0003570423058112206,-0.10872964641696696,0.09285652479785149,-0.1751532924805669,-0.09203236641392754,-0.017341129981118794,-0.1411311186475206,0.031449095714552094,-0.059227046845403857,-0.008125818576792223,-0.005376892258700831,-0.003320697346895045,-1.4417739315322559e-05
226.24,0.92,0.025,0.009797958971132711,0.5248792922602417,0.5278473586035246,0.05978439297581521,-0.14978315700432127,0.22361366569454014,-0.00042212429350839875,-0.0012912149373975324,0.0008956361851587356,-0.0007414917223540824,-1.8207359515681036e-06,0.05060151021473,-0.12677646408845752,0.18926660664385878,-0.00035728600202550873,-0.10850855192465589,0.0928292650659242,-0.17506060187452138,-0.09198315200150095,-0.01743613068970146,-0.14093593663965423,0.03138717336861457,-0.0591105454543858,-0.008125816192126517,-0.005377226418688464,-0.003315922757440308,-1.4401926165282873e-05
226.39999999999998,0.92,0.025,0.009797958971132711,0.5248792922602417,0.5278473586035246,0.059577990449592666,-0.14963986118261347,0.22349523175626662,-0.00042241168829690827,-0.0012888171706963503,0.0008955612585910618,-0.000740032208217174,-1.8165557257261346e-06,0.050426811116535235,-0.12665517850496405,0.18916636415850407,-0.0003575292529745032,-0.10828776327914433,0.09280185663221162,-0.17496809434646093,-0.0919340347523748,-0.01753084022224703,-0.14074092667289487,0.031325344867853384,-0.05899422042737383,-0.008125813224765471,-0.005377561444100006,-0.0033111495289924963,-1.4386096576672113e-05
226.56000000000006,0.92,0.025,0.009797958971132711,0.5248792922602417,0.5278473586035246,0.05937197131155748,-0.1494965775062655,0.22337703184142527,-0.00042269855788350133,-0.0012864225846483902,0.0008954843690207788,-0.0007385749060353114,-1.8123828675336964e-06,0.05025243651810225,-0.12653390320130312,0.18906631975058236,-0.00035777205939259557,-0.1080672802107111,0.09277429995277826,-0.17487576962931203,-0.09188501452470732,-0.017625259094608985,-0.14054608876868413,0.031263610153188376,-0.05887807165233524,-0.008125809671663783,-0.00537789733618147,-0.003306377677519597,-1.4370250679658907e-05
226.72000000000003,0.92,0.025,0.009797958971132711,0.5248792922602417,0.5278473586035246,0.059166335053000625,-0.14935330628894522,0.22325906560825515,-0.00042298490313124904,-0.0012840311768095697,0.0008954055216036569,-0.0007371198143860332,-1.8082173773939198e-06,0.05007838598885973,-0.12641263844296324,0.18896647313082718,-0.0003580144220102892,-0.10784710244960184,0.09274659548288045,-0.1747836274561426,-0.09183609117673609,-0.017719387821988945,-0.1403514229479926,0.031201969164718055,-0.05876209901570948,-0.008125805529765804,-0.005378234096176658,-0.003301607218896758,-1.4354388603774128e-05
226.88,0.92,0.025,0.009797958971132711,0.5248792922602417,0.5278473586035246,0.05896108116560428,-0.14921004784349623,0.22314133271517927,-0.00042327072489871864,-0.0012816429447345535,0.0008953247214866647,-0.0007356669318278103,-1.8040592555657715e-06,0.049904659098567464,-0.1262913844947352,0.18886682401012775,-0.00035825634155427547,-0.10762722972602969,0.09271874367696735,-0.17469166756016255,-0.0917872645667781,-0.017813226918936834,-0.14015692923132086,0.03114042184172606,-0.05864630240242011,-0.00812580079600552,-0.005378571725327152,-0.0032968381689065835,-1.4338510477915493e-05
227.03999999999996,0.92,0.025,0.009797958971132711,0.5248792922602417,0.5278473586035246,0.05875620914144191,-0.14906680248193935,0.22302383282080443,-0.0004235560240400343,-0.00127925788597676,0.00089524197380798,-0.0007342162569001941,-1.7999085021647007e-06,0.04973125541731643,-0.12617014162071347,0.18876737209952887,-0.00035849781874748506,-0.1074076617701759,0.09269074498868203,-0.17459988967472392,-0.09173853455322979,-0.01790677689935151,-0.13996260763870064,0.03107896812268739,-0.05853068169588651,-0.008125795467306497,-0.005378910224872272,-0.003292070543239428,-1.4322616430348312e-05
227.20000000000005,0.92,0.025,0.009797958971132711,0.5248792922602417,0.5278473586035246,0.058551718472978596,-0.14892357051547397,0.22290656558392272,-0.0004238408014049119,-0.001276875998088372,0.0008951572836970001,-0.000732767788123962,-1.7957651171641184e-06,0.04955817451552909,-0.12604891008429717,0.1886681171102322,-0.0003587388543091175,-0.10718839831219082,0.0926625998708624,-0.17450829353332162,-0.09168990099456743,-0.01800003827648115,-0.13976845818969588,0.031017607945274715,-0.05841523677803548,-0.008125789540581893,-0.005379249596049058,-0.0032873043574936627,-1.4306706588709402e-05
227.36,0.92,0.025,0.009797958971132711,0.5248792922602417,0.5278473586035246,0.05834760865307115,-0.1487803522544795,0.2227895306635109,-0.0004241250578387417,-0.0012744972786203445,0.0008950706562743524,-0.0007313215240012678,-1.7916291003961552e-06,0.04938541596395942,-0.12592769014819144,0.18856905875359564,-0.00035897944895471097,-0.10696943908219446,0.09263430877554224,-0.17441687886959328,-0.09164136374934699,-0.01809301156292372,-0.13957448090340416,0.030956341246364726,-0.05829996752931318,-0.008125783012734419,-0.005379589840092245,-0.0032825396271759935,-1.429078108000877e-05
227.51999999999998,0.92,0.025,0.009797958971132711,0.5248792922602417,0.5278473586035246,0.058143879174968285,-0.14863714800851677,0.2226727277187313,-0.0004244087941826265,-0.0012721217251224141,0.0008949820966519033,-0.0007298774630157824,-1.7875004515526158e-06,0.04921297933369316,-0.1258064820744086,0.1884701967411342,-0.00035921960339617507,-0.10675078381027725,0.09260587215395241,-0.17432564541731996,-0.09159292267620434,-0.018185697270627355,-0.1393806757984574,0.03089516796204417,-0.058184873828696394,-0.008125775880656298,-0.005379930958234231,-0.003277776367701723,-1.4274840030631316e-05
227.68000000000006,0.92,0.025,0.009797958971132711,0.5248792922602417,0.5278473586035246,0.0579405295323109,-0.14849395808632931,0.2225561564089306,-0.0004246920112734479,-0.0012697493351431074,0.0008948916099327702,-0.0007284356036328445,-1.783379170186385e-06,0.04904086419614795,-0.12568528612426913,0.18837153078451885,-0.00035945931834184633,-0.10653243222650072,0.09257729045652148,-0.17423459291042503,-0.0915445776338548,-0.018278095910890926,-0.13918704289302333,0.030834088027616308,-0.05806995555370441,-0.008125768141229278,-0.0053802729517050535,-0.003273014594395081,-1.425888356634128e-05
227.84000000000003,0.92,0.025,0.009797958971132711,0.5248792922602417,0.5278473586035246,0.05773755921913224,-0.14835078279584496,0.22243981639364285,-0.00042497470994394754,-0.0012673801062297503,0.0008947992012113299,-0.0007269959442996054,-1.7792652557122051e-06,0.04886907012307353,-0.12556410255840317,0.18827306059557933,-0.0003596985944965572,-0.10631438406089837,0.09254856413287713,-0.17414372108297682,-0.09149632848109428,-0.01837020799436433,-0.1389935822048066,0.030773101377607043,-0.05795521258041058,-0.008125759791324572,-0.005380615821732361,-0.003268254322489478,-1.4242911812283658e-05
228.0,0.92,0.025,0.009797958971132711,0.5248792922602417,0.5278473586035246,0.05753496772985801,-0.14820762244417715,0.22232370733258652,-0.00042525689102275666,-0.0012650140359284766,0.0008947048755732301,-0.000725558483445172,-1.7751587074077782e-06,0.04869759668655182,-0.12544293163675155,0.18817478588630124,-0.00035993743256166125,-0.10609663904347627,0.09251969363184702,-0.17405302966918604,-0.09144817507679799,-0.018462034031049058,-0.13880029375104966,0.03071220794577108,-0.057840644783453694,-0.008125750827802852,-0.005380959569541393,-0.003263495567127839,-1.4226924892986907e-05
228.15999999999997,0.92,0.025,0.009797958971132711,0.5248792922602417,0.5278473586035246,0.057332754559306684,-0.14806447733762626,0.2222078288856668,-0.0004255385553344521,-0.001262651121784236,0.0008946086380953994,-0.0007241232194807512,-1.771059524414663e-06,0.04852644345899718,-0.12532177361856686,0.1880767063688284,-0.0003601758332350803,-0.10587919690421381,0.09249067940145977,-0.1739625184034079,-0.09140011727992145,-0.018553574530298645,-0.13860717754853413,0.030651407665098072,-0.0577262520360495,-0.00812574124751422,-0.005381304196354937,-0.003258738343362864,-1.4210922932364645e-05
228.32000000000005,0.92,0.025,0.009797958971132711,0.5248792922602417,0.5278473586035246,0.05713091920268961,-0.14792134778168103,0.22209218071297462,-0.0004258197036996375,-0.001260291361340805,0.0008945104938460571,-0.0007226901507997998,-1.7669677057396383e-06,0.04835561001315649,-0.12520062876241483,0.18797882175546174,-0.00036041379721137316,-0.10566205737306442,0.09246152188894595,-0.1738721870201412,-0.09135215494949993,-0.018644830000819016,-0.13841423361358202,0.03059070046781901,-0.057612034210002556,-0.008125731047298197,-0.0053816497033933285,-0.003253982666157372,-1.4194906053720212e-05
228.48000000000002,0.92,0.025,0.009797958971132711,0.5248792922602417,0.5278473586035246,0.05692946115561123,-0.14777823408102006,0.22197676247478787,-0.0004261003369349959,-0.0012579347521407924,0.0008944104478847232,-0.0007212592757781627,-1.7628832502553983e-06,0.04818509592210935,-0.12507949732617538,0.18788113175866047,-0.00036065132518178056,-0.10544522017995632,0.09243222154073925,-0.17378203525402933,-0.09130428794464897,-0.018735800950669027,-0.13822146196205637,0.030530086285412143,-0.05749799117571723,-0.008125720223983675,-0.005381996091874394,-0.0032492285503845568,-1.4178874379747503e-05
228.64,0.92,0.025,0.009797958971132711,0.5248792922602417,0.5278473586035246,0.0567283799140693,-0.1476351365395131,0.22186157383156993,-0.00042638045585332933,-0.0012555812917256514,0.0008943085052622291,-0.0007198305927742169,-1.75880615670171e-06,0.04801490075926826,-0.12495837956704389,0.1877836360910408,-0.000360888417834258,-0.10522868505479327,0.09240277880247735,-0.17369206283985908,-0.09125651612456369,-0.018826487887260837,-0.13802886260936303,0.03046956504860912,-0.05738412280220922,-0.0081257087743889,-0.00538234336301344,-0.0032444760108283175,-1.416282803253404e-05
228.80000000000007,0.92,0.025,0.009797958971132711,0.5248792922602417,0.5278473586035246,0.05652767497445497,-0.14749205546022243,0.22174661444397056,-0.0004266600612636482,-0.001253230977635686,0.0008942046710207281,-0.0007184041001290181,-1.7547364236865056e-06,0.04784502409837869,-0.12483727574153226,0.1876863344653767,-0.00036112507585355186,-0.10501245172745517,0.092373194119003,-0.17360226951256152,-0.09120883934851913,-0.01891689131736049,-0.13783643557045125,0.030409136687401243,-0.05727042895711711,-0.008125696695321474,-0.0053826915180232296,-0.003239725062183559,-1.4146767133564307e-05
228.96000000000004,0.92,0.025,0.009797958971132711,0.5248792922602417,0.5278473586035246,0.05632734583355304,-0.14734899114540428,0.22163188397282688,-0.000426939153971173,-0.0012508838074100604,0.0008940989501937043,-0.0007169797961664434,-1.7506740496867546e-06,0.0476754655135193,-0.1247161861054702,0.18758922659460067,-0.0003613612999212008,-0.10479651992779884,0.09234346793436493,-0.17351265500721272,-0.09116125747587071,-0.01900701174708818,-0.13764418085981509,0.030348801131045582,-0.05715690950671381,-0.00812568398357829,-0.005383040558113942,-0.003234975719056488,-1.4130691803720775e-05
229.12,0.92,0.025,0.009797958971132711,0.5248792922602417,0.5278473586035246,0.05612739198854221,-0.14720594389651026,0.22151738207916136,-0.00042721773477746833,-0.001248539778586808,0.0008939913478059837,-0.0007155576791933304,-1.7466190330495612e-06,0.047506224579102134,-0.1245951109140063,0.18749231219180218,-0.0003615970907156492,-0.10458088938565878,0.09231360069181908,-0.17342321905903213,-0.09111377036605309,-0.019096849681918812,-0.1374520984914944,0.03028855830807089,-0.05704356431591756,-0.008125670635945532,-0.005383390484493151,-0.003230227995964929,-1.4114602163288155e-05
229.27999999999997,0.92,0.025,0.009797958971132711,0.5248792922602417,0.5278473586035246,0.0559278129369951,-0.14706291401418867,0.2214031084241832,-0.00042749580448042565,-0.0012461988887028388,0.0008938818688737443,-0.0007141377474996181,-1.7425713719931706e-06,0.04733730086987265,-0.12447405042160929,0.18739559097022868,-0.0003618324489122323,-0.10436555983084778,0.09228359283382939,-0.17333396140338378,-0.09106637787858099,-0.019186405626682498,-0.137260188479076,0.030228408146283633,-0.05693039324830317,-0.008125656649198653,-0.0053837412983658,-0.003225481907338611,-1.4098498331954769e-05
229.44000000000005,0.92,0.025,0.009797958971132711,0.5248792922602417,0.5278473586035246,0.055728608176878566,-0.14691990179828587,0.22128906266928788,-0.000427773363874387,-0.0012438611352939496,0.0008937705184045262,-0.000712719999358497,-1.738531064607964e-06,0.04716869396091002,-0.12435300488206917,0.18729906264328527,-0.0003620673751832812,-0.10415053099315777,0.09225344480206887,-0.17324488177577588,-0.09101907987304879,-0.01927568008556489,-0.13706845083569485,0.030168350572774387,-0.05681739616611391,-0.008125642020102337,-0.005384093000934168,-0.0032207374675195153,-1.40823804288162e-05
229.60000000000002,0.92,0.025,0.009797958971132711,0.5248792922602417,0.5278473586035246,0.05552977720655379,-0.14677690754784783,0.22117524447605738,-0.00042805041375013953,-0.001241526515894832,0.0008936573013972413,-0.000711304433026543,-1.7344981088574176e-06,0.04700040342762713,-0.12423197454849841,0.187202726924535,-0.00036230187019811814,-0.10393580260236035,0.09222315703742076,-0.17315597991186096,-0.09097187620913064,-0.019364673562107672,-0.13687688557403502,0.030108385513923572,-0.05670457293027221,-0.008125626745410484,-0.005384445593397851,-0.0032159946907621526,-1.4066248572376697e-05
229.76,0.92,0.025,0.009797958971132711,0.5248792922602417,0.5278473586035246,0.05533131952477652,-0.14663393156112123,0.22106165350625961,-0.0004283269548950172,-0.0012391950280390804,0.0008935422228421844,-0.0007098910467438582,-1.730472502579386e-06,0.046832428845770845,-0.12411095967333301,0.18710658352769816,-0.0003625359346231426,-0.10372137438820761,0.09219272997997927,-0.17306725554743574,-0.09092476674658014,-0.01945338655920909,-0.13668549270633093,0.03004851289540748,-0.05659192340039082,-0.008125610821866186,-0.00538479907695372,-0.0032112535912338777,-1.4050102880553787e-05
229.91999999999996,0.92,0.025,0.009797958971132711,0.5248792922602417,0.5278473586035246,0.05513323463069718,-0.14649097413555512,0.22094828942184863,-0.0004286029880929067,-0.0012368666692592013,0.000893425287721042,-0.0007084798387342194,-1.7264542434866097e-06,0.046664769791422096,-0.12398996050833386,0.1870106321666527,-0.00036276956912183623,-0.10350724608043285,0.09216216406905087,-0.17297870841844087,-0.09087775134523036,-0.019541819579124264,-0.1364942722443684,0.02998873264220456,-0.05647944743478464,-0.008125594246201693,-0.005385153452795906,-0.0032065141830152372,-1.4033943470678002e-05
230.08000000000004,0.92,0.025,0.009797958971132711,0.5248792922602417,0.5278473586035246,0.05493552202386113,-0.14634803556780207,0.2208351518849643,-0.0004288785141243792,-0.0012345414370866213,0.0008933065010069031,-0.0007070708072052048,-1.722443329168154e-06,0.04649742584099606,-0.12386897730458768,0.1869148725554338,-0.00036300277435487457,-0.10329341740875128,0.092131459743155,-0.17289033826096117,-0.09083082986499386,-0.019629973123465736,-0.13630322419948573,0.02992904467860089,-0.05636714489048079,-0.008125577015138401,-0.005385508722115761,-0.0032017764801002212,-1.4017770459498522e-05
230.24,0.92,0.025,0.009797958971132711,0.5248792922602417,0.5278473586035246,0.05473818120420872,-0.1462051161537197,0.22072224055793224,-0.00042915353376669446,-0.001232219329051696,0.0008931858676642703,-0.0007056639503483507,-1.7184397570901659e-06,0.046330396571242265,-0.12374801031250836,0.18681930440823385,-0.00036323555098013023,-0.10307988810286053,0.09210061744002539,-0.1728021448112252,-0.09078400216586227,-0.019717847693203918,-0.13611234858257493,0.029869448928196825,-0.05625501562323106,-0.008125559125386825,-0.005385864886101842,-0.0031970404963966594,-1.4001583963184155e-05
230.39999999999998,0.92,0.025,0.009797958971132711,0.5248792922602417,0.5278473586035246,0.0545412116720756,-0.14606221618837195,0.2206095551032642,-0.00042942804779382807,-0.001229900342683718,0.0008930633926490681,-0.0007042592663392765,-1.7144435245969166e-06,0.046163681559244794,-0.12362705978183802,0.18672392743940283,-0.0003634678996526961,-0.10286665789244162,0.09206963759661081,-0.1727141278056058,-0.09073726810790675,-0.01980544378866753,-0.13592164540408264,0.029809945313912352,-0.056143059487521865,-0.00812554057364657,-0.005386221945939863,-0.0031923062457264602,-1.3985384097325635e-05
230.56000000000006,0.92,0.025,0.009797958971132711,0.5248792922602417,0.5278473586035246,0.05434461292819279,-0.14591933596603057,0.2204970951836563,-0.000429702056976598,-0.0012275844755109259,0.000892939080908654,-0.0007028567533378298,-1.7104546289119092e-06,0.04599728038242238,-0.12350612596164828,0.1866287413634467,-0.00036369982102499256,-0.10265372650715957,0.09203852064907626,-0.17262628698061872,-0.09069062755127699,-0.019892761909544004,-0.13573111467401133,0.029750533757993296,-0.05603127633658577,-0.008125521356606302,-0.005386579902812685,-0.003187573741825981,-1.3969170976940076e-05
230.72000000000003,0.92,0.025,0.009797958971132711,0.5248792922602417,0.5278473586035246,0.054148384473686854,-0.14577647578017638,0.2203848604619907,-0.0004299755620826843,-0.0012252717250605131,0.0008928129373818285,-0.0007014564094882291,-1.7064730671386431e-06,0.045831192618528555,-0.1233852091003413,0.18653374589502894,-0.00036393131574678403,-0.10244109367666403,0.09200726703280387,-0.17253862207292386,-0.09064408035620197,-0.019979802554880022,-0.13554075640192054,0.02969121418201739,-0.05591966602241286,-0.00812550147094374,-0.005386938757900278,-0.003182842998346338,-1.395294471647197e-05
230.88,0.92,0.025,0.009797958971132711,0.5248792922602417,0.5278473586035246,0.0539525258100801,-0.14563363592350065,0.2202728506013347,-0.0004302485638766472,-0.0012229620888586353,0.0008926849669988456,-0.0007000582329191936,-1.7024988362618111e-06,0.0456654178456518,-0.12326430944565095,0.1864389407489697,-0.0003641623844651942,-0.10222875913058992,0.0919758771823939,-0.1724511328193247,-0.09059762638298949,-0.020066566223081898,-0.13535057059692773,0.02963198650689984,-0.05580822839576106,-0.008125480913325623,-0.005387298512379696,-0.0031781140288537017,-1.393670542979635e-05
231.03999999999996,0.92,0.025,0.009797958971132711,0.5248792922602417,0.5278473586035246,0.053757036439290765,-0.1454908166879065,0.22016106526493967,-0.00043052106312004707,-0.0012206555644304186,0.0008925551746814216,-0.0006986622217440893,-1.6985319331481694e-06,0.045499955642215706,-0.12314342724464407,0.18634432564024495,-0.00036439302782480785,-0.10201672259855839,0.09194435153166579,-0.1723638189567674,-0.09055126549202573,-0.020153053411916085,-0.13516055726770942,0.029572850652899545,-0.05569696330616768,-0.008125459680407676,-0.005387659167425039,-0.003173386846829658,-1.3920453230222006e-05
231.20000000000005,0.92,0.025,0.009797958971132711,0.5248792922602417,0.5278473586035246,0.05356191586363309,-0.1453480183645103,0.2200495041162414,-0.00043079306057146663,-0.0012183521492999698,0.0008924235653427468,-0.0006972683740610598,-1.6945723545474972e-06,0.04533480558697905,-0.12302256274372153,0.18624990028398675,-0.00036462324646768937,-0.10180498381017716,0.09191269051365919,-0.17227668022234113,-0.09050499754377536,-0.02023926461850959,-0.13497071642250255,0.0295138065396247,-0.05558587060195994,-0.0081254377688346,-0.005388020724207435,-0.003168661465671504,-1.3904188230493586e-05
231.36,0.92,0.025,0.009797958971132711,0.5248792922602417,0.5278473586035246,0.05336716358581759,-0.14520524124364298,0.21993816681886055,-0.0004310645569865514,-0.0012160518409903827,0.0008922901438874945,-0.000695876687953173,-1.6906200970936125e-06,0.04516996725903601,-0.12290171618861942,0.1861556643954836,-0.0003648530410334171,-0.1015935424950415,0.09188089456063483,-0.17218971635327837,-0.09045882239878154,-0.020325200339350463,-0.1347810480691052,0.029454854086039033,-0.05547495013026655,-0.008125415175240042,-0.005388383183895003,-0.0031639378986925964,-1.3887910542794263e-05
231.51999999999998,0.92,0.025,0.009797958971132711,0.5248792922602417,0.5278473586035246,0.05317277910895115,-0.1450624856148513,0.21982705303660108,-0.00043133555311808386,-0.0012137546370237478,0.0008921549152118313,-0.0006944871614885477,-1.6866751573053885e-06,0.045005440237816254,-0.12278088782441014,0.18606161769017915,-0.0003650824121591462,-0.10138239838273472,0.09184896410407566,-0.1721029270869539,-0.09041273991766553,-0.020410861070288226,-0.13459155221487795,0.029395993210467253,-0.055364201737027816,-0.008125391896246574,-0.005388746547652822,-0.003159216159122651,-1.3871620278748991e-05
231.68000000000006,0.92,0.025,0.009797958971132711,0.5248792922602417,0.5278473586035246,0.05297876193653717,-0.1449197517668995,0.2197161624334513,-0.00043160604971602916,-0.00121146053492116,0.0008920178842034272,-0.0006930997927204969,-1.6827375315876368e-06,0.04484122410308507,-0.12266007789550375,0.18596775988367317,-0.0003653113604796471,-0.10117155120282902,0.09181689957468783,-0.17201631216088542,-0.09036674996112669,-0.020496247306534314,-0.1344022288667448,0.029337223830601118,-0.055253625267006994,-0.008125367928465658,-0.005389110816642912,-0.0031544962601080815,-1.3855317549426645e-05
231.84000000000003,0.92,0.025,0.009797958971132711,0.5248792922602417,0.5278473586035246,0.05278511157247581,-0.1447770399877703,0.2196054946735818,-0.0004318760475275895,-0.001209169532202727,0.0008918790557414662,-0.0006917145796876618,-1.6788072162321038e-06,0.04467731843494353,-0.1225392866456488,0.18587409069171965,-0.00036553988662735174,-0.10096100068488598,0.09178470140240161,-0.17192987131273213,-0.09032085238994197,-0.020581359542662603,-0.1342130780311944,0.029278545863505204,-0.055143220563801006,-0.008125343268497637,-0.005389475992024188,-0.003149778214712342,-1.3839002465343043e-05
232.0,0.92,0.025,0.009797958971132711,0.5248792922602417,0.5278473586035246,0.05259182752106406,-0.14463435056466656,0.21949504942134693,-0.00043214554729724484,-0.001206881626387578,0.0008917384346966552,-0.0006903315204141499,-1.6748842074184623e-06,0.04451372281382862,-0.12241851431793378,0.18578060983022804,-0.0003657679912323881,-0.10075074655845745,0.09175237001637244,-0.17184360428029566,-0.09027504706496614,-0.02066619827260975,-0.13402409971428111,0.029219959225622778,-0.05503298746985135,-0.0081253179129317,-0.005389842074952446,-0.0031450620359162436,-1.3822675136463476e-05
232.15999999999997,0.92,0.025,0.009797958971132711,0.5248792922602417,0.5278473586035246,0.05239890928699592,-0.14449168378401242,0.2193848263412832,-0.0004324145497668103,-0.0012045968149938717,0.0008915960259312352,-0.0006889506129096685,-1.6709685012152003e-06,0.04435043682051335,-0.12229776115478812,0.18568731701526212,-0.00036599567492262824,-0.1005407885530861,0.09171990584498202,-0.17175751080151927,-0.09022933384713147,-0.020750763989675774,-0.13383529392162596,0.02916146383278148,-0.054922925826454784,-0.008125291858345858,-0.005390209066580321,-0.0031403477366182876,-1.3806335672205279e-05
232.32000000000005,0.92,0.025,0.009797958971132711,0.5248792922602417,0.5278473586035246,0.05220635637536257,-0.1443490399314547,0.21927482509810964,-0.0004326830556755359,-0.0012023150955388037,0.0008914518342989907,-0.0006875718551696594,-1.6670600935806325e-06,0.04418746003610688,-0.12217702739798326,0.18559421196304002,-0.0003662229383237736,-0.10033112639830603,0.09168730931583902,-0.17167159061448764,-0.0901837125974474,-0.02083505718652445,-0.13364666065841782,0.029103059600199117,-0.05481303547377402,-0.008125265101306931,-0.005390576968057261,-0.003135635329634991,-1.3789984181441425e-05
232.48000000000002,0.92,0.025,0.009797958971132711,0.5248792922602417,0.5278473586035246,0.052014168291652514,-0.14420641929186445,0.21916504535672665,-0.0004329510657600498,-0.0012000364655386164,0.0008913058646452594,-0.0006861952451754389,-1.6631589803639528e-06,0.04402479204205469,-0.12205631328863407,0.18550129438993346,-0.0003664497820593062,-0.10012175982364367,0.09165458085578047,-0.17158584345742636,-0.09013818317700033,-0.02091907835518369,-0.13345819992941454,0.029044746442489614,-0.05470331625084882,-0.008125237638370498,-0.0053909457805294955,-0.00313092482770125,-1.3773620772502258e-05
232.64,0.92,0.025,0.009797958971132711,0.5248792922602417,0.5278473586035246,0.05182234454175173,-0.144063822149338,0.21905548678221684,-0.0004332185807545193,-0.0011977609225086062,0.0008911581218069436,-0.0006848207808943269,-1.659265157305933e-06,0.04386243242013867,-0.12193561906719969,0.18540856401246833,-0.00036667620675062516,-0.09991268855861829,0.0916217208908725,-0.17150026906870253,-0.09009274544695388,-0.021002827987046196,-0.13326991173894392,0.028986524273668525,-0.05459376799560629,-0.008125209466080908,-0.0053913155051400095,-0.0031262162434706345,-1.3757245553178508e-05
232.80000000000007,0.92,0.025,0.009797958971132711,0.5248792922602417,0.5278473586035246,0.05163088463194384,-0.14392124878719847,0.2189461490398435,-0.00043348560139062854,-0.0011954884639631318,0.0008910086106125189,-0.0006834484602797822,-1.6553786200400314e-06,0.043700380752477265,-0.1218149449734848,0.18531602054732355,-0.000366902213017028,-0.0997039123327427,0.09158872984641132,-0.17141486718682344,-0.09004739926854811,-0.021086306572869726,-0.1330817960909049,0.02892839300715881,-0.054484390544871676,-0.008125180580971227,-0.0053916861430285045,-0.003121509589515745,-1.3740858630723824e-05
232.96000000000004,0.92,0.025,0.009797958971132711,0.5248792922602417,0.5278473586035246,0.051439788068910246,-0.14377869948799718,0.21883703179505112,-0.00043375212839767035,-0.0011932190874156224,0.0008908573358820441,-0.0006820782812715412,-1.6514993640934623e-06,0.043538636621525635,-0.12169429124664081,0.18522366371133128,-0.0003671278014757882,-0.09949543087552395,0.0915556081469244,-0.17132963755043715,-0.09000214450309982,-0.02116951460277762,-0.13289385298876843,0.02887035255579679,-0.054375183734379315,-0.008125150979563222,-0.00539205769533137,-0.003116804878328556,-1.372446011185862e-05
233.12,0.92,0.025,0.009797958971132711,0.5248792922602417,0.5278473586035246,0.051249054359730234,-0.14363617453351477,0.21872813471346356,-0.00043401816250258484,-0.001190952790378586,0.0008907043024271727,-0.000680710241795746,-1.6476273848877705e-06,0.04337719961007567,-0.1215736581251669,0.18513149322147557,-0.00036735297274218784,-0.09928724391646393,0.09152235621617122,-0.17124457989833106,-0.0899569810120017,-0.02125245256625932,-0.13270608243557885,0.028812402831837544,-0.05426614739878289,-0.008125120658367346,-0.005392430163181663,-0.00311210212232075,-1.3708050102771061e-05
233.27999999999997,0.92,0.025,0.009797958971132711,0.5248792922602417,0.5278473586035246,0.05105868301188119,-0.14349367420476283,0.21861945746088546,-0.0004342837044300033,-0.0011886895703636174,0.0008905495150511615,-0.0006793443397650797,-1.6437626777402948e-06,0.043216069301256245,-0.12145304584691127,0.18503950879489345,-0.0003675777274295548,-0.09907935118506013,0.09148897447714456,-0.17115969396943295,-0.0899119086567228,-0.021335120952170748,-0.1325184844339547,0.028754543746960785,-0.054157281371666144,-0.0081250896138827,-0.005392803547709056,-0.0031074013338240436,-1.3691628709121993e-05
233.44000000000005,0.92,0.025,0.009797958971132711,0.5248792922602417,0.5278473586035246,0.05086867353323872,-0.14335119878198507,0.21851099970330023,-0.00043454875490227517,-0.0011864294248814062,0.000890392978548881,-0.0006779805730789006,-1.6399052378643798e-06,0.04305524527853326,-0.12133245464907218,0.18494771014887332,-0.00036780206614928573,-0.09887175241080634,0.0914554633520712,-0.17107497950280956,-0.08986692729880787,-0.02141752024873478,-0.1323310589860899,0.028696775212276485,-0.0540485854855536,-0.008125057842597014,-0.005393177850039826,-0.0031027025250905506,-1.3675196036044184e-05
233.60000000000002,0.92,0.025,0.009797958971132711,0.5248792922602417,0.5278473586035246,0.05067902543207681,-0.14320874854465857,0.21840276110687076,-0.0004348133146395885,-0.0011841723514417458,0.0008902346977068257,-0.0006766189396233749,-1.6360550603711477e-06,0.04289472712570981,-0.12121188476819901,0.18485609700085542,-0.00036802598951094775,-0.09866444732319309,0.09142182326241309,-0.170990436237667,-0.08982203679987731,-0.021499650943541743,-0.13214380609375484,0.028639097138330624,-0.05394005957192107,-0.008125025340986629,-0.005393553071296811,-0.0030980057082931104,-1.3658752188149856e-05
233.76,0.92,0.025,0.009797958971132711,0.5248792922602417,0.5278473586035246,0.050489738217067884,-0.1430663237714954,0.21829474133793886,-0.0004350773843599243,-0.0011819183475535399,0.0008900746773031238,-0.0006752594372716094,-1.6322121402698084e-06,0.04273451442692626,-0.12109133644019371,0.18476466906843145,-0.0003682494981222399,-0.09845743565170861,0.09138805462886833,-0.17090606391335036,-0.08977723702162722,-0.02158151352354982,-0.13195672575829734,0.028581509435110803,-0.053831703461206235,-0.008124992105516458,-0.005393929212599383,-0.003093310895525636,-1.364229726952925e-05
233.91999999999996,0.92,0.025,0.009797958971132711,0.5248792922602417,0.5278473586035246,0.0503008113972831,-0.14292392474044371,0.21818694006302353,-0.00043534096477916914,-0.0011796674107248121,0.0008899129221075468,-0.0006739020638837805,-1.6283764724687867e-06,0.042574606766660424,-0.12097080990031156,0.18467342606934312,-0.00036847259258908875,-0.09825071712583924,0.09135415787137204,-0.17082186226934273,-0.08973252782582847,-0.021663108475085534,-0.13176981798064383,0.02852401201205178,-0.053723516982818874,-0.008124958132639979,-0.005394306275063416,-0.003088618098803459,-1.3625831383755323e-05
234.08000000000004,0.92,0.025,0.009797958971132711,0.5248792922602417,0.5278473586035246,0.05011224448219234,-0.1427815517286892,0.21807935694882233,-0.00043560405661115996,-0.0011774195384627129,0.0008897494368815202,-0.0006725468173072663,-1.6245480517767112e-06,0.0424150037297276,-0.12085030538316255,0.18458236772148323,-0.0003686952735156858,-0.0980442914750703,0.09132013340909749,-0.17073783104526563,-0.08968790907432718,-0.021744436283844225,-0.13158308276130037,0.0284666047780411,-0.05361549996515142,-0.008124923418799194,-0.00539468425980125,-0.0030839273300636524,-1.3609354633886586e-05
234.24,0.92,0.025,0.009797958971132711,0.5248792922602417,0.5278473586035246,0.049924036981664414,-0.14263920501265637,0.21797199166220982,-0.0004358666605677118,-0.001175174728273528,0.0008895842263781338,-0.0006711936953767876,-1.6207268729032104e-06,0.04225570490128076,-0.12072982312271235,0.1844914937428944,-0.0003689175415045113,-0.09783815842888652,0.09128598166045705,-0.17065396998087848,-0.08964338062904417,-0.021825497434890546,-0.13139652010035374,0.02840928764142511,-0.053507652235590106,-0.008124887960424617,-0.005395063167921664,-0.003079238601165438,-1.3592867122469199e-05
234.39999999999998,0.92,0.025,0.009797958971132711,0.5248792922602417,0.5278473586035246,0.04973618840596723,-0.14249688486800988,0.21786484387023694,-0.0004361287773586662,-0.0011729329776626874,0.0008894172953421502,-0.0006698426959145263,-1.6169129304599438e-06,0.04209670986681067,-0.12060936335228356,0.18440080385176855,-0.0003691393971563751,-0.09763231771677293,0.09125170304310308,-0.17057027881607764,-0.08959894235197466,-0.021906292412658797,-0.13121012999747242,0.028352060510014026,-0.05339997362052446,-0.00812485175393525,-0.00539544300052984,-0.003074551923890473,-1.3576368951540165e-05
234.56000000000006,0.92,0.025,0.009797958971132711,0.5248792922602417,0.5278473586035246,0.049548698265767875,-0.1423545915696559,0.2177579132401317,-0.0004363904076919293,-0.0011706942841347707,0.0008892486485100156,-0.0006684938167302599,-1.6131062189614279e-06,0.04193801821214593,-0.12048892630455676,0.18431029776644747,-0.00036936084107044896,-0.09742676906821533,0.09121729797392905,-0.17048675729089724,-0.08955459410518836,-0.02198682170095349,-0.13102391245190764,0.028294923291087657,-0.05329246394535793,-0.008124814795738544,-0.005395823758727333,-0.003069867309943206,-1.3559860222629513e-05
234.72000000000003,0.92,0.025,0.009797958971132711,0.5248792922602417,0.5278473586035246,0.049361566072132754,-0.14221232539174353,0.21765119943929728,-0.0004366515522735594,-0.0011684586451935184,0.0008890782906098704,-0.0006671470556214999,-1.6093067328260122e-06,0.04177962952345316,-0.12036851221157173,0.18421997520542122,-0.0003695818738443407,-0.09722151221270112,0.09118276686907054,-0.17040340514550764,-0.0895103357508289,-0.022067085782949847,-0.13083786746249462,0.02823787589140134,-0.05318512303451893,-0.008124777082230389,-0.00539620544361204,-0.003065184770951277,-1.3543341036764096e-05
234.88,0.92,0.025,0.009797958971132711,0.5248792922602417,0.5278473586035246,0.049174791336527766,-0.1420700866076659,0.21754470213531305,-0.0004369122118077492,-0.0011662260583418377,0.0008889062263615578,-0.0006658024103736118,-1.6055144663767555e-06,0.0416215433872371,-0.12024812130472842,0.18412983588732898,-0.0003698024960740789,-0.09701654687971974,0.09114811014390606,-0.17032022212021614,-0.08946616715111395,-0.02214708514119408,-0.13065199502765343,0.028180918217191032,-0.05307795071147037,-0.008124738609795084,-0.005396588056278163,-0.003060504318465806,-1.3526811494469148e-05
235.03999999999996,0.92,0.025,0.009797958971132711,0.5248792922602417,0.5278473586035246,0.04898837357081842,-0.14192787549006172,0.21743842099593283,-0.00043717238699693276,-0.0011639965210818101,0.0008887324604766351,-0.0006644598787599509,-1.601729413842251e-06,0.041463759390340714,-0.12012775381478825,0.18403987953095755,-0.0003700227083542039,-0.09681187279876353,0.09111332821305822,-0.17023720795546587,-0.08942208816833468,-0.022226820257604113,-0.1304662951453901,0.02812405017417913,-0.05297094679872048,-0.008124699374805311,-0.005396971597816169,-0.003055825963961785,-1.3510271695771634e-05
235.20000000000005,0.92,0.025,0.009797958971132711,0.5248792922602417,0.5278473586035246,0.04880231228726991,-0.1417856923108164,0.21733235568908468,-0.0004374320785418171,-0.0011617700309147015,0.000888556997658382,-0.0006631194585419901,-1.5979515693577395e-06,0.04130627711994525,-0.12000740997187499,0.1839501058552413,-0.00037024251127779404,-0.09660748969932816,0.09107842149039447,-0.17015436239183554,-0.08937809866485548,-0.022306291613469774,-0.13028076781329764,0.028067271667579902,-0.0528641111178329,-0.008124659373622122,-0.005397356069312787,-0.003051149718838419,-1.3493721740203814e-05
235.36,0.92,0.025,0.009797958971132711,0.5248792922602417,0.5278473586035246,0.04861660699854733,-0.14164353734106366,0.21722650588287148,-0.0004376912871413723,-0.0011595465853409682,0.0008883798426018127,-0.0006617811474694518,-1.5941809269658507e-06,0.04114909616357046,-0.11988709000547629,0.18386051457926245,-0.0003704619054364575,-0.09640339731091349,0.0910433903890285,-0.1700716851700397,-0.08933419850311429,-0.02238549968945349,-0.13009541302855726,0.028010582602105163,-0.05275744348943729,-0.00812461860259489,-0.005397741471850933,-0.003046475594419485,-1.3477161726804427e-05
235.51999999999998,0.92,0.025,0.009797958971132711,0.5248792922602417,0.5278473586035246,0.04843125721771578,-0.1415014108511865,0.21712087124556922,-0.0004379500134929551,-0.0011573261818602655,0.0008882009999936837,-0.0006604449432804324,-1.5904174806173836e-06,0.040992216109074636,-0.11976679414444426,0.1837711054222498,-0.0003706808914204372,-0.09619959536302417,0.09100823532132078,-0.16998917603092772,-0.08929038754562182,-0.02246444496559059,-0.12991023078793917,0.02795398288196954,-0.05265094373323913,-0.008124577058061322,-0.005398127806509713,-0.003041803601953673,-1.3460591754122096e-05
235.68000000000006,0.92,0.025,0.009797958971132711,0.5248792922602417,0.5278473586035246,0.04824626245824042,-0.1413593131108188,0.21701545144562645,-0.0004382082582923021,-0.0011551088179714549,0.0008880204745125047,-0.0006591108437015353,-1.586661224172568e-06,0.0408356365446547,-0.11964652261699706,0.18368187810357825,-0.0003708994698186045,-0.09599608358517005,0.09097295669887978,-0.1699068347154833,-0.0892466656549612,-0.02254312792128985,-0.1297252210878037,0.027897472410896178,-0.0525446116680303,-0.008124534736347394,-0.005398515074364363,-0.00303713375261497,-1.3444011920219127e-05
235.84000000000003,0.92,0.025,0.009797958971132711,0.5248792922602417,0.5278473586035246,0.04806162223398671,-0.14121724438884656,0.21691024615166546,-0.00043846602223358144,-0.001152894491172613,0.0008878382708285491,-0.0006577788464479995,-1.5829121514015921e-06,0.04067935705884635,-0.11952627565071973,0.18359283234276966,-0.00037111764121850333,-0.09579286170686718,0.09093755493256293,-0.16982466096482535,-0.08920303269378856,-0.02262154903533392,-0.12954038392410258,0.027841051092122215,-0.052438447111699434,-0.008124491633767352,-0.005398903276486235,-0.0030324660575029934,-1.3427422322672598e-05
236.0,0.92,0.025,0.009797958971132711,0.5248792922602417,0.5278473586035246,0.04787733605922047,-0.1410752049534091,0.21680525503248022,-0.00043872330600945976,-0.0011506831989610382,0.0008876543936038623,-0.0006564489492238246,-1.579170255985676e-06,0.040523377240524204,-0.11940605347256547,0.18350396785949127,-0.00037133540620640676,-0.09558992945763824,0.09090203043247755,-0.16974265452020637,-0.0891594885248321,-0.022699708785879832,-0.12935571929237946,0.027784718828404133,-0.052332449881241666,-0.008124447746623683,-0.005399292413942745,-0.003027800527643356,-1.3410823058578396e-05
236.15999999999997,0.92,0.025,0.009797958971132711,0.5248792922602417,0.5278473586035246,0.04769340344860798,-0.14093319507190052,0.21670047775703635,-0.00043898011031110167,-0.0011484749388332603,0.0008874688474922735,-0.0006551211497219,-1.5754355315178755e-06,0.0403676966789018,-0.11928585630885662,0.1834152843735556,-0.0003715527653673165,-0.09538728656701312,0.09086638360798184,-0.16966081512301254,-0.08911603301089199,-0.0227776076504594,-0.12917122718777166,0.027728475522023264,-0.052226619792769075,-0.00812440307120709,-0.005399682487797362,-0.003023137173988027,-1.339421422455302e-05
236.32000000000005,0.92,0.025,0.009797958971132711,0.5248792922602417,0.5278473586035246,0.047509823917216185,-0.14079121501097103,0.21659591399447056,-0.000439236435828276,-0.0011462697082850453,0.0008872816371394038,-0.0006537954456241356,-1.5717079715040218e-06,0.04021231496353178,-0.11916568438528588,0.1833267816049199,-0.00037176971928505284,-0.09518493276452979,0.09083061486768597,-0.16957914251476325,-0.08907266601484017,-0.02285524610597974,-0.1289869076050105,0.027672321074791353,-0.05212095666152096,-0.008124357603796454,-0.00540007349910955,-0.003018476007415706,-1.3377595916737525e-05
236.48000000000002,0.92,0.025,0.009797958971132711,0.5248792922602417,0.5278473586035246,0.047326596980512725,-0.14064926503652803,0.2164915634140911,-0.00043949228324931093,-0.0011440675048114068,0.0008870927671826773,-0.0006524718346015869,-1.5679875693635834e-06,0.04005723168430597,-0.11904553792691733,0.1832384592736867,-0.00037198626854221677,-0.09498286777973466,0.09079472461945282,-0.16949763643711152,-0.08902938739962053,-0.02293262462872367,-0.12880276053842285,0.027616255388055944,-0.052015460301873886,-0.008124311340658844,-0.005400465448934754,-0.003013817038732165,-1.3360968230798915e-05
236.64,0.92,0.025,0.009797958971132711,0.5248792922602417,0.5278473586035246,0.04714372215436613,-0.1405073454137378,0.21638742568537597,-0.00043974765326122093,-0.00114186832590661,0.0008869022422513308,-0.0006511503143145807,-1.5642743184305558e-06,0.0399024464314555,-0.11892541715818768,0.18315031710010224,-0.0003722024137202974,-0.09478109134218349,0.09075871327039924,-0.16941629663184246,-0.08898619702824803,-0.023009743694350313,-0.12861878598193185,0.027560278362705685,-0.051910130527351606,-0.00812426427804945,-0.005400858338324345,-0.00300916027867062,-1.3344331261934275e-05
236.80000000000007,0.92,0.025,0.009797958971132711,0.5248792922602417,0.5278473586035246,0.046961198955045885,-0.14036545640702638,0.21628350047797354,-0.0004400025465496943,-0.0011396721690641828,0.0008867100669664229,-0.0006498308824128441,-1.5605682119542283e-06,0.03974795879555084,-0.11880532230290713,0.18306235480455682,-0.00037241815539966125,-0.09457960318144175,0.09072258122689675,-0.169335122840874,-0.08894309476380902,-0.023086603777895363,-0.1284349839290582,0.027504389899175873,-0.05180496715063535,-0.008124216412211593,-0.005401252168325608,-0.0030045057378920914,-1.3327685104872245e-05
236.96000000000004,0.92,0.025,0.009797958971132711,0.5248792922602417,0.5278473586035246,0.046779026899222594,-0.1402235982800813,0.21617978746170144,-0.0004402569637991725,-0.001137479031776921,0.000886516245940845,-0.0006485135365356323,-1.5568692431001898e-06,0.039593768367502,-0.11868525358426081,0.1829745721075841,-0.0003726334941596196,-0.09437840302708549,0.09068632889457284,-0.16925411480625582,-0.08890008046946067,-0.023163205353771723,-0.1282513543729209,0.027448589897453916,-0.05169996998357403,-0.00812416773937668,-0.005401646939981689,-0.0029998534269857855,-1.331102985387701e-05
237.12,0.92,0.025,0.009797958971132711,0.5248792922602417,0.5278473586035246,0.04659720550396804,-0.1400817712958525,0.2160762863065469,-0.000440510905692834,-0.0011352889115368973,0.0008863207837793301,-0.0006471982743118512,-1.5531774049511903e-06,0.03943987473855855,-0.11856521122480956,0.18288696872986132,-0.0003728484305784147,-0.09417749060870179,0.09064995667831155,-0.16917327227016987,-0.08885715400843124,-0.023239548895769898,-0.12806789730623855,0.027392878257084533,-0.0515951388371939,-0.00812411825576419,-0.005402042654331571,-0.0029952033564694305,-1.3294365602750175e-05
237.27999999999997,0.92,0.025,0.009797958971132711,0.5248792922602417,0.5278473586035246,0.046415734286755335,-0.13993997571655392,0.21597299668266534,-0.00044076437291270046,-0.0011331018058354692,0.0008861236850784635,-0.0006458850933601867,-1.5494926905078408e-06,0.03928627750030972,-0.11844519544649125,0.18279954439220794,-0.0003730629652333097,-0.09397686565588946,0.09061346498225487,-0.16909259497492907,-0.08881431524401923,-0.023315634877058417,-0.12788461272133025,0.02733725487717529,-0.0514904735217089,-0.008124067957581643,-0.0054024393124100355,-0.002990555536789673,-1.327769244483382e-05
237.44000000000005,0.92,0.025,0.009797958971132711,0.5248792922602417,0.5278473586035246,0.04623461276545905,-0.1397982118036647,0.21586991826038085,-0.00044101736613962625,-0.001130917712163285,0.0008859249544266919,-0.000644573991289227,-1.5458150926896436e-06,0.03913297624468454,-0.11832520647062181,0.18271229881558637,-0.0003732770987005797,-0.09377652789825973,0.09057685420980334,-0.16901208266297768,-0.08877156403959369,-0.0233914637701844,-0.12770150061011656,0.02728171965640182,-0.05138597384653042,-0.00812401684102458,-0.005402836915247624,-0.0029859099783224176,-1.326101047301325e-05
237.60000000000002,0.92,0.025,0.009797958971132711,0.5248792922602417,0.5278473586035246,0.046053840458355325,-0.1396564798179304,0.21576705071018507,-0.0004412698860533614,-0.0011287366280102937,0.0008857245964043342,-0.0006432649656975977,-1.5421446043359083e-06,0.03897997056395195,-0.11820524451789628,0.18262523172110065,-0.0003734908315555651,-0.09357647706543673,0.09054012476361724,-0.16893173507689077,-0.08872890025859381,-0.023467036047073973,-0.1275185609641207,0.027226272493013605,-0.051281639620277916,-0.00812396490227654,-0.00540323546387061,-0.0029812666913732497,-1.3244319779720516e-05
237.76,0.92,0.025,0.009797958971132711,0.5248792922602417,0.5278473586035246,0.045873416884121915,-0.1395147800193645,0.2156643937027378,-0.00044152193333258825,-0.001126558550865751,0.00088552261558359,-0.0006419580141740713,-1.5384812182063523e-06,0.03882726005072079,-0.1180853098083901,0.18253834282999729,-0.0003737041643727027,-0.09337671288705825,0.0905032770456176,-0.16885155195937426,-0.0886863237645289,-0.023542352179032677,-0.1273357937744695,0.027170913284838602,-0.051177470650787774,-0.008123912137509036,-0.005403634959300961,-0.0029766256861777193,-1.3227620456935755e-05
237.91999999999996,0.92,0.025,0.009797958971132711,0.5248792922602417,0.5278473586035246,0.045693341561838394,-0.1393731126672494,0.21556194690886546,-0.00044177350865494934,-0.0011243834782182268,0.0008853190165285509,-0.0006406531342977067,-1.5348249269819967e-06,0.03867484429794002,-0.11796540256155989,0.18245163186366373,-0.00037391709772554915,-0.09317723509277624,0.09046631145698687,-0.16877153305326406,-0.08864383442097794,-0.023617412636746087,-0.1271531990318942,0.02711564192928925,-0.0510734667451243,-0.00812385854288152,-0.0054040354025562945,-0.002971986972901795,-1.321091259619025e-05
238.08000000000004,0.92,0.025,0.009797958971132711,0.5248792922602417,0.5278473586035246,0.04551361401098616,-0.1392314780201381,0.21545970999956157,-0.0004420246126971021,-0.0011222114075556137,0.0008851138037952091,-0.0006393503236379649,-1.531175723266351e-06,0.03852272289889869,-0.1178455229962449,0.18236509854362892,-0.00037412963218682726,-0.09297804341225757,0.09042922839817036,-0.1686916781015264,-0.08860143209158966,-0.023692217890280125,-0.12697077672673188,0.02706045832336736,-0.05096962770958896,-0.008123804114541366,-0.005404436794649854,-0.0029673505616421817,-1.319419628857084e-05
238.24,0.92,0.025,0.009797958971132711,0.5248792922602417,0.5278473586035246,0.04533423375144869,-0.13908987633585515,0.21535768264598604,-0.0004422752461347357,-0.0011200423363651347,0.000884906981931468,-0.0006380495797548407,-1.5275335995858404e-06,0.038370895447226175,-0.1177256713306678,0.1822787425915626,-0.0003743417683284403,-0.09277913757518448,0.09039202826887674,-0.16861198684725723,-0.0885591166400822,-0.023766768409081592,-0.12678852684892616,0.027005362363669794,-0.05086595334973086,-0.008123748848623859,-0.005404839136590469,-0.0029627164624267317,-1.3177471624720562e-05
238.39999999999998,0.92,0.025,0.009797958971132711,0.5248792922602417,0.5278473586035246,0.04515520030351147,-0.13894830787149812,0.21525586451946507,-0.0004425254096426298,-0.00111787626213335,0.0008846985554771519,-0.0006367509001989804,-1.5238985483909292e-06,0.038219361536892114,-0.11760584778243602,0.18219256372927525,-0.0003745535067215219,-0.09258051731125533,0.09035471146807939,-0.16853245903368205,-0.08851688793024316,-0.023841064661978655,-0.1266064493880284,0.026950353946393425,-0.05076244347035607,-0.008123692741252152,-0.005405242429382521,-0.0029580846852147852,-1.3160738694842929e-05
238.56000000000006,0.92,0.025,0.009797958971132711,0.5248792922602417,0.5278473586035246,0.044976513187862256,-0.13880677288343887,0.21515425529148985,-0.00044277510389466806,-0.0011157131823461644,0.0008844885289640153,-0.0006354542825118084,-1.520270562056825e-06,0.038068120762206614,-0.11748605256854266,0.18210656167871703,-0.00037476484793644706,-0.09238218235018517,0.09031727839401711,-0.16845309440415512,-0.08847474582592878,-0.023915107117181308,-0.1264245443331985,0.026895432967340576,-0.05065909787553773,-0.008123635788537241,-0.005405646674025897,-0.0029534552398975717,-1.3143997588703892e-05
238.72000000000003,0.92,0.025,0.009797958971132711,0.5248792922602417,0.5278473586035246,0.044798171925591046,-0.13866527162732475,0.21505285463371837,-0.0004430243295639005,-0.0011135530944888351,0.0008842769069157529,-0.0006341597242256531,-1.5166496328842707e-06,0.03791717271782026,-0.11736628590536768,0.18202073616197925,-0.0003749757925428854,-0.09218413242170631,0.09027972944419517,-0.1683738927021609,-0.088432690191065,-0.02398889624228178,-0.1262428116732061,0.02684059932192439,-0.050555916368626094,-0.008123577986577958,-0.005406051871515967,-0.0029488281362985633,-1.3127248395634541e-05
238.88,0.92,0.025,0.009797958971132711,0.5248792922602417,0.5278473586035246,0.04462017603819032,-0.13852380435808007,0.21495166221797288,-0.0004432730873225291,-0.00111139599604598,0.00088406369384801,-0.0006328672228638676,-1.5130357531005733e-06,0.03776651699872429,-0.11724654800867898,0.18193508690129226,-0.00037518634110978864,-0.09198636725556902,0.09024206501538634,-0.16829485367131183,-0.08839072088964611,-0.024062432504255084,-0.12606125139643165,0.02678585290517397,-0.05045289875225802,-0.00812351933146093,-0.005406458022843541,-0.002944203384173873,-1.3110491204534313e-05
239.03999999999996,0.92,0.025,0.009797958971132711,0.5248792922602417,0.5278473586035246,0.044442525047555026,-0.13838237132990727,0.21485067771624092,-0.00044352137784205506,-0.0011092418845015835,0.0008838488942683918,-0.0006315767759409547,-1.5094289148601532e-06,0.03761615320025057,-0.11712683909363351,0.18184961361902632,-0.00037539649420551544,-0.0917888865815421,0.09020428550363188,-0.16821597705534938,-0.08834883778573521,-0.02413571636945947,-0.12587986349086716,0.0267311936117397,-0.05035004482836705,-0.00812345981926056,-0.005406865128994827,-0.0029395809932126205,-1.309372610387385e-05
239.20000000000005,0.92,0.025,0.009797958971132711,0.5248792922602417,0.5278473586035246,0.044265218475982714,-0.1382409727962881,0.21474990080067424,-0.00044376920179313326,-0.001107090757339006,0.0008836325126764724,-0.0006302883809626851,-1.5058291102457278e-06,0.03746608091807177,-0.11700715937477826,0.1817643160376907,-0.000375606252397708,-0.0915916901294134,0.09016639130424227,-0.16813726259814302,-0.08830704074346385,-0.024208748303636816,-0.1256986479441174,0.026676621335898345,-0.0502473543981927,-0.008123399446039011,-0.005407273190951412,-0.0029349609730372965,-1.3076953181696977e-05
239.36,0.92,0.025,0.009797958971132711,0.5248792922602417,0.5278473586035246,0.0440882558461737,-0.13809960900998516,0.2146493311435895,-0.0004440165598457939,-0.0011049426120409889,0.0008834145535638067,-0.0006290020354262309,-1.5022363312687364e-06,0.03731629974820142,-0.11688750906605144,0.18167919387993417,-0.00037581561625348,-0.09139477762899059,0.09012838281179844,-0.16805871004369113,-0.08826532962703218,-0.02428152877191325,-0.12551760474340082,0.026622135971558675,-0.05014482726229112,-0.008123338207846173,-0.005407682209690196,-0.0029303433332041853,-1.3060172525624185e-05
239.51999999999998,0.92,0.025,0.009797958971132711,0.5248792922602417,0.5278473586035246,0.04391163668123105,-0.13795828022304293,0.21454896841746715,-0.00044426345266934317,-0.0011027974460896643,0.0008831950214139376,-0.000627717736820277,-1.4986505698705765e-06,0.03716680928699396,-0.11676788838078354,0.1815942468685442,-0.0003760245863393321,-0.09119814881010162,0.09009026042015261,-0.16798031913611977,-0.08822370430070856,-0.024354058238799447,-0.1253367338755507,0.026567737412266274,-0.05004246322054401,-0.008123276100719636,-0.005408092186183386,-0.002925728083203701,-1.304338422285549e-05
239.68000000000006,0.92,0.025,0.009797958971132711,0.5248792922602417,0.5278473586035246,0.04373536050466077,-0.13781698668678924,0.21444881229495188,-0.00044450988093249405,-0.001100655256966561,0.0008829739207024074,-0.000626435482625148,-1.495071817923022e-06,0.03701760913114488,-0.11664829753169842,0.1815094747264473,-0.00037623316322126296,-0.09100180340259541,0.09005202452242932,-0.1679020896196831,-0.0881821646288295,-0.024426337168191228,-0.12515603532701586,0.026513425551208922,-0.0499402620721686,-0.008123213120684671,-0.005408503121398437,-0.002921115232460782,-1.3026588360172599e-05
239.84000000000003,0.92,0.025,0.009797958971132711,0.5248792922602417,0.5278473586035246,0.04355942684037188,-0.13767572865183644,0.2143488624488518,-0.0004447558453033035,-0.0010985160421526122,0.0008827512558967678,-0.0006251552703129324,-1.4915000672292986e-06,0.036868698877690766,-0.11652873673091436,0.18142487717670816,-0.0003764413474647161,-0.09080574113634243,0.09001367551102632,-0.167824021238763,-0.08814071047579955,-0.02449836602337,-0.12497550908386203,0.026459200281221888,-0.0498382236157276,-0.008123149263754216,-0.0054089150162980205,-0.0029165047903352923,-1.3009785023941674e-05
240.0,0.92,0.025,0.009797958971132711,0.5248792922602417,0.5278473586035246,0.04338383521267646,-0.13753450636808273,0.21424911855213863,-0.0004450013464492637,-0.0010963797991281638,0.000882527031456588,-0.0006238770973476007,-1.4879353095248636e-06,0.03672007812400936,-0.11640920618994523,0.18134045394253015,-0.0003766491396346568,-0.0906099617412353,0.08997521377761561,-0.16774611373786902,-0.08809934170609131,-0.024570145267003147,-0.12479515513177257,0.026405061494793033,-0.04973634764913863,-0.008123084525928826,-0.005409327871839998,-0.0029118967661223793,-1.2992974300116634e-05
240.15999999999997,0.92,0.025,0.009797958971132711,0.5248792922602417,0.5278473586035246,0.04320858514628978,-0.13739332008471336,0.21414958027794737,-0.00044524638503732987,-0.0010942465253729796,0.0008823012518334659,-0.0006226009611851282,-1.4843775364781196e-06,0.036571746467819674,-0.1162897061197014,0.18125620474725465,-0.00037685654029559604,-0.09041446494718927,0.08993663971314422,-0.16766836686163814,-0.08805805818424511,-0.024641675361144637,-0.12461497345604952,0.02635100908406795,-0.049634633969683886,-0.008123018903196673,-0.005409741688977363,-0.0029072911690528717,-1.2976156274241468e-05
240.32000000000005,0.92,0.025,0.009797958971132711,0.5248792922602417,0.5278473586035246,0.04303367616633045,-0.13725217005020202,0.21405024729957686,-0.000445490961733972,-0.0010921162183662508,0.0008820739214710373,-0.0006213268592736158,-1.480826739691253e-06,0.0364237035071821,-0.116170236730491,0.18117212931436186,-0.0003770635500116339,-0.09021925048414312,0.08989795370783553,-0.16759078035483532,-0.08801685977486932,-0.024712956767235374,-0.12443496404161468,0.026297042940855202,-0.049533082374019835,-0.008122952391533513,-0.005410156468658218,-0.002902688008293646,-1.2959331031453289e-05
240.48000000000002,0.92,0.025,0.009797958971132711,0.5248792922602417,0.5278473586035246,0.04285910779832041,-0.13711105651231206,0.21395111929048785,-0.0004457350772051284,-0.0010899888755866022,0.0008818450448049858,-0.0006200547890534144,-1.4772829107011833e-06,0.036275948840498395,-0.11605079823202094,0.18108822736746893,-0.0003772701693464207,-0.09002431808205948,0.0898591561511898,-0.1675133539623519,-0.08797574634263958,-0.024783989946103743,-0.12425512687301056,0.02624316295663159,-0.04943169265818707,-0.008122884986902659,-0.0054105722118257295,-0.0028980872929480557,-1.2942498656484934e-05
240.64,0.92,0.025,0.009797958971132711,0.5248792922602417,0.5278473586035246,0.04268487956818508,-0.1369699797180977,0.21385219592430527,-0.00044597873211631747,-0.0010878644945120997,0.0008816146262630522,-0.0006187847479572415,-1.4737460409800812e-06,0.03612848206651185,-0.11593139083339792,0.181004498630332,-0.00037747639886325115,-0.08982966747092544,0.08982024743198554,-0.16743608742920746,-0.08793471775229965,-0.024854775357966038,-0.12407546193440133,0.02618936902254713,-0.04933046461761959,-0.008122816685254958,-0.005410988919418091,-0.002893489032056265,-1.2925659233667207e-05
240.80000000000007,0.92,0.025,0.009797958971132711,0.5248792922602417,0.5278473586035246,0.04251099100225339,-0.13682893991390546,0.21375347687481638,-0.0004462219271326354,-0.0010857430726202576,0.0008813826702650447,-0.0006175167334103034,-1.470216121936468e-06,0.03598130278430727,-0.11581201474312959,0.1809209428268446,-0.0003776822391250626,-0.08963529838075328,0.0897812279382801,-0.16735898050054837,-0.08789377386866061,-0.024925313462426987,-0.12389596920957388,0.02613566102943027,-0.049229398047154524,-0.008122747482528773,-0.005411406592368494,-0.002888893234595665,-1.2908812846932779e-05
240.96000000000004,0.92,0.025,0.009797958971132711,0.5248792922602417,0.5278473586035246,0.04233744162725802,-0.13668793734537518,0.2136549618159712,-0.0004464646629187763,-0.0010836246073880464,0.0008811491812228485,-0.0006162507428304183,-1.4666931449157747e-06,0.03583441059331119,-0.11569267016912556,0.18083755968103804,-0.00037788769069445224,-0.08944121054158105,0.08974209805741087,-0.1672820329216482,-0.08785291455660107,-0.024995604718480148,-0.12371664868193881,0.026082038867793145,-0.049128492741041925,-0.008122677374649959,-0.00541182523160507,-0.0028842999094812714,-1.2891959579817665e-05
241.12,0.92,0.025,0.009797958971132711,0.5248792922602417,0.5278473586035246,0.04216423097033525,-0.13654697225744153,0.213556650421883,-0.0004467069401390733,-0.0010815090962918983,0.0008809141635404346,-0.0006149867736281312,-1.463177101201267e-06,0.03568780509329175,-0.11557335731869851,0.18075434891708178,-0.00037809275413371165,-0.08924740368347296,0.08970285817599617,-0.1672052444379079,-0.0878121396810673,-0.025065649584508447,-0.12353750033453126,0.02602850242783648,-0.04902774849295392,-0.008122606357531823,-0.005412244838050868,-0.0028797090655660797,-1.2875099515464653e-05
241.27999999999997,0.92,0.025,0.009797958971132711,0.5248792922602417,0.5278473586035246,0.04199135855902524,-0.1364060448943352,0.21345854236682718,-0.00044694875945754716,-0.001079396536807717,0.0008806776216138709,-0.0006137248232068362,-1.4596679820147088e-06,0.035541485884358966,-0.11545407639856531,0.18067131025928254,-0.00037829743000486796,-0.08905387753652022,0.08966350867993624,-0.16712861479485516,-0.0877714491070727,-0.025135448518284614,-0.12335852415001215,0.025975051599454794,-0.0489271650959944,-0.008122534427075117,-0.0054126654126238115,-0.002875120711641483,-1.2858232736625832e-05
241.44000000000005,0.92,0.025,0.009797958971132711,0.5248792922602417,0.5278473586035246,0.04181882392127207,-0.136265155499584,0.2133606373252423,-0.0004471901215378939,-0.001077286926410882,0.0008804395598313309,-0.0006124648889628991,-1.4561657785174544e-06,0.035395452566964684,-0.11533482761484791,0.18058844343208508,-0.00037850171886967337,-0.08886063183084146,0.08962404995441406,-0.16705214373814523,-0.08773084269969837,-0.025205001976971685,-0.1231797201106689,0.025921686272241656,-0.04882674234270882,-0.008122461579168013,-0.005413086956236652,-0.0028705348564376574,-1.284135932566614e-05
241.60000000000002,0.92,0.025,0.009797958971132711,0.5248792922602417,0.5278473586035246,0.041646626585423716,-0.13612430431601447,0.21326293497172957,-0.0004474310270435397,-0.0010751802625762585,0.0008801999825731043,-0.0006112069682857734,-1.4526704818107326e-06,0.035249704741902636,-0.11521561117307465,0.18050574816007192,-0.000378705621289652,-0.0886676662965834,0.0895844823838965,-0.16697583101356028,-0.08769032032409274,-0.025274310417123476,-0.12300108819841665,0.025868406335494587,-0.04872648002509339,-0.00812238780968607,-0.005413509469796943,-0.002865951508623952,-1.2824479364564136e-05
241.76,0.92,0.025,0.009797958971132711,0.5248792922602417,0.5278473586035246,0.04147476608023233,-0.1359834915857527,0.21316543498105328,-0.00044767147663765325,-0.001073076542778203,0.0008799588942116053,-0.0006099510585581211,-1.4491820829369496e-06,0.035104242010308644,-0.1150964272781811,0.1804232241679635,-0.0003789091378261097,-0.0884749806639214,0.08954480635213509,-0.16689967636701,-0.08764988184547168,-0.025343374294684976,-0.12282262839479913,0.025815211678220276,-0.04862637793460471,-0.008122313114492217,-0.005413932954206987,-0.0028613706768092742,-1.280759293491696e-05
241.91999999999996,0.92,0.025,0.009797958971132711,0.5248792922602417,0.5278473586035246,0.041303241934854094,-0.13584271755022606,0.21306813702814026,-0.0004479114709832144,-0.0010709757644905705,0.0008797162991113833,-0.0006086971571559292,-1.4457005728799727e-06,0.034959063973660505,-0.11497727613451135,0.18034087118061792,-0.0003791122690401927,-0.08828257466306,0.08950502224216719,-0.16682367954453126,-0.08760952712911844,-0.025412194064992955,-0.12264434068098949,0.025762102189139484,-0.048526435862169016,-0.008122237489436721,-0.005414357410363804,-0.0028567923695424885,-1.2790700117941323e-05
242.08000000000004,0.92,0.025,0.009797958971132711,0.5248792922602417,0.5278473586035246,0.041132053678849485,-0.13570198245016404,0.2129710407880802,-0.00044815101074296537,-0.0010688779251867224,0.0008794722016291328,-0.000607445261448633,-1.442225942566403e-06,0.034814170233778204,-0.11485815794581886,0.1802586889230311,-0.0003793150154928459,-0.08809044802423363,0.08946513043631672,-0.16674784029228798,-0.08756925604038364,-0.025480770182776315,-0.1224662250377916,0.025709077756692362,-0.048426653598192,-0.008122160930357177,-0.005414782839159095,-0.002852216595312822,-1.2773800994477576e-05
242.24,0.92,0.025,0.009797958971132711,0.5248792922602417,0.5278473586035246,0.04096120084218326,-0.13556128652559976,0.21287414593612694,-0.00044839009657948536,-0.0010667830223395325,0.0008792266061137024,-0.0006061953687992325,-1.4387581828659148e-06,0.03466956039282391,-0.11473907291526764,0.18017667712033786,-0.0003795173777448764,-0.08789860047770698,0.08942513131619521,-0.1666721583565725,-0.08752906844468568,-0.025549103102156672,-0.12228828144564075,0.025656138269043366,-0.04832703093256808,-0.008122083433078476,-0.005415209241479186,-0.002847643362550236,-1.275689564499095e-05
242.39999999999998,0.92,0.025,0.009797958971132711,0.5248792922602417,0.5278473586035246,0.040790682955224554,-0.13542063001587115,0.2127774521476964,-0.0004486287291552511,-0.0010646910534213956,0.0008789795169061039,-0.0006049474765644089,-1.4352972845923153e-06,0.034525234053302066,-0.11462002124543334,0.18009483549781022,-0.00037971935635700455,-0.08770703175377581,0.08938502526270278,-0.16659663348380388,-0.08748896420751012,-0.025617193276648704,-0.12211050988460476,0.02560328361408626,-0.04822756765468962,-0.008122004993412773,-0.005415636618205011,-0.002843072679625841,-1.2739984149576248e-05
242.56000000000006,0.92,0.025,0.009797958971132711,0.5248792922602417,0.5278473586035246,0.04062049954874697,-0.1352800131596222,0.2126809590983683,-0.00044886690913257746,-0.0010626020159042327,0.0008787309383395236,-0.0006037015820946434,-1.4318432385040622e-06,0.03438119081805944,-0.11450100313830425,0.18001316378085894,-0.00037992095188981356,-0.0875157415827674,0.08934481265602907,-0.16652126542052922,-0.0874489431944102,-0.02568504115916075,-0.12193291033438489,0.025550513679449157,-0.04812826355345646,-0.008121925607159474,-0.005416064970212049,-0.002838504554852278,-1.2723066587958166e-05
242.72000000000003,0.92,0.025,0.009797958971132711,0.5248792922602417,0.5278473586035246,0.04045065015392861,-0.1351394361948042,0.21258466646388596,-0.0004491046371736883,-0.0010605159072595,0.0008784808747393307,-0.0006024576827343405,-1.4283960353053156e-06,0.03423743029028518,-0.11438201879528229,0.17993166169503308,-0.0003801221649038098,-0.08732472969504107,0.08930449387565416,-0.16644605391342351,-0.08740900527100676,-0.025752647201995226,-0.12175548277431687,0.02549782835249981,-0.04802911841728563,-0.00812184527010522,-0.0054164942983703,-0.002833938996484141,-1.2706143039496041e-05
242.88,0.92,0.025,0.009797958971132711,0.5248792922602417,0.5278473586035246,0.040281134302352216,-0.13499889935867707,0.21248857392015696,-0.0004493419139407503,-0.0010584327249581944,0.0008782293304230874,-0.0006012157758219369,-1.4249556656464466e-06,0.034093952073510916,-0.11426306841718427,0.17985032896602085,-0.0003803229959594511,-0.08713399582098888,0.0892640693003496,-0.16637099870929017,-0.08736915030298847,-0.0258200118568491,-0.12157822718337179,0.025445227520350232,-0.04793013203412013,-0.008121763978023838,-0.005416924603544235,-0.002829376012718335,-1.2689213583185404e-05
243.03999999999996,0.92,0.025,0.009797958971132711,0.5248792922602417,0.5278473586035246,0.040111951526005184,-0.13485840288781042,0.21239268114325247,-0.0004495787400959036,-0.0010563524664708617,0.0008779763097005582,-0.0005999758586900262,-1.421522120124943e-06,0.03395075577161079,-0.11414415220424275,0.1797691653196489,-0.00038052344561717284,-0.08694353969103612,0.08922353930817918,-0.1662960995550606,-0.08732937815611161,-0.02588713557481435,-0.12140114354015713,0.025392711069862017,-0.047831304191438724,-0.008121681726676343,-0.005417355886592762,-0.0028248156116945163,-1.267227829766162e-05
243.20000000000005,0.92,0.025,0.009797958971132711,0.5248792922602417,0.5278473586035246,0.03994310135727968,-0.134717947018085,0.21229698780940792,-0.00044981511630122397,-0.0010542751292676022,0.0008777218168737196,-0.0005987379286654698,-1.4180953892860089e-06,0.033807840988801525,-0.11402527035610716,0.17968817048188288,-0.00038072351443735596,-0.08675336103564191,0.08918290427650007,-0.16622135619779466,-0.0872896886962003,-0.025954018806378498,-0.12122423182291768,0.025340278887651075,-0.04773263467626483,-0.008121598511810896,-0.005417788148369179,-0.002820257801495453,-1.2655337261200932e-05
243.36,0.92,0.025,0.009797958971132711,0.5248792922602417,0.5278473586035246,0.03977458332897263,-0.13457753198469394,0.21220149359502388,-0.0004500510432188012,-0.001052200710818079,0.00087746585623677,-0.0005975019830695221,-1.414675463623594e-06,0.033665207329642434,-0.11390642307184495,0.17960734417882823,-0.0003809232029803933,-0.08656345958529976,0.08914216458196379,-0.1661467683846813,-0.0872500817891468,-0.02602066200142502,-0.1210474920095365,0.02528793086009296,-0.04763412327517649,-0.008121514329162787,-0.005418221389721132,-0.0028157025901474663,-1.2638390551725276e-05
243.51999999999998,0.92,0.025,0.009797958971132711,0.5248792922602417,0.5278473586035246,0.03960639697428594,-0.1344371580221438,0.2121061981766662,-0.0004502865215107791,-0.001050129208591525,0.0008772084320761393,-0.0005962680192179412,-1.4112623335807603e-06,0.03352285439903562,-0.1137876105499425,0.17952668613673028,-0.00038112251180672343,-0.08637383507053814,0.08910132060051691,-0.1660723358630387,-0.0872105573009116,-0.02608706560923387,-0.12087092407753607,0.025235666873327605,-0.047535769774315145,-0.008121429174454417,-0.005418655611490584,-0.0028111499856207944,-1.2621438246803344e-05
243.68000000000006,0.92,0.025,0.009797958971132711,0.5248792922602417,0.5278473586035246,0.03943854182682639,-0.1342968253642559,0.21201110123106484,-0.0004505215518392978,-0.0010480606200567483,0.0008769495486704981,-0.0005950360344211048,-1.4078559895507887e-06,0.03338078180222586,-0.11366883298830621,0.1794461960819733,-0.0003813214414767817,-0.086184487221921,0.0890603727074022,-0.16599805838031356,-0.08717111509752289,-0.026153230078481964,-0.12069452800407884,0.02518348681326428,-0.04743757395939486,-0.008121343043395275,-0.005419090814513763,-0.0028065999958300186,-1.2604480423654055e-05
243.84000000000003,0.92,0.025,0.009797958971132711,0.5248792922602417,0.5278473586035246,0.039271017420605854,-0.13415653424416776,0.2119162024351167,-0.00045075613486658916,-0.001045994942682141,0.0008766892102907674,-0.0005938060259841309,-1.4044564218776433e-06,0.0332389891448008,-0.1135500905842636,0.1793658737410828,-0.00038151999255108107,-0.08599541577004842,0.08901932127715954,-0.1659239356840831,-0.08713175504507778,-0.02621915585724357,-0.12051830376596862,0.02513139056558667,-0.047339535615711956,-0.008121255931681892,-0.005419526999621122,-0.002802052628634449,-1.2587517159148759e-05
244.0,0.92,0.025,0.009797958971132711,0.5248792922602417,0.5278473586035246,0.03910382329004123,-0.13401628489433404,0.21182150146588472,-0.0004509902712549783,-0.0010439321739356855,0.0008764274212001287,-0.0005925779912069922,-1.4010636208568977e-06,0.0330974760326909,-0.11343138353456433,0.17928571884072483,-0.00038171816559021365,-0.0858066204455571,0.08897816668362685,-0.16584996752205436,-0.08709247700974174,-0.026284843392990875,-0.12034225133965129,0.02507937801575785,-0.04724165452815408,-0.008121167834997845,-0.0054199641676373035,-0.0027975078918385378,-1.257054852981462e-05
244.15999999999997,0.92,0.025,0.009797958971132711,0.5248792922602417,0.5278473586035246,0.038936958969954596,-0.13387607754652794,0.21172699800059744,-0.0004512239616668718,-0.00104187231128496,0.0008761641856540329,-0.0005913519273846307,-1.3976775767364047e-06,0.03295624207216957,-0.11331271203538126,0.17920573110770568,-0.0003819159611548403,-0.08561810097912095,0.08893690929994104,-0.16577615364206402,-0.08705328085774867,-0.02635029313259445,-0.12016637070121576,0.0250274490490251,-0.0471439304812093,-0.008121078749013721,-0.005420402319381087,-0.002792965793192291,-1.255357461183664e-05
244.32000000000005,0.92,0.025,0.009797958971132711,0.5248792922602417,0.5278473586035246,0.0387704239955733,-0.1337359124318424,0.21163269171665183,-0.0004514572067648186,-0.0010398153521971477,0.0008758995079002101,-0.000590127831807073,-1.3942982797169303e-06,0.032815286869853244,-0.11319407628231141,0.17912591026897412,-0.00038211337980574247,-0.08542985710145168,0.0888955494985389,-0.1657024937920806,-0.08701416645540185,-0.02641550552232369,-0.11999066182639508,0.024975603550424833,-0.04704636325897535,-0.008120988669387093,-0.005420841455665357,-0.0027884263403916356,-1.2536595481060196e-05
244.48000000000002,0.92,0.025,0.009797958971132711,0.5248792922602417,0.5278473586035246,0.038604217902529894,-0.1335957897806914,0.2115385822916116,-0.00045169000721151603,-0.0010377612941390422,0.0008756333921786794,-0.0005889057017595518,-1.390925719953077e-06,0.03267461003270131,-0.1130754764703772,0.17904625605162006,-0.00038231042210382717,-0.08524188854329923,0.0888540876511581,-0.16562898772020285,-0.08697513366907317,-0.026480481007847296,-0.11981512469056721,0.024923841404787813,-0.04694895264516925,-0.008120897591762499,-0.005421281577297055,-0.0027838895410788856,-1.25196112129947e-05
244.64,0.92,0.025,0.009797958971132711,0.5248792922602417,0.5278473586035246,0.03843834022686229,-0.13345570982281105,0.21144466940320947,-0.0004519223636698323,-0.0010357101345770548,0.0008753658427217585,-0.0005876855345226127,-1.3875598875539171e-06,0.03253421116801624,-0.11295691279402728,0.1789667681828765,-0.0003825070886101461,-0.08505419503545252,0.0888125241288382,-0.16555563517466204,-0.08693618236520431,-0.026545220034233815,-0.11963975926875609,0.024872162496743663,-0.04685169842313577,-0.008120805511771419,-0.005421722685077139,-0.0027793554028430817,-1.2502621882815622e-05
244.80000000000007,0.92,0.025,0.009797958971132711,0.5248792922602417,0.5278473586035246,0.03827279050501386,-0.13331567278726095,0.21135095272934556,-0.00045215427680279625,-0.0010336618709772215,0.0008750968637540725,-0.0005864673273722339,-1.3842007725835249e-06,0.03239408988344373,-0.11283838544713767,0.17888744639011808,-0.00038270337988588677,-0.08486677630873984,0.08877085930192136,-0.16548243590382034,-0.08689731241030584,-0.02660972304595199,-0.11946456553563255,0.024820566710725984,-0.046754600375857026,-0.008120712425032246,-0.0054221647798005385,-0.002774823933220448,-1.2485627565366113e-05
244.96000000000004,0.92,0.025,0.009797958971132711,0.5248792922602417,0.5278473586035246,0.03810756827383338,-0.13317567890242535,0.21125743194809035,-0.00045238574727367114,-0.0010316165008052087,0.0008748264594925645,-0.000585251077579943,-1.3808483650621915e-06,0.03225424578697258,-0.11271989462301282,0.17880829040086368,-0.0003828992964924353,-0.08467963209402946,0.08872909354005352,-0.1654093896561732,-0.0868585236709585,-0.02667399048687141,-0.11928954346551521,0.024769053930977357,-0.0466576582859617,-0.00812061832715027,-0.005422607862256112,-0.002770295139694783,-1.2468628335162558e-05
245.12,0.92,0.025,0.009797958971132711,0.5248792922602417,0.5278473586035246,0.037942673070575174,-0.1330357283960144,0.21116410673768435,-0.0004526167757459155,-0.0010295740215263216,0.0008745546341465046,-0.0005840367824129248,-1.3775026549665188e-06,0.032114678486934826,-0.1126014405143866,0.17872929994277603,-0.0003830948389913429,-0.08449276212223024,0.08868722721218526,-0.16533649618034912,-0.0868198160138131,-0.026738022800262835,-0.11911469303237152,0.024717624041553907,-0.04656087193573373,-0.00812052321371766,-0.00542305193322661,-0.002765769029697841,-1.2451624266393536e-05
245.27999999999997,0.92,0.025,0.009797958971132711,0.5248792922602417,0.5278473586035246,0.03777810443289913,-0.13289582149506549,0.21107097677653763,-0.0004528473628832232,-0.0010275344306055103,0.0008742813919174991,-0.0005828244391341425,-1.374163632230674e-06,0.03197538759200583,-0.11248302331342343,0.17865047474366147,-0.0003832900079443601,-0.08430616612429205,0.08864526068657272,-0.16526375522510942,-0.08678118930559021,-0.026801820428798744,-0.11894001420981862,0.024666276926330475,-0.046464241107121766,-0.00812042708031341,-0.005423496993488622,-0.0027612456106097887,-1.2434615432925489e-05
245.44000000000005,0.92,0.025,0.009797958971132711,0.5248792922602417,0.5278473586035246,0.03761386189887081,-0.13275595842594415,0.21097804174323279,-0.00045307750934955795,-0.0010254977255073764,0.0008740067369995007,-0.0005816140450024503,-1.3708312867467557e-06,0.03183637271120426,-0.11236464321171913,0.17857181453147225,-0.00038348480391346587,-0.08411984383120646,0.08860319433077846,-0.16519116653935031,-0.08674264341308145,-0.026865383814553803,-0.11876550697112434,0.02461501246900545,-0.046367765581748314,-0.008120329922503361,-0.005423943043812541,-0.00275672488975958,-1.2417601908303776e-05
245.60000000000002,0.92,0.025,0.009797958971132711,0.5248792922602417,0.5278473586035246,0.03744994500696141,-0.1326161394143457,0.21088530131652367,-0.00045330721580916385,-0.0010234639036961796,0.0008737306735788177,-0.0005804055972727049,-1.36750560836567e-06,0.031697633453892135,-0.1122463004003022,0.17849331903430565,-0.0003836792274608763,-0.0839337949740072,0.08856102851167258,-0.16511872987210222,-0.0867041782031489,-0.026928713399005343,-0.1185911712892081,0.024563830553105487,-0.04627144514091851,-0.008120231735840144,-0.005424390084962516,-0.002752206874425378,-1.240058376575616e-05
245.76,0.92,0.025,0.009797958971132711,0.5248792922602417,0.5278473586035246,0.03728635329604793,-0.13247636468529614,0.21079275517533747,-0.0004535364829265349,-0.0010214329626358446,0.0008734532058341236,-0.0005791990931958806,-1.3641865868977787e-06,0.03155916942977497,-0.11212799506963465,0.17841498798040564,-0.0003838732791490192,-0.08374801928377072,0.08851876359543351,-0.16504644497253115,-0.08666579354272601,-0.02699180962303387,-0.11841700713664183,0.024512731061990412,-0.04617527956562928,-0.008120132515863162,-0.005424838117696405,-0.0027476915718349505,-1.238356107819447e-05
245.91999999999996,0.92,0.025,0.009797958971132711,0.5248792922602417,0.5278473586035246,0.03712308630541312,-0.13233663446315352,0.2107004029987743,-0.000453765311366494,-0.0010194048997899685,0.0008731743379364666,-0.0005779945300191843,-1.3608742121135941e-06,0.031420980248901664,-0.11200972740961315,0.17833682109816257,-0.00038406695954060053,-0.08356251649161672,0.08847639994754898,-0.16497431158993847,-0.08662748929881735,-0.027054672926923495,-0.118243014485651,0.024461713878858152,-0.04607926863657854,-0.008120032258098582,-0.005425287142765739,-0.002743178989166114,-1.236653391821817e-05
246.08000000000004,0.92,0.025,0.009797958971132711,0.5248792922602417,0.5278473586035246,0.0369601435747456,-0.13219694897160916,0.21060824446610935,-0.0004539937017941691,-0.0010173797126218262,0.0008728940740492786,-0.000576791904986165,-1.357568473744526e-06,0.031283065521664676,-0.11189149760957,0.17825881811611496,-0.00038426026919858474,-0.08337728632870875,0.08843393793281702,-0.16490232947376265,-0.08658926533849959,-0.027117303750362393,-0.11806919330811544,0.02441077888674939,-0.04598341213417385,-0.008119930958059298,-0.005425737160915675,-0.0027386691335470935,-1.2349502358116534e-05
246.24,0.92,0.025,0.009797958971132711,0.5248792922602417,0.5278473586035246,0.036797524644139906,-0.1320573084336888,0.2105162792567929,-0.00045422165487502973,-0.0010153573985943786,0.000872612418328386,-0.0005755912153368335,-1.3542693614834951e-06,0.03114542485880002,-0.1117733058582742,0.17818097876294953,-0.0003844532086862252,-0.08319232852625466,0.08839137791534675,-0.16483049837357916,-0.08655112152892129,-0.027179702532443388,-0.11789554357557036,0.024359925968552652,-0.04588770983854197,-0.008119828611244911,-0.005426188172884946,-0.0027341620120569943,-1.233246646987131e-05
246.39999999999998,0.92,0.025,0.009797958971132711,0.5248792922602417,0.5278473586035246,0.03663522905409651,-0.1319177130717539,0.21042450705045113,-0.00045444917127487015,-0.0010133379551702775,0.0008723293749220174,-0.0005743924583077689,-1.35097686498574e-06,0.031008057871387287,-0.1116551523439325,0.17810330276750183,-0.0003846457785670501,-0.08300764281550731,0.0883487202585595,-0.16475881803910128,-0.08651305773730349,-0.02724186971166431,-0.11772206525920721,0.02430915500700887,-0.04579216152953732,-0.008119725213141703,-0.0054266401794058235,-0.0027296576317261717,-1.2315426325159438e-05
246.56000000000006,0.92,0.025,0.009797958971132711,0.5248792922602417,0.5278473586035246,0.03647325634552187,-0.13177816310750276,0.21033292752688765,-0.0004546762516598699,-0.0010113213798118741,0.0008720449479708145,-0.0005731956311322321,-1.3476909738694857e-06,0.030870964170849714,-0.11153703725419034,0.17802578985875772,-0.0003848379794049139,-0.08282322892776482,0.0883059653251896,-0.16468728822018117,-0.08647507383094011,-0.027303805725928543,-0.11754875832987471,0.024258465884716224,-0.04569676698675103,-0.008119620759222625,-0.0054270931812040735,-0.002725155999536648,-1.2298381995356101e-05
246.72000000000003,0.92,0.025,0.009797958971132711,0.5248792922602417,0.5278473586035246,0.03631160605972851,-0.13163865876197178,0.21024154036608408,-0.00045490289669657927,-0.0010093076699812242,0.0008717591416078416,-0.0005720007310402849,-1.3444116777164966e-06,0.030734143368954213,-0.11141896077613292,0.1779484397658536,-0.0003850298117639847,-0.08263908659437141,0.0882631134772853,-0.1646159086668103,-0.08643716967719828,-0.027365511012545547,-0.1173756227580797,0.02420785848413517,-0.045601525989520386,-0.008119515244947263,-0.005427547178998903,-0.002720657122422561,-1.2281333551536478e-05
246.88,0.92,0.025,0.009797958971132711,0.5248792922602417,0.5278473586035246,0.03615027773843505,-0.13149920025553674,0.21015034524820092,-0.000455129107051889,-0.0010072968231400953,0.0008714719599585939,-0.0005708077552588919,-1.3411389660729292e-06,0.03059759507781143,-0.11130092309628631,0.17787125221807726,-0.00038522127620871886,-0.08245521554671778,0.08822016507620985,-0.1645446791291203,-0.08639934514351875,-0.027426986008231225,-0.117202658513988,0.02415733268759284,-0.04550643831693697,-0.008119408665761819,-0.005428002173502921,-0.0027161610072705266,-1.226428106447847e-05
247.03999999999996,0.92,0.025,0.009797958971132711,0.5248792922602417,0.5278473586035246,0.03598927092376624,-0.1313597878079139,0.21005934185357905,-0.00045535488339314015,-0.0010052888367499736,0.0008711834071410076,-0.0005696167010120391,-1.3378728284498855e-06,0.03046131890987575,-0.11118292440061833,0.17779422694486932,-0.00038541237330395385,-0.08227161551624161,0.08817712048264231,-0.16447359935738395,-0.08636160009741635,-0.027488231149108457,-0.11702986556742555,0.02410688837728807,-0.04541150374785608,-0.00811930101709908,-0.005428458165422095,-0.0027116676609200857,-1.2247224604666002e-05
247.20000000000005,0.92,0.025,0.009797958971132711,0.5248792922602417,0.5278473586035246,0.03582858515825302,-0.1312204216381613,0.20996852986273998,-0.0004555802263880625,-0.0010032837082720695,0.0008708934872654697,-0.0005684275655208451,-1.3346132543242473e-06,0.030325314477945356,-0.11106496487453973,0.17771736367582314,-0.0003856031036148561,-0.08208828623442821,0.0881339800565785,-0.16440266910201554,-0.08632393440648012,-0.027549246870707617,-0.11685724388787906,0.024056525435296145,-0.04531672206090556,-0.008119192294378406,-0.005428915155455701,-0.0027071770901641217,-1.2230164242291483e-05
247.36,0.92,0.025,0.009797958971132711,0.5248792922602417,0.5278473586035246,0.03566821998483256,-0.13108110196467984,0.2098779089563881,-0.0004558051367047833,-0.001001281435167326,0.0008706022044348273,-0.0005672403460036724,-1.3313602331392026e-06,0.030189581395162278,-0.11094704470290502,0.1776406621406869,-0.0003857934677069286,-0.08190522743281096,0.08809074415733191,-0.1643318881135725,-0.0862863479383744,-0.027610033607967016,-0.11668479344449727,0.024006243743573533,-0.04522209303449469,-0.008119082493005714,-0.005429373144296282,-0.002702689301749262,-1.2213100047257554e-05
247.51999999999998,0.92,0.025,0.009797958971132711,0.5248792922602417,0.5278473586035246,0.035508174946848284,-0.13094182900521462,0.20978747881541104,-0.00045602961501189064,-0.0009992820148964226,0.0008703095627443962,-0.0005660550396762362,-1.3281137543050174e-06,0.03005411927501239,-0.11082916407001366,0.17756412206936392,-0.00038598346614606425,-0.08172243884297187,0.08804741314353466,-0.1642612561427558,-0.08624884056083873,-0.027670591795233377,-0.11651251420609142,0.02395604318396254,-0.04512761644682282,-0.008118971608373434,-0.005429832132629597,-0.002698204302376295,-1.2196032089180876e-05
247.68000000000006,0.92,0.025,0.009797958971132711,0.5248792922602417,0.5278473586035246,0.03534844958804997,-0.13080260297685606,0.2096972391208805,-0.00045625366197840135,-0.0009972854449197851,0.0008700155662819722,-0.0005648716437517199,-1.324873807199538e-06,0.029918927731325495,-0.11071132315961098,0.17748774319191327,-0.0003861730994985189,-0.08153992019654213,0.08800398737313846,-0.16419077294041048,-0.08621141214168834,-0.027730921866262335,-0.11634040614113668,0.0239059236381962,-0.045033292075888555,-0.008118859635860499,-0.005430292121134585,-0.002693722098700607,-1.2178960437393435e-05
247.84000000000003,0.92,0.025,0.009797958971132711,0.5248792922602417,0.5278473586035246,0.03518904345259367,-0.1306634240960412,0.20960718955405436,-0.00045647727827380043,-0.000995291722697589,0.0008697202191278382,-0.0005636901554408816,-1.3216403811692067e-06,0.02978400637827528,-0.11059352215488928,0.1774115252385516,-0.0003863623683309447,-0.08135767122520257,0.08796046720341548,-0.16412043825752748,-0.08617406254881493,-0.02779102425421892,-0.11616846921777263,0.02385588498790287,-0.04493911969949828,-0.008118746570832317,-0.005430753110483303,-0.002689242697332571,-1.2161885160947065e-05
248.0,0.92,0.025,0.009797958971132711,0.5248792922602417,0.5278473586035246,0.03502995608504192,-0.13052429257855477,0.20951732979637774,-0.0004567004645679943,-0.0009933008456897681,0.0008694235253547754,-0.0005625105719521666,-1.3184134655292393e-06,0.029649354830379483,-0.11047576123848876,0.17733546793965413,-0.0003865512732103504,-0.08117569166068431,0.08791685299095921,-0.1640502518452443,-0.08613679165018721,-0.027850899391677994,-0.11599670340380447,0.023805927114610957,-0.044845099095275044,-0.00811863240864076,-0.005431215101340896,-0.002684766104837974,-1.2144806328613006e-05
248.15999999999997,0.92,0.025,0.009797958971132711,0.5248792922602417,0.5278473586035246,0.03487118703036361,-0.13038520863953043,0.20942765952948295,-0.0004569232215313918,-0.0009913128113560195,0.000869125489028072,-0.0005613328904918185,-1.3151930495647904e-06,0.029514972702499764,-0.11035804059249857,0.17725957102575438,-0.00038673981470417005,-0.08099398123476906,0.08787314509168556,-0.16398021345484504,-0.08609959931385072,-0.027910547710624824,-0.11582510866670372,0.023756049899753696,-0.04475123004066743,-0.008118517144624129,-0.005431678094365541,-0.0026802923277384556,-1.2127724008887935e-05
248.32000000000005,0.92,0.025,0.009797958971132711,0.5248792922602417,0.5278473586035246,0.034712735833934145,-0.13024617249345213,0.2093381784351931,-0.0004571455498348597,-0.0009893276171558116,0.0008688261142055327,-0.0005601571082639888,-1.3119791225312565e-06,0.029380859609841863,-0.11024036039845789,0.17718383422754744,-0.00038692799338022526,-0.08081253967928995,0.08782934386083373,-0.16391032283776316,-0.08606248540792942,-0.027969969642455458,-0.1156536849736093,0.023706253224673814,-0.044657512312958274,-0.008118400774107122,-0.005432142090208397,-0.002675821372511894,-1.2110638269993966e-05
248.48000000000002,0.92,0.025,0.009797958971132711,0.5248792922602417,0.5278473586035246,0.034554602041535425,-0.13010718435415503,0.20924888619552143,-0.0004573674501497851,-0.0009873452605483894,0.0008685254049374881,-0.0005589832224708461,-1.3087716736551246e-06,0.029247015167955585,-0.11012272083735682,0.17710825727588936,-0.0003871158098067781,-0.08063136672613182,0.08778544965296697,-0.16384057974558125,-0.0860254498006254,-0.02802916561797728,-0.11548243229132839,0.023656536970628167,-0.044563945689273333,-0.008118283292400849,-0.005432607089513575,-0.002671353245592847,-1.2093549179882992e-05
248.64,0.92,0.025,0.009797958971132711,0.5248792922602417,0.5278473586035246,0.03439678519935586,-0.12996824443482688,0.20915978249267392,-0.0004575889231479945,-0.000985365738992781,0.0008682233652668042,-0.000557811230312688,-1.3055706921343964e-06,0.0291134389927348,-0.11000512208963747,0.17703283990179922,-0.00038730326455246254,-0.08045046210723172,0.0877414628219737,-0.1637709839300325,-0.08598849236021994,-0.02808813606740946,-0.11531135058633725,0.023606901018792523,-0.04447052994659029,-0.008118164694802761,-0.0054330730929180665,-0.00266688795337297,-1.2076456806236952e-05
248.80000000000007,0.92,0.025,0.009797958971132711,0.5248792922602417,0.5278473586035246,0.03423928485399044,-0.12982935294800915,0.20907086700904975,-0.0004578099695018763,-0.0009833890499478047,0.0008679199992288917,-0.0005566411289880467,-1.302376167139564e-06,0.028980130700417512,-0.10988756433519495,0.1769575818364597,-0.0003874903581863881,-0.08026982555457962,0.08769738372106835,-0.16370153514300168,-0.08595161295507361,-0.028146881420383452,-0.11514043982478225,0.023557345250266044,-0.044377264861746965,-0.008118044976596668,-0.0054335401010517205,-0.002662425502201422,-1.2059361216473458e-05
248.96000000000004,0.92,0.025,0.009797958971132711,0.5248792922602417,0.5278473586035246,0.0340821005524408,-0.12969051010559832,0.20898213942724375,-0.0004580305898842813,-0.0009814151908720747,0.0008676153108517153,-0.0005554729156938035,-1.2991880878140074e-06,0.028847089907585895,-0.10977004775337842,0.17688248281121913,-0.0003876770912780557,-0.08008945680021884,0.08765321270279228,-0.1636322331365267,-0.08591481145362746,-0.028205402105943474,-0.11496969997248074,0.02350786954607621,-0.04428415021145064,-0.008117924133052692,-0.005434008114537177,-0.0026579658983853062,-1.2042262477745772e-05
249.12,0.92,0.025,0.009797958971132711,0.5248792922602417,0.5278473586035246,0.03392523184211518,-0.12955171611884686,0.20889359943004707,-0.0004582507849685923,-0.000979444159224008,0.0008673093041558031,-0.000554306587625293,-1.2960064432747236e-06,0.02871431623116629,-0.10965257252299199,0.17680754255759185,-0.00038786346439741653,-0.07990935557624641,0.08760895011901466,-0.16356307766279912,-0.08587808772440307,-0.028263698552546943,-0.1147991309949219,0.023458473787183184,-0.04419118577228619,-0.008117802159427256,-0.0054344771339898314,-0.002653509148190074,-1.2025160656946604e-05
249.27999999999997,0.92,0.025,0.009797958971132711,0.5248792922602417,0.5278473586035246,0.033768678270828495,-0.12941297119836467,0.20880524670044898,-0.0004584705554287218,-0.0009774759524618305,0.0008670019831542564,-0.0005531421419764128,-1.2928312226129297e-06,0.02858180928842924,-0.10953513882229586,0.17673276080726003,-0.00038804947811487013,-0.07972952161481386,0.08756459632093355,-0.16349406847416592,-0.08584144163600353,-0.028321771188065052,-0.11462873285726774,0.023409157854484556,-0.04409837132072487,-0.008117679050963054,-0.00543494716001778,-0.002649055257839944,-1.2008055820710338e-05
249.44000000000005,0.92,0.025,0.009797958971132711,0.5248792922602417,0.5278473586035246,0.033612439386802334,-0.12927427555412008,0.2087170809216385,-0.00045868990193908025,-0.0009755105680435829,0.0008666933518527585,-0.0005519795759397348,-1.2896624148948377e-06,0.028449568696989495,-0.10941774682900723,0.17665813729207483,-0.00038823513300123753,-0.07954995464812749,0.08752015165907662,-0.1634252053231302,-0.08580487305711389,-0.02837962043978319,-0.11445850552435388,0.02335992162882004,-0.044005706633133204,-0.008117554802889036,-0.005435418193221774,-0.0026446042335183458,-1.1990948035415813e-05
249.60000000000002,0.92,0.025,0.009797958971132711,0.5248792922602417,0.5278473586035246,0.03345651473866506,-0.12913562939544113,0.208629101777006,-0.0004589088251746588,-0.0009735480034271282,0.000866383414249584,-0.0005508188867066122,-1.286500009162022e-06,0.028317594074806107,-0.10930039672030137,0.1765836717440579,-0.00038842042962783125,-0.07937065440844904,0.08747561648330218,-0.16335648796235303,-0.08576838185650186,-0.028437246734401407,-0.11428844896069053,0.02331076499097606,-0.043913191485781454,-0.00811742941042038,-0.005435890234195173,-0.0026401560813683234,-1.1973837367188515e-05
249.76,0.92,0.025,0.009797958971132711,0.5248792922602417,0.5278473586035246,0.03330090387545176,-0.12899703293101672,0.20854130895014453,-0.00045912732581093534,-0.0009715882560701567,0.0008660721743356092,-0.0005496600714672848,-1.283343994432417e-06,0.028185885040182372,-0.10918308867281255,0.17650936389540234,-0.0003886053685663757,-0.07919162062809612,0.0874309911428001,-0.16328791614465404,-0.08573196790301853,-0.02849465049803496,-0.11411856313046342,0.02326168782169022,-0.04382082565485199,-0.008117302868758476,-0.005436363283523893,-0.002635710807492956,-1.1956723881903642e-05
249.91999999999996,0.92,0.025,0.009797958971132711,0.5248792922602417,0.5278473586035246,0.033145606346604316,-0.1288584863688978,0.2084537021248519,-0.0004593454045239447,-0.0009696313234301934,0.0008657596360943198,-0.0005485031274109897,-1.2801943597005352e-06,0.028054441211765896,-0.1090658228626351,0.17643521347847466,-0.0003887899503890668,-0.07901285303944276,0.08738627598609261,-0.1632194896230133,-0.08569563106559903,-0.02855183215621475,-0.11394884799753462,0.023212690001656017,-0.04372860891644819,-0.008117175173090898,-0.005436837341786363,-0.0026312684179557876,-1.1939607645187485e-05
250.08000000000004,0.92,0.025,0.009797958971132711,0.5248792922602417,0.5278473586035246,0.03299062170197142,-0.12871998991649852,0.20836628098513213,-0.00045956306199029345,-0.0009676772029646036,0.0008654458035018215,-0.0005473480517260688,-1.2770510939384263e-06,0.027923262208548613,-0.10894859946532436,0.17636122022581585,-0.0003889741756685844,-0.07883435137491986,0.08734147136103541,-0.16315120815057238,-0.08565937121326318,-0.028608792133887794,-0.11377930352544341,0.023163771411527426,-0.043636541046602834,-0.008117046318591387,-0.0054373124095534724,-0.002626828918781251,-1.1922488722421704e-05
250.24,0.92,0.025,0.009797958971132711,0.5248792922602417,0.5278473586035246,0.03283594949180858,-0.12858154378059752,0.2082790452151972,-0.0004597802988870913,-0.0009657258921305993,0.000865130680526849,-0.0005461948416000747,-1.2739141860961022e-06,0.027792347649866787,-0.10883141865589775,0.17628738387014292,-0.0003891580449780341,-0.07865611536701572,0.08729657761481839,-0.16308307148063567,-0.08562318821511625,-0.028665530855417762,-0.11360992967740735,0.023114931931923436,-0.043544621821286704,-0.00811691630041982,-0.005437788487388521,-0.0026223923159550857,-1.1905367178743985e-05
250.39999999999998,0.92,0.025,0.009797958971132711,0.5248792922602417,0.5278473586035246,0.03268158926677819,-0.12844314816733898,0.20819199449946876,-0.0004599971158920424,-0.0009637773883852454,0.000864814271130775,-0.0005450434942198813,-1.2707836251023508e-06,0.02766169715540106,-0.10871428060883571,0.17621370414435036,-0.0003893415588910247,-0.07847814474827665,0.08725159509396675,-0.1630150793666718,-0.08558708194034961,-0.028722048744585404,-0.11344072641632291,0.023066171443432704,-0.04345285101641725,-0.008116785113722194,-0.005438265575847171,-0.0026179586154247763,-1.188824307905263e-05
250.56000000000006,0.92,0.025,0.009797958971132711,0.5248792922602417,0.5278473586035246,0.032527540577949494,-0.12830480328223384,0.2081051285225799,-0.00046021351368336365,-0.0009618316891854662,0.0008644965792676202,-0.0005438940067717824,-1.2676593998650908e-06,0.027531310345176453,-0.10859718549808273,0.17614018078151164,-0.000389524717981599,-0.07830043925130724,0.08720652414434167,-0.16294723156231505,-0.0855510522582415,-0.028778346224589104,-0.1132716937047666,0.023017489826617808,-0.043361228407866534,-0.008116652753630613,-0.005438743675477397,-0.002613527823099943,-1.1871116488006683e-05
250.72000000000003,0.92,0.025,0.009797958971132711,0.5248792922602417,0.5278473586035246,0.03237380297679866,-0.12816650933016102,0.2080184469693774,-0.0004604294929398744,-0.0009598887919880514,0.0008641776088840618,-0.0005427463764416079,-1.2645414992721403e-06,0.02740118683956239,-0.1084801334970483,0.17606681351488104,-0.0003897075228243097,-0.07812299860877109,0.08716136511114142,-0.16287952782136692,-0.08551509903815795,-0.02883442371804528,-0.11310283150499571,0.022968886962020162,-0.0432697537714704,-0.008116519215263247,-0.005439222786819443,-0.0026090999448528007,-1.1853987470030336e-05
250.88,0.92,0.025,0.009797958971132711,0.5248792922602417,0.5278473586035246,0.03222037601520879,-0.12802826651536853,0.2079319495249231,-0.00046064505434090236,-0.0009579486942496628,0.0008638573639194436,-0.0005416006004148245,-1.2614299121919531e-06,0.02727132625927272,-0.10836312477860793,0.17599360207789494,-0.00038988997399413977,-0.07794582255339122,0.08711611833890218,-0.16281196789779748,-0.08547922214955336,-0.028890281646988928,-0.11293413977894927,0.02292036273016435,-0.04317842688303655,-0.008116384493724328,-0.005439702910405762,-0.0026046749865185647,-1.1836856089314813e-05
251.03999999999996,0.92,0.025,0.009797958971132711,0.5248792922602417,0.5278473586035246,0.032067259245469895,-0.12789007504147468,0.2078456358744958,-0.00046086019856638865,-0.0009560113934268393,0.0008635358483057843,-0.0005404566758766414,-1.2583246274739395e-06,0.02714172822536572,-0.10824615951510418,0.17592054620417327,-0.0003900720720665914,-0.07776891081795052,0.08707078417149898,-0.16274455154574666,-0.08544342146197115,-0.028945920432874056,-0.1127656184882489,0.02287191701156257,-0.043087247518352925,-0.008116248584104117,-0.005440184046760977,-0.0026002529538958767,-1.1819722409820796e-05
251.20000000000005,0.92,0.025,0.009797958971132711,0.5248792922602417,0.5278473586035246,0.03191445222027898,-0.12775193511146923,0.2077595057035936,-0.0004610749262967914,-0.0009540768869760041,0.0008632130659677877,-0.0005393146000121207,-1.2552256339492738e-06,0.027012392359244127,-0.10812923787834756,0.17584764562752164,-0.0003902538176176043,-0.07759226313529233,0.08702536295214656,-0.16267727851952604,-0.08540769684504494,-0.029001340496574234,-0.11259726759419968,0.022823549686719357,-0.04299621545319648,-0.00811611148147888,-0.005440666196401814,-0.0025958338527472436,-1.180258649528069e-05
251.36,0.92,0.025,0.009797958971132711,0.5248792922602417,0.5278473586035246,0.031761954492740024,-0.12761384692771463,0.20767355869793558,-0.0004612892382131431,-0.0009521451723534707,0.0008628890208228519,-0.0005381743700062772,-1.2521329204314325e-06,0.02688331828265516,-0.10801236003961767,0.1757749000819327,-0.0003904352112236043,-0.07741587923832088,0.08697985502340044,-0.16261014857362047,-0.08537204816849912,-0.029056542258383042,-0.11242908705779107,0.022775260636135875,-0.04290533046334114,-0.008115973180910884,-0.005441149359837074,-0.0025914176887994376,-1.1785448409201451e-05
251.51999999999998,0.92,0.025,0.009797958971132711,0.5248792922602417,0.5278473586035246,0.03160976561636399,-0.12747581069194702,0.20758779454346363,-0.0004615031349970767,-0.0009502162470154488,0.0008625637167810783,-0.0005370359830441877,-1.2490464757168323e-06,0.026754505617690483,-0.10789552616966397,0.17570230930158762,-0.00039061625346152574,-0.07723975886000178,0.08693426072715757,-0.16254316146268907,-0.08533647530214956,-0.029111526138014553,-0.11226107683969781,0.0227270497403145,-0.04281459232456652,-0.008115833677448355,-0.0054416335375675655,-0.0025870044677439464,-1.176830821486768e-05
251.68000000000006,0.92,0.025,0.009797958971132711,0.5248792922602417,0.5278473586035246,0.031457885145068865,-0.12733782660527765,0.2075022129263449,-0.00046171661733069463,-0.0009482901084180506,0.0008622371577452805,-0.0005358994363110918,-1.2459662885853837e-06,0.02662595398678629,-0.107778736438707,0.17562987302085833,-0.00039079694490869995,-0.0770639017333626,0.0868885804046575,-0.16247631694156753,-0.0853009781159048,-0.029166292554603793,-0.11209323690028075,0.022678916879763176,-0.04272400081266589,-0.008115692966125463,-0.00544211873008606,-0.002582594195237374,-1.1751165975342177e-05
251.84000000000003,0.92,0.025,0.009797958971132711,0.5248792922602417,0.5278473586035246,0.03130631263317968,-0.12719989486819372,0.207416813532974,-0.0004619296858967707,-0.0009463667540172969,0.0008619093476109946,-0.0005347647269925054,-1.242892347801059e-06,0.026497663012723282,-0.10766199101643917,0.1755575909743092,-0.00039097728614302673,-0.0768883075914932,0.08684281439648299,-0.16240961476526952,-0.08526555647976672,-0.029220841926707306,-0.11192556719958771,0.022630861935000204,-0.0426335557034553,-0.008115551041962321,-0.005442604937877245,-0.0025781868769019028,-1.1734021753470886e-05
252.0,0.92,0.025,0.009797958971132711,0.5248792922602417,0.5278473586035246,0.031155047635428486,-0.12706201568055991,0.20733159604997423,-0.0004621423413785699,-0.0009444461812691227,0.000861580290266487,-0.0005336318522743136,-1.2398246421125942e-06,0.02636963231862667,-0.10754529007202591,0.1754854628966982,-0.0003911572777428216,-0.07671297616754645,0.08679696304256136,-0.16234305468898794,-0.08523021026383126,-0.029275174672303513,-0.1117580676973544,0.022582884786558233,-0.042543256772780834,-0.008115407899964911,-0.005443092161417658,-0.0025737825183256772,-1.1716875611883646e-05
252.15999999999997,0.92,0.025,0.009797958971132711,0.5248792922602417,0.5278473586035246,0.031004089706954396,-0.12692418924161927,0.20724656016420043,-0.00046235458445994436,-0.000942528387629384,0.0008612499895927655,-0.0005325008093428813,-1.2367631602538743e-06,0.026241861527966204,-0.10742863377410655,0.17541348852297925,-0.0003913369202868969,-0.07653790719473846,0.08675102668216492,-0.1622766364680969,-0.0851949393382894,-0.029329291208793372,-0.11159073835300531,0.022534985314988928,-0.04245310379652758,-0.008115263535125131,-0.005443580401175654,-0.002569381125063253,-1.16997276129969e-05
252.32000000000005,0.92,0.025,0.009797958971132711,0.5248792922602417,0.5278473586035246,0.03085343840330361,-0.12678641574999444,0.2071617055627412,-0.00046256641582527534,-0.0009406133705538636,0.0008609184494635868,-0.0005313715953851564,-1.2337078909447977e-06,0.026114350264556177,-0.1073120222907953,0.17534166758830416,-0.00039151621435451305,-0.07636310040634924,0.08670500565391208,-0.1622103598581536,-0.0851597435734283,-0.029383191953000654,-0.11142357912565456,0.022487163400867417,-0.0423630965506277,-0.00811511794242072,-0.005444069657611346,-0.0025649827026360188,-1.1682577819016798e-05
252.48000000000002,0.92,0.025,0.009797958971132711,0.5248792922602417,0.5278473586035246,0.03070309328042938,-0.12664869540368892,0.20707703193292046,-0.0004627778361595307,-0.0009387011274982769,0.0008605856737454667,-0.0005302442075887749,-1.2306588228916526e-06,0.025987098152555427,-0.10719545578968231,0.17526999982802388,-0.00039169516052542684,-0.07618855553572318,0.08665890029576845,-0.16214422461489958,-0.08512462283963179,-0.029436877321172616,-0.11125658997410673,0.02243941892479672,-0.04227323481106888,-0.008114971116815252,-0.005444559931176547,-0.0025605872565326346,-1.1665426291941472e-05
252.64,0.92,0.025,0.009797958971132711,0.5248792922602417,0.5278473586035246,0.030553053894692078,-0.12651102840008807,0.20699253896230116,-0.00046298884614822945,-0.0009367916559182781,0.0008602516662976894,-0.0005291186431421589,-1.2276159447877217e-06,0.025860104816467375,-0.10707893443783455,0.17519848497769172,-0.00039187375937986145,-0.07601427231626941,0.08661271094504733,-0.16207823049426343,-0.08508957700738196,-0.0294903477289804,-0.11108977085685778,0.022391751767411962,-0.04218351835390209,-0.008114823053258143,-0.005445051222314725,-0.00255619479220942,-1.1648273093563052e-05
252.80000000000007,0.92,0.025,0.009797958971132711,0.5248792922602417,0.5278473586035246,0.03040331980285915,-0.12637341493596038,0.20690822633868486,-0.0004631994464774167,-0.0009348849532694665,0.0008599164309723157,-0.0005279948992346253,-1.2245792453138324e-06,0.025733369881139986,-0.10696245840179687,0.17512712277306286,-0.00039205201149848553,-0.07584025048146242,0.08656643793841096,-0.16201237725236065,-0.0850546059472589,-0.029543603591519467,-0.11092312173209594,0.022344161809384953,-0.04209394695525026,-0.008114673746684576,-0.005445543531460954,-0.0025518053150908352,-1.1631118285469975e-05
252.96000000000004,0.92,0.025,0.009797958971132711,0.5248792922602417,0.5278473586035246,0.030253890562105177,-0.1262358552074586,0.20682409375011726,-0.0004634096378337103,-0.0009329810170073917,0.000859579971614194,-0.0005268729730564867,-1.22154871313912e-06,0.025606892971765823,-0.10684602784759298,0.17505591295009926,-0.00039222991746245243,-0.07566648976484251,0.08652008161187127,-0.1619466646454979,-0.08501970952994314,-0.029596645323310234,-0.1107566425577025,0.02229664893142853,-0.042004520391316275,-0.008114523192015529,-0.005446036859041849,-0.002547418830569862,-1.1613961929050693e-05
253.12,0.92,0.025,0.009797958971132711,0.5248792922602417,0.5278473586035246,0.030104765730011824,-0.12609834941012085,0.20674014088488787,-0.00046361942090425987,-0.0009310798445875607,0.0008592422920609674,-0.0005257528617991513,-1.2185243369213322e-06,0.025480673713882008,-0.10672964294072629,0.1749848552449691,-0.0003924074778533656,-0.07549298990001618,0.0864736423007908,-0.16188109243017273,-0.08498488762621542,-0.029649473338298368,-0.1105903332912527,0.022249213014300783,-0.04191523843839096,-0.008114371384157729,-0.0054465312054755325,-0.0025430353440084527,-1.1596804085494598e-05
253.27999999999997,0.92,0.025,0.009797958971132711,0.5248792922602417,0.5278473586035246,0.0299559448645679,-0.1259608977388718,0.2066563674315341,-0.0004638287963767598,-0.0009291814334654429,0.000858903396143085,-0.0005246345626552303,-1.2155061053075867e-06,0.025354711733370273,-0.1066133038461811,0.17491394939405047,-0.0003925846932532895,-0.07531975062065675,0.08642712033988362,-0.1618156603630768,-0.08495014010695838,-0.029702088049855475,-0.11042419389001672,0.02220185393880964,-0.041826100872861635,-0.008114218318003638,-0.005447026571171565,-0.0025386548607379553,-1.1579644815795448e-05
253.44000000000005,0.92,0.025,0.009797958971132711,0.5248792922602417,0.5278473586035246,0.02980742752416934,-0.12582350038802387,0.2065727730788426,-0.0004640377649394306,-0.000927285781096476,0.0008585632876838089,-0.000523518072818632,-1.212494006934798e-06,0.025229006656456932,-0.10649701072842341,0.17484319513393237,-0.00039276156424473404,-0.07514677166050471,0.0863805160632162,-0.16175036820109695,-0.08491546684315712,-0.029754489870779402,-0.1102582243109603,0.022154571585816872,-0.041737107471219545,-0.008114063988431426,-0.005447522956530894,-0.00253427738605952,-1.1562484180753017e-05
253.60000000000002,0.92,0.025,0.009797958971132711,0.5248792922602417,0.5278473586035246,0.029659213267619198,-0.12568615755127827,0.20648935751585212,-0.000464246327281053,-0.000925392884936073,0.0008582219704992255,-0.0005224033894846735,-1.2094880304304255e-06,0.02510355810971289,-0.10638076375140193,0.17477259220141725,-0.0003929380914106833,-0.07497405275336824,0.08633382980420835,-0.1616852157013174,-0.08488086770590045,-0.029806679213294853,-0.11009242451074581,0.02210736583624284,-0.041648258010068814,-0.008113908390304963,-0.0054480203619458115,-0.0025299029252445686,-1.154532224097695e-05
253.76,0.92,0.025,0.009797958971132711,0.5248792922602417,0.5278473586035246,0.029511301654127672,-0.12554886942172627,0.20640612043185624,-0.0004644544840908933,-0.0009235027424396276,0.0008578794483982533,-0.0005212905098501732,-1.2064881644127488e-06,0.02497836572005366,-0.10626456307854912,0.17470214033352313,-0.0003931142753345321,-0.07480159363312376,0.08628706189563409,-0.16162020262102178,-0.08484634256638189,-0.029858656489053777,-0.10992679444573303,0.02206023657107045,-0.04155955226613379,-0.008113751518473782,-0.005448518787799896,-0.002525531483535175,-1.1528159056886877e-05
253.91999999999996,0.92,0.025,0.009797958971132711,0.5248792922602417,0.5278473586035246,0.029363692243312107,-0.1254116361918502,0.20632306151640528,-0.000464662236058775,-0.0009216153510625187,0.0008575357251826527,-0.0005201794311135555,-1.2034943974916902e-06,0.024853429114739367,-0.10614840887278201,0.17463183926748543,-0.00039329011660014715,-0.0746293940337163,0.0862402126696225,-0.1615553287176949,-0.08481189129590062,-0.02991042210913599,-0.10976133407197997,0.02201318367134957,-0.04147099001626736,-0.008113593367773073,-0.005449018234467946,-0.0025211630661445177,-1.151099468871713e-05
254.08000000000004,0.92,0.025,0.009797958971132711,0.5248792922602417,0.5278473586035246,0.029216384595196973,-0.1252744580535248,0.20624018045930906,-0.00046486958387500745,-0.0009197307082601186,0.000857190804647035,-0.0005190701504749498,-1.2005067182692188e-06,0.02472874792137472,-0.1060323012965034,0.1745616887407592,-0.00039346561579180634,-0.07445745368916003,0.08619328245765878,-0.16149059374902458,-0.0847775137658625,-0.0299619764840495,-0.10959604334524377,0.021966207018201313,-0.041382571037458835,-0.008113433933023655,-0.005449518702315948,-0.0025167976782572926,-1.149382919651763e-05
254.24,0.92,0.025,0.009797958971132711,0.5248792922602417,0.5278473586035246,0.029069378270213882,-0.12513733519801815,0.20615747695063938,-0.00046507652823043176,-0.0009178488114877979,0.0008568446905788713,-0.0005179626651362953,-1.1975251153399723e-06,0.02460432176790903,-0.10591624051160256,0.17449168849102117,-0.00039364077349423747,-0.07428577233353867,0.08614627159058494,-0.16142599747290393,-0.08474320984778114,-0.030013320023731097,-0.10943092222098164,0.02191930649282244,-0.041294295106842314,-0.00811327320903195,-0.005450020191701007,-0.0025124353250301676,-1.1476662640157331e-05
254.39999999999998,0.92,0.025,0.009797958971132711,0.5248792922602417,0.5278473586035246,0.028922672829201603,-0.12500026781599294,0.20607495068073317,-0.0004652830698163866,-0.0009159696582009305,0.0008564973867585021,-0.0005168569723014347,-1.1945495772917259e-06,0.024480150282636236,-0.10580022667945643,0.17442183825617255,-0.00039381559029258965,-0.07411434970100608,0.08609918039860083,-0.16136153964743338,-0.08470897941327925,-0.030064453137546816,-0.10926597065435151,0.021872481976489364,-0.04120616200170413,-0.008113111190589977,-0.005450522702971299,-0.002508076011592166,-1.1459495079325797e-05
254.56000000000006,0.92,0.025,0.009797958971132711,0.5248792922602417,0.5278473586035246,0.028776267833406033,-0.12486325609750756,0.2059926013401944,-0.0004654892093247114,-0.0009140932458549004,0.0008561488969591463,-0.0005157530691762183,-1.191580092705987e-06,0.02435623309419487,-0.10568425996093041,0.17435213777434055,-0.00039399006677243577,-0.07394318552578658,0.08605200921126498,-0.1612972200309226,-0.08467482233408931,-0.03011537623429244,-0.10910118860021302,0.021825733350562593,-0.04111817149949109,-0.008112947872475325,-0.005451026236466014,-0.0025037197430451265,-1.1442326573536092e-05
254.72000000000003,0.92,0.025,0.009797958971132711,0.5248792922602417,0.5278473586035246,0.02863016284448019,-0.12472630023201729,0.20591042861989625,-0.0004656949474477109,-0.0009122195719051077,0.00085579922494691,-0.0005146509529686019,-1.1886166501584775e-06,0.024232569831568036,-0.10556834051637944,0.1742825867838802,-0.0003941642035197425,-0.07377227954217554,0.08600475835749549,-0.16123303838189199,-0.08464073848205468,-0.030166089722193905,-0.10893657601312841,0.021779060496490883,-0.04103032337781835,-0.008112783249451121,-0.005451530792515305,-0.002499366524464125,-1.142515718212656e-05
254.88,0.92,0.025,0.009797958971132711,0.5248792922602417,0.5278473586035246,0.028484357424484262,-0.12458940040837535,0.20582843221098518,-0.0004659002848782099,-0.0009103486338069732,0.0008554483744807965,-0.0005135506208887458,-1.185659238219822e-06,0.02410916012408348,-0.1054524685056489,0.17421318502337788,-0.0003943380011209169,-0.07360163148453974,0.08595742816557102,-0.1611689944590758,-0.08460672772913103,-0.030216594008907957,-0.1087721328473632,0.02173246329581546,-0.040942617414477245,-0.008112617316266032,-0.005452036371440219,-0.0024950163608978854,-1.1407986964264611e-05
255.03999999999996,0.92,0.025,0.009797958971132711,0.5248792922602417,0.5278473586035246,0.028338851135885537,-0.12445255681483414,0.2057466118048828,-0.0004661052223094765,-0.0009084804290159461,0.0008550963493127142,-0.0005124520701491146,-1.1827078454558474e-06,0.02398600360141352,-0.10533664408807562,0.1741439322316528,-0.0003945114601627409,-0.07343124108731794,0.08591001896313151,-0.16110508802142368,-0.08457278994738733,-0.03026688950152242,-0.10860785905688725,0.02168594163017427,-0.04085505338744322,-0.008112450067654221,-0.005452542973552672,-0.0024906692573692197,-1.1390815978947204e-05
255.20000000000005,0.92,0.025,0.009797958971132711,0.5248792922602417,0.5278473586035246,0.02819364354155845,-0.12431576963904625,0.20566496709328794,-0.0004663097604352691,-0.0009066149549875074,0.0008547431531874869,-0.0005113552979645716,-1.179762460428238e-06,0.023863099893575074,-0.10522086742248875,0.17407482814775893,-0.0003946845812324118,-0.07326110808502129,0.08586253107717923,-0.16104131882810235,-0.08453892500900662,-0.03031697660655688,-0.1084437545953754,0.021639495381305985,-0.04076763107488339,-0.008112281498335355,-0.005453050599155359,-0.002486325218875443,-1.1373644285004504e-05
255.36,0.92,0.025,0.009797958971132711,0.5248792922602417,0.5278473586035246,0.02804873420478453,-0.12417903906806577,0.20558349776818094,-0.00046651389994978244,-0.0009047522091771781,0.0008543887898428623,-0.0005102603015524846,-1.1768230716951723e-06,0.023740448630929625,-0.10510513866721087,0.17400587251098837,-0.0003948573649174959,-0.07309123221223374,0.08581496483407956,-0.16097768663849885,-0.08450513278628773,-0.030366855729963057,-0.10827981941620848,0.021593124431054517,-0.040680350255164914,-0.008112111603014551,-0.0054535592485417264,-0.0024819842503888173,-1.1356471941102215e-05
255.51999999999998,0.92,0.025,0.009797958971132711,0.5248792922602417,0.5278473586035246,0.027904122689252433,-0.12404236528834921,0.20550220352182538,-0.0004667176415476872,-0.0009028921890405228,0.0008540332630095209,-0.000509167078132817,-1.1738896678116128e-06,0.02361804944418326,-0.10498945798005878,0.173937065060873,-0.0003950298118059625,-0.07292161320361258,0.08576732055956196,-0.16091419121222195,-0.08447141315164616,-0.030416527277125318,-0.10811605347247401,0.02154682866137289,-0.04059321070686229,-0.008111940376382389,-0.0054540689219958974,-0.0024776463568569602,-1.13392990057434e-05
255.68000000000006,0.92,0.025,0.009797958971132711,0.5248792922602417,0.5278473586035246,0.027759808559057946,-0.12390574848575678,0.2054210840467706,-0.00046692098592406787,-0.0009010348920331571,0.0008536765764110856,-0.0005080756249282264,-1.1709622373299714e-06,0.023495901964386647,-0.10487382551834454,0.17386840553718663,-0.0003952019224861311,-0.07275225079388893,0.08571959857872077,-0.160850832309104,-0.08443776597761495,-0.03046599165286118,-0.10795245671696715,0.021500607954327452,-0.04050621220876516,-0.008111767813114868,-0.005454579619792629,-0.0024733115432032746,-1.1322125537270945e-05
255.84000000000003,0.92,0.025,0.009797958971132711,0.5248792922602417,0.5278473586035246,0.027615791378703913,-0.12376918884555349,0.20534013903585524,-0.00046712393377445474,-0.000899180315610752,0.000853318733764131,-0.0005069859391641646,-1.1680407688006225e-06,0.023374005822934994,-0.10475824143887648,0.1737998936799479,-0.0003953736975466985,-0.07258314471786806,0.08567179921601624,-0.1607876096892039,-0.0844041911368463,-0.030515249261421816,-0.10778902910219154,0.0214544621921021,-0.04041935453988629,-0.0081115939078734,-0.005455091342197244,-0.002468979814327384,-1.1304951593870358e-05
256.0,0.92,0.025,0.009797958971132711,0.5248792922602417,0.5278473586035246,0.02747207071310029,-0.12363268655241025,0.20525936818221008,-0.0004673264857947979,-0.0008973284572290406,0.0008529597387781913,-0.0005058980180689709,-1.1651252507723485e-06,0.023252360651568084,-0.10464270589796004,0.17373152922942262,-0.00039554513757671697,-0.07241429471042993,0.08562392279527524,-0.1607245231128092,-0.08437068850211266,-0.03056430050649247,-0.10762577058036,0.02140839125700227,-0.04033263747946903,-0.008111418655304783,-0.0054556040894655905,-0.0024646511751055355,-1.1287777233571577e-05
256.15999999999997,0.92,0.025,0.009797958971132711,0.5248792922602417,0.5278473586035246,0.027328646127564096,-0.123496241790405,0.20517877117926028,-0.00046752864268147817,-0.0008954793143438233,0.0008525995951557709,-0.0005048118588739688,-1.1622156717929508e-06,0.023130966082370252,-0.10452721905139879,0.1736633119261259,-0.00039571624316560316,-0.07224570050652973,0.08557596963969231,-0.1606615723404377,-0.08433725794630764,-0.030613145791193022,-0.10746268110339552,0.02136239503145906,-0.04024606080699494,-0.008111242050041184,-0.0054561178618439685,-0.0024603256303910425,-1.1270602514252099e-05
256.32000000000005,0.92,0.025,0.009797958971132711,0.5248792922602417,0.5278473586035246,0.027185517187819433,-0.12335985474302387,0.20509834772072852,-0.0004677304051312422,-0.0008936328844109739,0.0008522383065923525,-0.0005037274588135653,-1.159312020409568e-06,0.02300982174777037,-0.1044117810544954,0.17359524151082462,-0.0003958870149030834,-0.07207736184119816,0.08552794007183044,-0.16059875713284025,-0.08430389934244743,-0.030661785518078435,-0.1072997606229321,0.021316473398033435,-0.04015962430219176,-0.008111064086700124,-0.005456632659569088,-0.002456003185014715,-1.1253427493637749e-05
256.48,0.92,0.025,0.009797958971132711,0.5248792922602417,0.5278473586035246,0.027042683459997437,-0.12322352559316219,0.2050180975006383,-0.00046793177384125067,-0.0008917891648864438,0.0008518758767764062,-0.0005026448151253453,-1.1564142851694918e-06,0.022888927280541833,-0.10429639206205248,0.17352731772454025,-0.0003960574533792346,-0.071909278449542,0.08547983441362196,-0.160536077251003,-0.08427061256367208,-0.030710220089139272,-0.10713700909031539,0.021270626239420266,-0.04007332774504087,-0.008110884759884451,-0.005457148482868,-0.0024516838437852705,-1.1236252229307206e-05
256.64,0.92,0.025,0.009797958971132711,0.5248792922602417,0.5278473586035246,0.02690014451063629,-0.12308725452312579,0.2049380202133169,-0.0004681327495090636,-0.0008899481532262699,0.0008515123093893993,-0.0005015639250501625,-1.1535224546203976e-06,0.022768282313802558,-0.10418105222837366,0.17345954030855143,-0.00039622755918447143,-0.07174145006674447,0.08543165298636948,-0.16047353245614993,-0.08423739748324666,-0.030758449905802152,-0.10697442645660374,0.021224853438452183,-0.03998717091578457,-0.008110704064182326,-0.00545766533195805,-0.002447367611489748,-1.1219076778692915e-05
256.80000000000007,0.92,0.025,0.009797958971132711,0.5248792922602417,0.5278473586035246,0.02675789990668122,-0.12295104171463198,0.2048581155533971,-0.0004683333328325689,-0.0008881098468865785,0.0008511476081058044,-0.0005004847858322396,-1.1506365173108211e-06,0.022647886481014987,-0.1040657617072645,0.17339190900439533,-0.0003963973329094863,-0.07157387642806587,0.08538339611074679,-0.1604111225097441,-0.08420425397456224,-0.03080647536893026,-0.10681201267256892,0.02117915487810383,-0.039901153594934055,-0.008110521994167197,-0.0054581832070468095,-0.0024430544928939605,-1.1201901199082748e-05
256.96000000000004,0.92,0.025,0.009797958971132711,0.5248792922602417,0.5278473586035246,0.026615949215484446,-0.12281488734881073,0.20477838321582176,-0.0004685335245100544,-0.0008862742433235916,0.0008507817765931088,-0.0004994073947192631,-1.1477564617909574e-06,0.022527739415986035,-0.1039505206520334,0.17332442355387154,-0.0003965667751453101,-0.07140655726884379,0.08533506410679963,-0.1603488471734911,-0.08417118191113748,-0.0308542968788238,-0.10664976768869694,0.021133530441495928,-0.03981527556327691,-0.008110338544397789,-0.005458702108332031,-0.002438744492742906,-1.1184725547624666e-05
257.12,0.92,0.025,0.009797958971132711,0.5248792922602417,0.5278473586035246,0.0264742920048052,-0.12267879160620578,0.20469882289584587,-0.00046873332524011266,-0.0008844413399936322,0.0008504148185118241,-0.0004983317489624728,-1.1448822766127963e-06,0.022407840752867125,-0.10383532921549257,0.17325708369904397,-0.0003967358864832314,-0.0712394923244937,0.08528665729394663,-0.1602867062093409,-0.08413818116661965,-0.030901914835220565,-0.106487691455189,0.02108798001189906,-0.03972953660188429,-0.008110153709418077,-0.005459222036001577,-0.0024344376157611754,-1.1167549881326335e-05
257.28,0.92,0.025,0.009797958971132711,0.5248792922602417,0.5278473586035246,0.026332927842809665,-0.12254275466677568,0.20461943428904045,-0.00046893273572171985,-0.0008826111343531302,0.0008500467375154946,-0.0004972578458167586,-1.1420139503309178e-06,0.0222881901261541,-0.10372018754995894,0.17318988918224384,-0.0003969046675148637,-0.07107268133050931,0.08523817599098027,-0.16022469937949071,-0.08410525161478624,-0.030949329637296342,-0.10632578392196212,0.021042503472737797,-0.03964393649211859,-0.008109967483757276,-0.00545974299023338,-0.002430133866653384,-1.1150374257059968e-05
257.44000000000005,0.92,0.025,0.009797958971132711,0.5248792922602417,0.5278473586035246,0.02619185629807103,-0.12240677670989505,0.20454021709129364,-0.0004691317566541373,-0.0008807836238586277,0.000849677537250706,-0.0004961856825407548,-1.139151471502675e-06,0.02216878717068732,-0.10360509580725517,0.17312283974607093,-0.0003970731188320618,-0.07090612402246319,0.08518962051606765,-0.16016282644638596,-0.08407239312954545,-0.030996541683665422,-0.10616404503865014,0.02099710070759471,-0.03955847501564099,-0.008109779861929811,-0.005460264971195359,-0.0024258332501046168,-1.1133198731562307e-05
257.6,0.92,0.025,0.009797958971132711,0.5248792922602417,0.5278473586035246,0.026051076939569384,-0.12227085791435557,0.2044611709988168,-0.0004693303887369577,-0.0008789588059667848,0.0008493072213570958,-0.0004951152563969333,-1.1362948286888897e-06,0.022049631521651528,-0.10349005413871057,0.17305593513339856,-0.00039724124102696103,-0.07073982013600696,0.08514099118675146,-0.160101087172725,-0.08403960558493856,-0.03104355137238113,-0.10600247475460442,0.020951771600214334,-0.039473151954418834,-0.008109590838435305,-0.005460787979045389,-0.002421535770780815,-1.1116023361438396e-05
257.76,0.92,0.025,0.009797958971132711,0.5248792922602417,0.5278473586035246,0.025910589336691776,-0.12213499845836716,0.20438229570814453,-0.0004695286326700697,-0.0008771366781343848,0.0008489357934673607,-0.0004940465646516914,-1.133444010454303e-06,0.02193072281457592,-0.10337506269516197,0.17298917508737355,-0.000397409034691947,-0.07057376940687195,0.08509228831995072,-0.16003948132145898,-0.08400688885514017,-0.031090359100936247,-0.10584107301889477,0.0209065160345069,-0.03938796709073265,-0.00810940040775856,-0.005461312013931223,-0.0024172414333292133,-1.109884820316368e-05
257.91999999999996,0.92,0.025,0.009797958971132711,0.5248792922602417,0.5278473586035246,0.025770393059232136,-0.12199919851955902,0.20430359091613998,-0.0004697264891536414,-0.0008753172378183396,0.0008485632572072664,-0.0004929796045754524,-1.1305990053680565e-06,0.021812060685334082,-0.10326012162695476,0.1729225593514209,-0.0003975765004196421,-0.07040797157086948,0.08504351223196185,-0.1599780086557962,-0.08397424281446016,-0.031136965266263566,-0.1056798397803101,0.020861333894552643,-0.039302920207184115,-0.008109208564369535,-0.005461837075990437,-0.00241295024237877,-1.1081673313086178e-05
258.08000000000004,0.92,0.025,0.009797958971132711,0.5248792922602417,0.5278473586035246,0.02563048767739128,-0.12186345827498084,0.20422505631999643,-0.00046992395888810766,-0.000873500482475696,0.0008481896161956568,-0.0004919143734427482,-1.1277598020039807e-06,0.021693644770143978,-0.10314523108394379,0.17285608766924498,-0.00039774363880289436,-0.07024242636389141,0.08499466323845938,-0.1599166689392033,-0.08394166733734468,-0.03118337026473633,-0.1055187749873595,0.02081622506460526,-0.0392180110867027,-0.008109015302723331,-0.0054623631653503806,-0.0024086622025405653,-1.1064498747427899e-05
258.24,0.92,0.025,0.009797958971132711,0.5248792922602417,0.5278473586035246,0.0254908727617769,-0.1217277779011038,0.20414669161724175,-0.000470121042574198,-0.0008716864095636405,0.0008478148740444627,-0.0004908508685323215,-1.1249263889413387e-06,0.02157547470556797,-0.10303039121549426,0.17278975978483344,-0.00039791045043480124,-0.07007713352191058,0.08494574165449692,-0.1598554619354087,-0.08390916229837757,-0.03122957449216874,-0.10535787858827278,0.020771189429096313,-0.03913323951255372,-0.008108820617260173,-0.005462890282128105,-0.0024043773184082543,-1.1047324562288947e-05
258.4,0.92,0.025,0.009797958971132711,0.5248792922602417,0.5278473586035246,0.02535154788340351,-0.1215921575738217,0.20406849650574,-0.00047031774091282907,-0.0008698750165395045,0.0008474390343587107,-0.0004897890871272061,-1.1220987547651422e-06,0.02145755012851273,-0.10291560217048269,0.17272357544245834,-0.00039807693590861854,-0.06991209278098111,0.084896747794508,-0.15979438740840382,-0.08387672757228143,-0.031275578343816494,-0.10519715053100147,0.020726226872638608,-0.03904860526834482,-0.008108624502405392,-0.00546341842643031,-0.0024000955945584525,-1.1030150813647975e-05
258.56000000000006,0.92,0.025,0.009797958971132711,0.5248792922602417,0.5278473586035246,0.02521251261369245,-0.1214565974684522,0.2039904706836967,-0.0004705140546052069,-0.0008680663008607709,0.0008470621007365322,-0.0004887290265148235,-1.119276888066585e-06,0.02133987067622929,-0.10280086409729794,0.17265753438668088,-0.00039824309581784715,-0.06974730387723901,0.08484768197230699,-0.15973344512244725,-0.08384436303391962,-0.031321382214377136,-0.10503659076321958,0.020681337280030337,-0.03896410813803356,-0.00810842695256939,-0.005463947598353287,-0.0023958170355511585,-1.1012977557365555e-05
258.72,0.92,0.025,0.009797958971132711,0.5248792922602417,0.5278473586035246,0.025073766524471856,-0.12132109775973769,0.20391261384966003,-0.00047070998435271315,-0.0008662602599850782,0.0008466840767691727,-0.0004876706839870748,-1.1164607774435746e-06,0.02122243598631298,-0.10268617714384198,0.17259163636235225,-0.00039840893075613644,-0.06958276654690253,0.0847985445010899,-0.15967263484206556,-0.08381206855829672,-0.03136698649799073,-0.10487619923232436,0.02063652053625895,-0.03887974790593485,-0.008108227962147658,-0.0054644777979828505,-0.0023915416459302052,-1.09958048491858e-05
258.88,0.92,0.025,0.009797958971132711,0.5248792922602417,0.5278473586035246,0.024935309187976606,-0.12118565862184658,0.20383492570252498,-0.0004709055308569596,-0.0008644568913702271,0.0008463049660410002,-0.0004866140568404246,-1.1136504115012085e-06,0.0211052456967034,-0.10257154145753095,0.17252588111461714,-0.0003985744413173306,-0.06941848052627256,0.08474933569343528,-0.1596119563320569,-0.08377984402056039,-0.03141239158824019,-0.10471597588543724,0.020591776526504756,-0.038795524356727513,-0.008108027525520721,-0.005465009025394291,-0.002387269430223635,-1.0978632744739385e-05
259.03999999999996,0.92,0.025,0.009797958971132711,0.5248792922602417,0.5278473586035246,0.024797140176848323,-0.12105028022837427,0.20375740594153613,-0.00047110069481974293,-0.0008626561924741847,0.0008459247721295148,-0.0004855591423759981,-1.1108457788521599e-06,0.020988299445684422,-0.10245695718529599,0.17246026838891618,-0.00039873962809543043,-0.06925444555173312,0.08470005586130516,-0.15955140935749262,-0.0837476892960024,-0.03145759787815188,-0.10455592066940442,0.020547105136145043,-0.038711437275462106,-0.008107825637054141,-0.0054655412806523,-0.0023830003929441613,-1.0961461299545226e-05
259.20000000000005,0.92,0.025,0.009797958971132711,0.5248792922602417,0.5278473586035246,0.024659259064135373,-0.12091496275234438,0.2036800542662914,-0.0004712954769430099,-0.0008608581607550912,0.0008455434986053572,-0.00048450593789966086,-1.1080468681171286e-06,0.020871596871884182,-0.10234242447358428,0.17239479793098905,-0.00039890449168456356,-0.0690906613597518,0.08465070531604585,-0.15949099368372058,-0.08371560426006033,-0.031502605760196034,-0.10439603353079797,0.02050250625075746,-0.038627486447567215,-0.008107622291098494,-0.005466074563810922,-0.002378734538589531,-1.0944290569012328e-05
259.36,0.92,0.025,0.009797958971132711,0.5248792922602417,0.5278473586035246,0.024521665423292767,-0.12077970636620974,0.20360287037674515,-0.00047148987792889057,-0.0008590627936712644,0.0008451611490323179,-0.00048345444072211784,-1.1052536679253314e-06,0.020755137614275,-0.10222794346835994,0.1723294694868771,-0.000399069032679013,-0.06892712768688014,0.0846012843683888,-0.1594307090763676,-0.08368358878831873,-0.031547415626287295,-0.10423631441591638,0.02045797975612424,-0.03854367165885735,-0.008107417481989352,-0.005466608874913484,-0.0023744718716429943,-1.0927120608442954e-05
259.52,0.92,0.025,0.009797958971132711,0.5248792922602417,0.5278473586035246,0.02438435882818219,-0.12064451124185355,0.20352585397321113,-0.00047168389847965296,-0.000857270088681205,0.0008447777269673457,-0.00048240464815899406,-1.1024661669149268e-06,0.020638921312173406,-0.10211351431510485,0.1722642828029259,-0.00039923325167317826,-0.06876384426975407,0.08455179332845157,-0.15937055530134145,-0.0836516427565104,-0.03159202786778516,-0.10407676327078547,0.02041352553823564,-0.038459992695539395,-0.008107211204047253,-0.005467144213992542,-0.002370212396573687,-1.0909951473034328e-05
259.68000000000006,0.92,0.025,0.009797958971132711,0.5248792922602417,0.5278473586035246,0.024247338853071943,-0.12050937755059035,0.2034490047563654,-0.00047187753929770317,-0.0008554800432436028,0.0008443932359605571,-0.0004813565575309223,-1.0996843537335053e-06,0.020522947605240094,-0.10199913715881968,0.17219923762578768,-0.000399397149261576,-0.06860081084509437,0.08450223250573852,-0.1593105321248335,-0.08361976604051763,-0.03163644287549448,-0.10391738004115925,0.020369143483293644,-0.03837644934421955,-0.00810700345157772,-0.005467680581069819,-0.002365956117837048,-1.0892783217881342e-05
259.84000000000003,0.92,0.025,0.009797958971132711,0.5248792922602417,0.5278473586035246,0.02411060507263693,-0.12037430546316735,0.20337232242725087,-0.00047207080108551064,-0.0008536926548173411,0.0008440076795552452,-0.0004803101661636396,-1.0969082170383724e-06,0.0204072161334799,-0.10188481214402485,0.17213433370242515,-0.0003995607260387762,-0.06843802714970706,0.08445260220914193,-0.15925063931332187,-0.08358795851637403,-0.031680661039666005,-0.10375816467252057,0.0203248334777161,-0.03829304139191104,-0.00810679421887119,-0.005468217976156137,-0.002361703039875262,-1.0875615897977292e-05
260.0,0.92,0.025,0.009797958971132711,0.5248792922602417,0.5278473586035246,0.023974157061958604,-0.12023929514976527,0.20329580668727937,-0.0004722636845457189,-0.0008519079208615024,0.0008436210612878886,-0.00047926547138806106,-1.0941377454971688e-06,0.020291726537241764,-0.10177053941476133,0.17206957078011326,-0.0003997239825994965,-0.06827549292048385,0.08440290274694259,-0.1591908766335734,-0.08355622006026554,-0.03172468274999681,-0.10359911711008211,0.02028059540813983,-0.038209768626039975,-0.008106583500203053,-0.005468756399251365,-0.0023574531671176264,-1.0858449568218466e-05
260.15999999999997,0.92,0.025,0.009797958971132711,0.5248792922602417,0.5278473586035246,0.02383799439652497,-0.12010434677999955,0.2032194572382354,-0.0004724561903810015,-0.0008501258388353742,0.0008432333846881597,-0.00047822247054037526,-1.0913729277882067e-06,0.020176478457218736,-0.10165631911459162,0.17200494860644244,-0.00039988691953847966,-0.06811320789440249,0.08435313442681087,-0.15913124385264635,-0.08352455054853174,-0.03176850839563078,-0.103440237298787,0.020236429161424707,-0.03812663083445296,-0.008106371289833589,-0.0054692958503443495,-0.0023532065039809985,-1.0841284283404451e-05
260.32000000000005,0.92,0.025,0.009797958971132711,0.5248792922602417,0.5278473586035246,0.023702116652230484,-0.11996946052292148,0.20314327378227928,-0.0004726483192940935,-0.0008483464061984532,0.0008428446532789343,-0.00047718116096212874,-1.0886137526008748e-06,0.020061471534447883,-0.10154215138660075,0.1719404669293212,-0.00040004953745052075,-0.06795117180852733,0.08430329755580758,-0.159071740737893,-0.08349294985766742,-0.03181213836515915,-0.10328152518330974,0.020192334624657252,-0.038043627805423814,-0.008106157582007972,-0.005469836329412858,-0.0023489630548702016,-1.0824120098240763e-05
260.48,0.92,0.025,0.009797958971132711,0.5248792922602417,0.5278473586035246,0.023566523405376127,-0.11983463654701919,0.20306725602195097,-0.0004728400719878103,-0.0008465696204104512,0.0008424548705763008,-0.0004761415400003091,-1.0858602086360819e-06,0.019946705410310354,-0.10142803637339705,0.1718761254969793,-0.00040021183693048263,-0.06778938440000963,0.08425339244038467,-0.15901236705696256,-0.08346141786432397,-0.031855573046621,-0.10312298070805691,0.020148311685154137,-0.03796075932766018,-0.00810594237095626,-0.00547037783642351,-0.0023447228241784213,-1.0806957067341497e-05
260.64,0.92,0.025,0.009797958971132711,0.5248792922602417,0.5278473586035246,0.023431214232669285,-0.11969987502021882,0.2029914036601725,-0.00047303144916495697,-0.0008447954789313012,0.0008420640400895678,-0.0004751036050074327,-1.0831122846067796e-06,0.019832179726531285,-0.10131397421711322,0.17181192405797,-0.0004003738185732196,-0.06762784540608804,0.0842034193863863,-0.15895312257780295,-0.0834299544453106,-0.031898812827503634,-0.10296460381716807,0.020104360230465954,-0.03787802519031052,-0.008105725650893352,-0.005470920371331723,-0.0023404858162876354,-1.0789795245231252e-05
260.80000000000007,0.92,0.025,0.009797958971132711,0.5248792922602417,0.5278473586035246,0.02329618871122372,-0.11956517610988547,0.20291571640025186,-0.00047322245152839776,-0.0008430239792211607,0.0008416721653212745,-0.0004740673533416276,-1.0803699692382457e-06,0.01971789412517976,-0.10119996505940707,0.17174786236117318,-0.0004005354829736359,-0.06746655456408893,0.08415337869904951,-0.15889400706866405,-0.08339855947759568,-0.03194185809474325,-0.10280639445451643,0.020060480148380716,-0.037795425182970695,-0.008105507416019004,-0.005471463934081644,-0.0023362520355690074,-1.0772634686347577e-05
260.96000000000004,0.92,0.025,0.009797958971132711,0.5248792922602417,0.5278473586035246,0.02316144641855957,-0.1194305399828245,0.2028401939458867,-0.0004734130797809582,-0.0008412551187404188,0.0008412792497671981,-0.0004730327823667191,-1.0776332512684788e-06,0.019603848248668822,-0.10108600904146267,0.17168394015579852,-0.00040069683072660304,-0.06730551161142691,0.08410327068300529,-0.1588350202981005,-0.0833672328383086,-0.03198470923472525,-0.10264835256370974,0.020016671326927513,-0.03771295909569083,-0.008105287660517786,-0.00547200852460609,-0.002332021486383303,-1.0755475445042122e-05
261.12,0.92,0.025,0.009797958971132711,0.5248792922602417,0.5278473586035246,0.02302698693260328,-0.11929596680528239,0.20276483600116652,-0.0004736033346254656,-0.0008394888949497003,0.0008408852969163642,-0.00047199988945231363,-1.0749021194488439e-06,0.019490041739755416,-0.10097210630399102,0.17162015719138735,-0.0004008578624269941,-0.06714471628560521,0.08405309564227922,-0.15877616203497336,-0.08333597440474046,-0.032027366633284884,-0.10249047808809102,0.019972933654380055,-0.037630626718981895,-0.008105066378559072,-0.00547255414282648,-0.002327794173081304,-1.0738317575584707e-05
261.28,0.92,0.025,0.009797958971132711,0.5248792922602417,0.5278473586035246,0.022892809831687577,-0.11916145674294797,0.2026896422705772,-0.0004737932167646956,-0.0008377253053098713,0.0008404903102510542,-0.0004709686719738797,-1.0721765625440323e-06,0.019376474241540365,-0.10085825698723117,0.17155651321781656,-0.0004010185786696384,-0.06698416832421604,0.08400285388029256,-0.15871743204845368,-0.08330478405434598,-0.0320698306757076,-0.10233277097073938,0.01992926701926013,-0.03754842784382227,-0.008104843564297035,-0.0054731007886527775,-0.0023235701000041947,-1.0721161132162756e-05
261.44000000000005,0.92,0.025,0.009797958971132711,0.5248792922602417,0.5278473586035246,0.022758914694551432,-0.11902700996095342,0.20261461245900292,-0.0004739827269013834,-0.0008359643472820444,0.000840094293246815,-0.0004699391273128305,-1.069456569333037e-06,0.01926314539746833,-0.10074446123095097,0.17149300798530007,-0.00040117898004933094,-0.0668238674649411,0.08395254569986296,-0.15865883010802398,-0.08327366166474444,-0.032112101746729654,-0.10217523115447077,0.019885671310341132,-0.037466362261664235,-0.008104619211870617,-0.005473648461983423,-0.0023193492714839825,-1.0704006168886685e-05
261.6,0.92,0.025,0.009797958971132711,0.5248792922602417,0.5278473586035246,0.022625301100340035,-0.11889262662387534,0.2025397462717318,-0.000474171865738171,-0.0008342060183275839,0.000839697249372468,-0.0004689112528566146,-1.066742128609134e-06,0.019150054851327807,-0.10063071917444809,0.1714296412443938,-0.00040133906716078796,-0.06666381344555192,0.08390217140320529,-0.15860035598348277,-0.0832426071137219,-0.032154180230538544,-0.10201785858183887,0.019842146416651888,-0.037384429764441195,-0.00810439331540352,-0.0054741971627052756,-0.002315131691843917,-1.0686852739789528e-05
261.76,0.92,0.025,0.009797958971132711,0.5248792922602417,0.5278473586035246,0.022491968628604704,-0.11875830689573591,0.20246504341445648,-0.00047436063397763943,-0.0008324503159081109,0.0008392991820901176,-0.0004678850459987841,-1.0640332291803876e-06,0.01903720224725102,-0.10051703095655087,0.17136641274599598,-0.000401498840598674,-0.06650400600391027,0.08385173129193264,-0.1585420094449447,-0.08321162027923147,-0.0321960665107735,-0.10186065319513572,0.019798692227479566,-0.03730263014457317,-0.00810416586900419,-0.005474746890693542,-0.002310917365398859,-1.0669700898830224e-05
261.91999999999996,0.92,0.025,0.009797958971132711,0.5248792922602417,0.5278473586035246,0.0223589168593029,-0.11862405094000389,0.20239050359327987,-0.000474549032322227,-0.000830697237485508,0.0008389000948551592,-0.0004668605041390875,-1.0613298598701062e-06,0.018924587229713973,-0.10040339671561929,0.17130332224135209,-0.0004016583009575329,-0.06634444487796863,0.08380122566705711,-0.15848379026284543,-0.08318070103939572,-0.03223776097052595,-0.10170361493639257,0.019755308632373642,-0.0372209631949741,-0.008103936866765785,-0.005475297645811714,-0.002306706296455712,-1.0652550699895283e-05
262.08000000000004,0.92,0.025,0.009797958971132711,0.5248792922602417,0.5278473586035246,0.022226145372798146,-0.11848985891959572,0.2023161265147166,-0.00047473706147428517,-0.0008289467805219254,0.00083849999111629,-0.00046583762468354234,-1.0586320095171226e-06,0.01881220944353635,-0.10028981658954582,0.17124036948205612,-0.000401817448831835,-0.06618512980577057,0.08375065482899068,-0.15842569820794244,-0.08314984927250726,-0.03227926399234011,-0.10154674374738078,0.01971199552114895,-0.037139428709057724,-0.008103706302766193,-0.005475849427911507,-0.002302498489313806,-1.0635402196801265e-05
262.24,0.92,0.025,0.009797958971132711,0.5248792922602417,0.5278473586035246,0.022093653749860023,-0.11835573099687657,0.20224191188569748,-0.0004749247221359847,-0.0008271989424797854,0.000838098874315516,-0.00046481640504452353,-1.0559396669763897e-06,0.018700068533881523,-0.10017629071575633,0.17117755422005435,-0.00040197628481589744,-0.06602606052545107,0.08370001907754597,-0.15836773305131877,-0.08311906485703073,-0.03232057595821334,-0.10139003956961236,0.019668752783889493,-0.03705802648074453,-0.008103474171067977,-0.0054764022368327964,-0.0022982939482653246,-1.0618255443297073e-05
262.4,0.92,0.025,0.009797958971132711,0.5248792922602417,0.5278473586035246,0.021961441571664086,-0.11822166733366143,0.20216785941357296,-0.000475112015009351,-0.0008254537208217875,0.0008376967478881621,-0.00046379684264083644,-1.053252821119055e-06,0.018588164146256483,-0.10006281923121105,0.17111487620764815,-0.0004021348095039147,-0.06586723677523709,0.08364931871193723,-0.1583098945643855,-0.083088347671604,-0.03236169724959676,-0.10123350234434098,0.019625580310951483,-0.03697675630446762,-0.00810324046571839,-0.005476956072403547,-0.0022940926775956707,-1.0601110493065068e-05
262.56000000000006,0.92,0.025,0.009797958971132711,0.5248792922602417,0.5278473586035246,0.021829508419791827,-0.11808766809121618,0.20209396880611524,-0.00047529894079622237,-0.0008237111130109135,0.0008372936152628796,-0.0004627789348977979,-1.0505714608332468e-06,0.018476495926511804,-0.09994940227240538,0.17105233519749594,-0.00040229302348992265,-0.06570865829344784,0.08359855403078122,-0.15825218251888348,-0.08305769759503928,-0.032402628247395655,-0.1010771320125626,0.019582477992966855,-0.03689561797517914,-0.008103005180749346,-0.005477510934439752,-0.0022898946815838876,-1.0583967399725033e-05
262.72,0.92,0.025,0.009797958971132711,0.5248792922602417,0.5278473586035246,0.02169785387623066,-0.11795373343025863,0.20202023977152328,-0.00047548550019824707,-0.0008219711165104327,0.0008368894798616561,-0.0004617626792473195,-1.0478955750239273e-06,0.01836506352084163,-0.09983603997537091,0.1709899309426173,-0.0004024509273677963,-0.06555032481849528,0.0835477253320979,-0.15819459668688726,-0.08302711450632506,-0.032443369331969986,-0.10092092851501629,0.01953944572084675,-0.03681461128835694,-0.008102768310177401,-0.0054780668227453685,-0.00228569996450306,-1.056682621683379e-05
262.88,0.92,0.025,0.009797958971132711,0.5248792922602417,0.5278473586035246,0.021566477523373845,-0.11781986351095962,0.20194667201842487,-0.00047567169391684184,-0.0008202337287839069,0.0008364843450998237,-0.000460748073127979,-1.045225152613747e-06,0.018253866575783623,-0.09972273247567623,0.17092766319639482,-0.00040260852173121497,-0.06539223608888436,0.08349683291331136,-0.15813713684080666,-0.08299659828462708,-0.032483920883134884,-0.10076489179218501,0.019496483385784583,-0.036733736040010206,-0.008102529848003743,-0.005478623737112247,-0.0022815085306206874,-1.0549686997889414e-05
263.03999999999996,0.92,0.025,0.009797958971132711,0.5248792922602417,0.5278473586035246,0.021435378944020426,-0.11768605849294404,0.2018732652558805,-0.0004758575226532053,-0.0008184989472951954,0.0008360782143860685,-0.00045973511398510246,-1.0425601825432428e-06,0.01814290473821889,-0.09960947990842785,0.17086553171257726,-0.00040276580717367303,-0.06523439184321367,0.08344587707125078,-0.1580798027533899,-0.08296614880928983,-0.0325242832801612,-0.1006090217842964,0.019453590879259533,-0.036652992026686065,-0.008102289788214185,-0.005479181677320073,-0.002277320384199103,-1.053254979633286e-05
263.20000000000005,0.92,0.025,0.009797958971132711,0.5248792922602417,0.5278473586035246,0.021304557721375232,-0.117552318535292,0.2018000191933862,-0.0004760429871082328,-0.0008167667695084604,0.0008356710911224384,-0.0004587237992708402,-1.03990065377109e-06,0.018032177655371996,-0.09949628240827114,0.17080353624528208,-0.00040292278428840825,-0.06507679182017562,0.08339485810215115,-0.15802259419772563,-0.08293576595983791,-0.03256445690177588,-0.10045331843132353,0.019410768093039755,-0.036572379045475584,-0.008102048124779129,-0.0054797406431362945,-0.0022731355294958577,-1.0515414665548751e-05
263.36,0.92,0.025,0.009797958971132711,0.5248792922602417,0.5278473586035246,0.021174013439048806,-0.1174186437965397,0.20172693354087784,-0.00047622808798259867,-0.0008150371928881714,0.0008352629787043525,-0.00045771412644424626,-1.0372465552746318e-06,0.01792168497481091,-0.0993831401093912,0.17074167654899902,-0.00040307945366847153,-0.06491943575855692,0.08334377630165411,-0.15796551094724648,-0.0829054496159776,-0.03260444212616255,-0.10029778167298567,0.019368014919185786,-0.036491896894020125,-0.008101804851653575,-0.005480300634316058,-0.002268953970764121,-1.049828165886935e-05
263.52,0.92,0.025,0.009797958971132711,0.5248792922602417,0.5278473586035246,0.02104374568105732,-0.1172850344346807,0.20165400800873373,-0.00047641282597664554,-0.0008133102148991106,0.0008348538805206095,-0.00045670609297135043,-1.0345978760502173e-06,0.017811426344446917,-0.09927005314551375,0.17067995237859224,-0.0004032358159066328,-0.06476232339723906,0.08329263196480902,-0.15790855277573082,-0.08287519965759814,-0.032644239330961965,-0.10014241144874901,0.01932533125005358,-0.03641154537051705,-0.008101559962777087,-0.005480861650602144,-0.00226477571225306,-1.0481150829575519e-05
263.68000000000006,0.92,0.025,0.009797958971132711,0.5248792922602417,0.5278473586035246,0.020913754031822572,-0.11715149060716683,0.20158124230777758,-0.0004765972017904241,-0.0008115858330063777,0.0008344437999533969,-0.0004556996963252344,-1.031954605113382e-06,0.017701401412534627,-0.099157021649906,0.17061836348930295,-0.000403391871595415,-0.06460545447519848,0.08324142538607339,-0.15785171945730542,-0.08284501596477284,-0.0326838488932725,-0.09998720769782754,0.019282716978297754,-0.03633132427372582,-0.008101313452073784,-0.005481423691724898,-0.0022606007582082334,-1.0464022230898575e-05
263.84000000000003,0.92,0.025,0.009797958971132711,0.5248792922602417,0.5278473586035246,0.02078403807617194,-0.1170180124709093,0.20150863614928255,-0.00047678121612364737,-0.0008098640446753954,0.0008340327403782994,-0.00045469493398611177,-1.029316731499468e-06,0.017591609827671932,-0.09904404575537763,0.17055690963675277,-0.00040354762132705516,-0.0644488287315073,0.08319015685931425,-0.15779501076644833,-0.08281489841776082,-0.03272327118965068,-0.09983217035918376,0.019240171996874993,-0.036251233402974335,-0.008101065313452336,-0.005481986757402166,-0.002256429112872,-1.0446895916023389e-05
264.0,0.92,0.025,0.009797958971132711,0.5248792922602417,0.5278473586035246,0.020654597399338285,-0.11688460018227978,0.20143618924497445,-0.00047696486967564505,-0.0008081448473719136,0.000833620705164308,-0.0004536918034413969,-1.026684244263827e-06,0.017482051238799926,-0.0989311255942816,0.17049559057694638,-0.000403703065693466,-0.06429244590533335,0.08313882667780856,-0.15773842647799138,-0.08278484689700838,-0.03276250659611162,-0.09967729937152939,0.01919769619904698,-0.03617127255816445,-0.008100815540805937,-0.0054825508473392215,-0.0022522607804838753,-1.0429771938089327e-05
264.15999999999997,0.92,0.025,0.009797958971132711,0.5248792922602417,0.5278473586035246,0.020525431586959908,-0.1167512538971114,0.2013639013070344,-0.0004771481631454122,-0.0008064282385620146,0.0008332076976738283,-0.0004526903021857822,-1.0240571324821456e-06,0.017372725295202868,-0.09881826129851509,0.17043440606627394,-0.0004038582052862769,-0.06413630573594081,0.08308743513424433,-0.1576819663671226,-0.08275486128315004,-0.03280155548812957,-0.0995225946733262,0.019155289478383675,-0.036091441539778085,-0.008100564128012293,-0.005483115961228706,-0.002248095765280945,-1.0412650350193037e-05
264.32000000000005,0.92,0.025,0.009797958971132711,0.5248792922602417,0.5278473586035246,0.020396540225080532,-0.11661797377069982,0.20129177204810314,-0.00047733109723151554,-0.0008047142157121182,0.000832793721262689,-0.00045169042772131006,-1.0214353852508793e-06,0.017263631646508164,-0.09870545299952034,0.1703733558615145,-0.00040401304069675477,-0.06398040796269053,0.08303598252072131,-0.157625630209389,-0.0827249414570104,-0.03284041824063831,-0.09936805620278671,0.019112951728766377,-0.03601174014888299,-0.008100311068933608,-0.005483682098750559,-0.002243934071498229,-1.0395531205390022e-05
264.48,0.92,0.025,0.009797958971132711,0.5248792922602417,0.5278473586035246,0.020267922900149223,-0.1164847599578044,0.20121980118128283,-0.0004775136726321509,-0.0008030027762889868,0.0008323787792801518,-0.00045069217755744893,-1.0188189916875035e-06,0.017154769942686304,-0.09859270082828565,0.17031243971983778,-0.0004041675725158526,-0.06382475232504044,0.08298446912875197,-0.15756941778069858,-0.08269508729960484,-0.03287909522803179,-0.0992136838978751,0.019070682844390938,-0.035932168187138784,-0.008100056357416568,-0.005484249259571942,-0.002239775703369098,-1.0378414556697194e-05
264.64,0.92,0.025,0.009797958971132711,0.5248792922602417,0.5278473586035246,0.020139579199020336,-0.11635161261264897,0.20114798842014167,-0.00047769589004503554,-0.0008012939177597297,0.000831962875068919,-0.0004496955492111609,-1.0162079409309948e-06,0.017046139834050813,-0.09848000491534609,0.17025165739880793,-0.0004043218013341181,-0.06366933856254584,0.08293289524926221,-0.15751332885732344,-0.08266529869214147,-0.03291758682416447,-0.09905947769630774,0.019028482719770683,-0.03585272545680235,-0.008099799987292346,-0.0054848174433471866,-0.0022356206651256167,-1.0361300457094488e-05
264.80000000000007,0.92,0.025,0.009797958971132711,0.5248792922602417,0.5278473586035246,0.020011508708953463,-0.1162185318889232,0.20107633347871684,-0.00047787775016746654,-0.0007995876375918086,0.0008315460119651425,-0.0004487005402069756,-1.013602222141868e-06,0.016937740971258212,-0.0983673653907846,0.17019100865638595,-0.0004044757277417437,-0.06351416641485996,0.08288126117259231,-0.15745736321590234,-0.08263557551602238,-0.03295589340235192,-0.09890543753555416,0.01898635124973949,-0.035773411760733696,-0.008099541952376551,-0.00548538664971771,-0.0022314689609989388,-1.0344188959526318e-05
264.96000000000004,0.92,0.025,0.009797958971132711,0.5248792922602417,0.5278473586035246,0.019883711017613367,-0.1160855179397834,0.20100483607151698,-0.0004780592536962576,-0.0007978839332530421,0.0008311281932984327,-0.0004477071480770655,-1.0110018245029906e-06,0.016829573005307956,-0.09825478238423267,0.170130493250932,-0.00040462935232851244,-0.06335923562173416,0.0828295671884977,-0.1574015206334427,-0.08260591765284465,-0.03299401533537126,-0.09875156335283759,0.01894428832945505,-0.035694226902401975,-0.008099282246469256,-0.005485956878311958,-0.0022273205952197126,-1.0327080116905592e-05
265.12,0.92,0.025,0.009797958971132711,0.5248792922602417,0.5278473586035246,0.01975618571306993,-0.11595257091785377,0.2009334959135263,-0.00047824040132772594,-0.0007961828022116107,0.0008307094223918669,-0.0004467153703613105,-1.0084067372193607e-06,0.01672163558754239,-0.09814225602487144,0.17007011094120866,-0.00040478267568378726,-0.0632045459230185,0.08277781358614988,-0.15734580088732342,-0.08257632498440207,-0.033031952995461654,-0.09859785508513602,0.018902293854401554,-0.035615170685890624,-0.008099020863354947,-0.00548652812874533,-0.0022231755720184244,-1.0309973982112919e-05
265.28,0.92,0.025,0.009797958971132711,0.5248792922602417,0.5278473586035246,0.0196289323837981,-0.11581969097522718,0.2008623127202072,-0.00047842119375766175,-0.0007944842419360616,0.0008302897025619983,-0.0004457252046073713,-1.0058169495188652e-06,0.016613928369646713,-0.09802978644143229,0.17000986148638336,-0.00040493569839648494,-0.06305009705866191,0.08272600065413718,-0.15729020375529745,-0.08254679739268628,-0.0330697067543248,-0.09844431266918258,0.018860367720392866,-0.035536242915903175,-0.00809875779680254,-0.0054871004006201134,-0.002219033895625794,-1.0292870608000731e-05
265.44000000000005,0.92,0.025,0.009797958971132711,0.5248792922602417,0.5278473586035246,0.019501950618677835,-0.11568687826346655,0.20079128620750364,-0.00047860163168136384,-0.0007927882498953138,0.0008298690371188645,-0.00044473664837075763,-1.0032324506523458e-06,0.01650645100364892,-0.09791737376219808,0.16994974464603108,-0.00040508842105510637,-0.06289588876871281,0.0826741286804657,-0.15723472901549396,-0.08251733475988807,-0.033107276983125475,-0.09829093604146662,0.018818509823575393,-0.03545744339776875,-0.008098493040565348,-0.005487673693525413,-0.002214895570273141,-1.0275770047394569e-05
265.6,0.92,0.025,0.009797958971132711,0.5248792922602417,0.5278473586035246,0.01937524000699402,-0.11555413293360559,0.20072041609184416,-0.0004787817157935409,-0.0007910948235586621,0.0008294474293659964,-0.0004437496992148993,-1.0006532298940705e-06,0.016399203141919737,-0.09780501811500378,0.1698897601801369,-0.00040524084424765303,-0.06274192079331932,0.08262219795256003,-0.15717937644642085,-0.08248793696839876,-0.033144664052491946,-0.09813772513823425,0.018776720060431098,-0.03537877193744766,-0.00809822658838108,-0.005488248007037078,-0.002210760600192772,-1.025867235309499e-05
265.76,0.92,0.025,0.009797958971132711,0.5248792922602417,0.5278473586035246,0.01924880013843643,-0.11542145513615004,0.20064970209014577,-0.0004789614467883254,-0.0007894039603957833,0.0008290248826004262,-0.00044276435471121277,-9.98079276541939e-07,0.016292184437172594,-0.0976927196272374,0.16982990784909938,-0.00040539296856163863,-0.06258819287272967,0.0825702087572642,-0.15712414582696801,-0.08245860390081175,-0.0331818683325165,-0.09798467989548919,0.01873499832778035,-0.03530022834153672,-0.008097958433971809,-0.005488823340717641,-0.002206628989618337,-1.02415775778793e-05
265.91999999999996,0.92,0.025,0.009797958971132711,0.5248792922602417,0.5278473586035246,0.01912263060309966,-0.11528884502107858,0.20057914391981577,-0.0004791408253592878,-0.0007877156578767397,0.0008286014001126968,-0.00044178061243916813,-9.95510579917867e-07,0.016185394542463552,-0.09758047842584092,0.16977018741373207,-0.0004055447945841012,-0.062434704747292666,0.08251816138084249,-0.15706903693640836,-0.0824293354399233,-0.033218890192755944,-0.09783180024899348,0.018693344522784764,-0.0352218124172746,-0.00809768857104399,-0.00548939969411624,-0.0022025007427852075,-1.0224485774504344e-05
266.08000000000004,0.92,0.025,0.009797958971132711,0.5248792922602417,0.5278473586035246,0.018996730991483076,-0.11515630273784394,0.20050874129875582,-0.0004793198521993389,-0.0007860299134719843,0.0008281769851868704,-0.0004407984699863599,-9.929471293680053e-07,0.016078833111191276,-0.09746829463731112,0.16971059863526694,-0.00040569632290152045,-0.06228145615745796,0.08246605610898015,-0.1570140495544013,-0.0824001314687343,-0.033255730002232094,-0.09767908613426822,0.018651758542950207,-0.03514352397254748,-0.008097416993288425,-0.005489977066768557,-0.002198375863930855,-1.0207396995707122e-05
266.24,0.92,0.025,0.009797958971132711,0.5248792922602417,0.5278473586035246,0.018871100894490712,-0.11502382843537394,0.20043849394536498,-0.0004794985280007862,-0.0007843467246523658,0.0008277516411005365,-0.00043981792494857065,-9.903889142632626e-07,0.015972499797096938,-0.0973561683877005,0.16965114127535694,-0.00040584755409986547,-0.06212844684377648,0.08241389322678451,-0.15695918346099483,-0.08237099187045135,-0.03329238812943224,-0.09752653748659434,0.018610240286129502,-0.03506536281589404,-0.008097143694380249,-0.005490555458196732,-0.002194254357295203,-1.0190311294208646e-05
266.4,0.92,0.025,0.009797958971132711,0.5248792922602417,0.5278473586035246,0.018745739903431268,-0.11489142226207248,0.20036840157854252,-0.0004796768534552777,-0.0007826660888891335,0.0008273253711248213,-0.00043883897492983715,-9.878359239992268e-07,0.015866394254264227,-0.09724409980261815,0.1695918150960784,-0.0004059984887645471,-0.06197567654690085,0.08236167301878553,-0.1569044384366281,-0.08234191652848821,-0.033328864942309654,-0.09737415424101332,0.018568789650525237,-0.03498732875651081,-0.00809686866797893,-0.005491134867909312,-0.002190136227120997,-1.0173228722713592e-05
266.56000000000006,0.92,0.025,0.009797958971132711,0.5248792922602417,0.5278473586035246,0.018620647610018002,-0.1147590843658206,0.20029846391769035,-0.0004798548292537779,-0.0007809880036539411,0.0008268981785243957,-0.00043786161754251544,-9.852881479968244e-07,0.01576051613711924,-0.09713208900723055,0.16953261985993312,-0.0004061491274803976,-0.06182314500758565,0.08230939576893676,-0.15684981426213299,-0.08231290532646657,-0.03336516080828412,-0.09722193633232801,0.018527406534692537,-0.03490942160425731,-0.008096591907728252,-0.0054917152954011665,-0.002186021477654175,-1.0156149333914059e-05
266.72,0.92,0.025,0.009797958971132711,0.5248792922602417,0.5278473586035246,0.018495823606368634,-0.11462681489397748,0.20022868068271762,-0.00048003245608655516,-0.0007793124664188525,0.0008264700665574845,-0.0004368858504073501,-9.8274557570249e-07,0.01565486510043041,-0.09702013612626255,0.1694735553298522,-0.00040629947083166033,-0.061670851966687874,0.08225706176061623,-0.15679531071873773,-0.08228395814821808,-0.03340127609424234,-0.09706988369510318,0.018486090837542,-0.03483164116966156,-0.008096313407256299,-0.005492296740153426,-0.0021819101131442323,-1.0139073180490853e-05
266.88,0.92,0.025,0.009797958971132711,0.5248792922602417,0.5278473586035246,0.01837126748500539,-0.11449461399338158,0.20015905159404263,-0.00048020973464316704,-0.000777639474656346,0.0008260410384758744,-0.0004359116711535311,-9.802081965883589e-07,0.015549440799308563,-0.09690824128399818,0.16941462126919768,-0.0004064495194019766,-0.0615187971651673,0.08220467127662721,-0.15674092758806862,-0.08225507487778518,-0.033437211166538486,-0.09691799626366643,0.018444842458342128,-0.034753987263924646,-0.008096033160175441,-0.005492879201633395,-0.0021778021378445604,-1.012200031511499e-05
267.03999999999996,0.92,0.025,0.009797958971132711,0.5248792922602417,0.5278473586035246,0.018246978838854823,-0.11436248181035151,0.20008957637259553,-0.00048038666561240473,-0.0007759690258393188,0.0008256110975249235,-0.00043493907741876375,-9.776760001526798e-07,0.015444242889206723,-0.09679640460428152,0.16935581744176487,-0.0004065992737743394,-0.06136698034408684,0.08215222459919906,-0.15668666465215175,-0.08222625539942215,-0.03347296639099476,-0.09676627397210896,0.018403661296722267,-0.03467645969892626,-0.008095751160082341,-0.005493462679294498,-0.0021736975560128387,-1.0104930790449916e-05
267.20000000000005,0.92,0.025,0.009797958971132711,0.5248792922602417,0.5278473586035246,0.01812295726124778,-0.11423041849068714,0.200020254739822,-0.00048056324968235046,-0.0007743011174410924,0.0008251802469435689,-0.000433968066849327,-9.751489759200661e-07,0.01533927102592012,-0.0966846262105176,0.16929714361178533,-0.00040674873453114144,-0.06121540124461289,0.08209972200998802,-0.15663252169341627,-0.0821974995975967,-0.03350854213290168,-0.09661471675428615,0.018362547252675127,-0.034599058287229326,-0.008095467400557924,-0.005494047172576207,-0.002169596371911361,-1.0087864659153982e-05
267.36,0.92,0.025,0.009797958971132711,0.5248792922602417,0.5278473586035246,0.017999202345919358,-0.1140984241796707,0.19995108641768586,-0.0004807394875402677,-0.0007726357469354167,0.0008247484899643359,-0.0004329986371001396,-9.726271134417738e-07,0.015234524865586145,-0.09657290622567329,0.1692385995439293,-0.0004068979022540826,-0.06106405960801574,0.0820471637900782,-0.15657849849469627,-0.08216880735699111,-0.03354393875701878,-0.09646332454381835,0.018321500226559564,-0.03452178284208531,-0.00809518187516736,-0.005494632680903953,-0.002165498589807416,-1.007080197388141e-05
267.52,0.92,0.025,0.009797958971132711,0.5248792922602417,0.5278473586035246,0.017875713687008844,-0.11396649902206765,0.1998820711286726,-0.0004809153798726313,-0.0007709729117964742,0.000824315829813346,-0.0004320307858348202,-9.701104022958846e-07,0.015130004064684286,-0.09646124477227806,0.1691801850033085,-0.00040704677752419514,-0.06091295517566995,0.0819945502199822,-0.15652459483923326,-0.08214017856250352,-0.033579156627575005,-0.09631209727409171,0.01828052011910313,-0.034444633177438996,-0.008094894577460076,-0.005495219203689067,-0.0021614042139736236,-1.0053742787284183e-05
267.68000000000006,0.92,0.025,0.009797958971132711,0.5248792922602417,0.5278473586035246,0.01775249087905957,-0.11383464316212781,0.19981320859579044,-0.0004810909273650923,-0.0007693126094988862,0.0008238822697103269,-0.0004310645107257452,-9.675988320878854e-07,0.015025708280036021,-0.09634964197242499,0.16912189975547703,-0.00040719536092181414,-0.06076208768905463,0.08194188157964208,-0.15647081051067752,-0.08211161309924864,-0.03361419610826922,-0.09616103487825876,0.018239606831404576,-0.03436760910793306,-0.008094605500969734,-0.0054958067403287104,-0.0021573132486882897,-1.0036687152015358e-05
267.84000000000003,0.92,0.025,0.009797958971132711,0.5248792922602417,0.5278473586035246,0.01762953351701895,-0.11370285674358635,0.19974449854257575,-0.0004812661307024724,-0.0007676548375177158,0.000823447812868619,-0.0004300998094541167,-9.65092392450423e-07,0.014921637168804841,-0.0962380979477715,0.16906374356643614,-0.00040734365302657266,-0.06061145688975397,0.08188915814843016,-0.15641714529309178,-0.08208311085255976,-0.03364905756227065,-0.09601013728923927,0.018198760264936664,-0.034290710448913506,-0.00809431463921421,-0.005496395290205789,-0.0021532256982357686,-1.0019635120728431e-05
268.0,0.92,0.025,0.009797958971132711,0.5248792922602417,0.5278473586035246,0.0175068411962383,-0.1135711399096648,0.19967594069309363,-0.00048144099056872326,-0.000765999593328473,0.0008230124624951861,-0.00042913667971001434,-9.625910730441823e-07,0.014817790388496097,-0.0961266128195403,0.16900571620263447,-0.0004074916544173674,-0.06046106251945738,0.0818363802051498,-0.15636359897095217,-0.08205467170798918,-0.03368374135221953,-0.09585940443972088,0.01815798032154845,-0.0342139370164338,-0.0080940219856956,-0.005496984852688896,-0.002149141566906792,-1.0002586746082063e-05
268.15999999999997,0.92,0.025,0.009797958971132711,0.5248792922602417,0.5278473586035246,0.017384413512472843,-0.11343949280307213,0.19960753477194204,-0.00048161550764690576,-0.0007643468744071203,0.0008225762217906218,-0.00042817511919245965,-9.600948635575622e-07,0.014714167596957015,-0.09601518670852024,0.16894781743097176,-0.00040763936567234104,-0.06031090431996004,0.08178354802803635,-0.15631017132915107,-0.08202629555130986,-0.033718247840227346,-0.09570883626215994,0.018117266903467957,-0.034137288627259996,-0.008093727533900195,-0.005497575427132226,-0.0021450608589988324,-9.98554208073896e-06
268.32000000000005,0.92,0.025,0.009797958971132711,0.5248792922602417,0.5278473586035246,0.017262250061881614,-0.11330791556600571,0.1995392805042539,-0.0004817896826191936,-0.0007626966782300757,0.0008221390939491602,-0.00042721512560947117,-9.576037537073849e-07,0.0146107684523766,-0.09590381973506723,0.1688900470188005,-0.00040778678736888547,-0.060160982033163245,0.0817306618947579,-0.15625686215299892,-0.08199798226851635,-0.03375257738787761,-0.09555843268878211,0.018076619913304545,-0.03406076509887511,-0.00809343127729848,-0.005498167012875504,-0.0021409835788164288,-9.968501177370199e-06
268.48,0.92,0.025,0.009797958971132711,0.5248792922602417,0.5278473586035246,0.017140350441027387,-0.11317640834015229,0.1994711776157004,-0.0004819635161668326,-0.0007610490022742182,0.0008217010821586829,-0.00042625669667812634,-9.551177332389628e-07,0.014507592613285582,-0.0957925120191049,0.16883240473392883,-0.00040793392008360715,-0.0600112954010746,0.08167772208241597,-0.15620367122822668,-0.081969731745826,-0.03378673035622612,-0.09540819365158315,0.018036039254051547,-0.03398436624948403,-0.00809313320934512,-0.00549875960924392,-0.0021369097306715495,-9.951464088655885e-06
268.64,0.92,0.025,0.009797958971132711,0.5248792922602417,0.5278473586035246,0.017018714246876572,-0.11304497126668912,0.19940322583249323,-0.0004821370089701289,-0.0007594038440168925,0.0008212621896007281,-0.0004252998301246139,-9.526367919263222e-07,0.014404639738556331,-0.09568126368012568,0.16877489034462229,-0.0004080807643923171,-0.059861844165808566,0.08162472886754665,-0.15615059834098774,-0.08194154386968017,-0.033820707105801553,-0.09525811908232966,0.01799552482908847,-0.03390809189801776,-0.008092833323478951,-0.005499353215548051,-0.002132839318883912,-9.934430867286885e-06
268.80000000000007,0.92,0.025,0.009797958971132711,0.5248792922602417,0.5278473586035246,0.01689734107679921,-0.1129136044862849,0.19933542488138664,-0.0004823101617084057,-0.0007577612009359128,0.0008208224194504991,-0.00042434452368429266,-9.501609195725354e-07,0.01430190948740285,-0.09557007483719154,0.16871750361960566,-0.0004082273208699946,-0.059712628069586805,0.08157168252612115,-0.15609764327785935,-0.08191341852674489,-0.03385450799660596,-0.0951082089125598,0.017955076542183517,-0.03383194186413801,-0.008092531613122966,-0.005499947831083775,-0.002128772347781336,-9.917401565966865e-06
268.96000000000004,0.92,0.025,0.009797958971132711,0.5248792922602417,0.5278473586035246,0.016776230528568793,-0.11278230813910081,0.19926777448968236,-0.00048248297506001586,-0.0007561210705095685,0.0008203817748768729,-0.0004233907751017499,-9.47690106009888e-07,0.014199401519380627,-0.09545894560893493,0.16866024432806714,-0.0004083735900907974,-0.05956364685473837,0.08151858333354679,-0.1560448058258466,-0.081885355603913,-0.03388813338811525,-0.09495846307358394,0.017914694297496047,-0.03375591596824192,-0.00809222807168431,-0.0055005434551322245,-0.002124708821700072,-9.900376237413883e-06
269.12,0.92,0.025,0.009797958971132711,0.5248792922602417,0.5278473586035246,0.01665538220036232,-0.11265108236479149,0.19920027438522914,-0.00048265544970232574,-0.0007544834502166269,0.0008199402590424086,-0.00042243858213085244,-9.452243411002832e-07,0.014097115494386669,-0.09534787611355952,0.16860311223965796,-0.00040851957262804853,-0.05941490026370024,0.08146543156466766,-0.15599208577238188,-0.0818573549883039,-0.033921583639279676,-0.09480888149648549,0.01787437799957877,-0.033680014031466074,-0.00809192269255427,-0.005501140086959675,-0.002120648744985142,-9.88335493436321e-06
269.28,0.92,0.025,0.009797958971132711,0.5248792922602417,0.5278473586035246,0.0165347956907601,-0.11251992730250608,0.19913292429642762,-0.00048282758631163104,-0.00075284833753634,0.000819497875103356,-0.0004214879425348025,-9.427636147352406e-07,0.013995051072659349,-0.09523686646884115,0.16854610712449636,-0.00040866526905416453,-0.05926638803901762,0.08141222749376567,-0.15593948290532894,-0.08182941656726572,-0.0339548591085243,-0.09465946411212149,0.017834127553380093,-0.033604235875691,-0.008091615469108264,-0.0055017377258175055,-0.0021165921219906563,-9.86633770956704e-06
269.44000000000005,0.92,0.025,0.009797958971132711,0.5248792922602417,0.5278473586035246,0.01641447059874573,-0.11238884309088926,0.19906572395223182,-0.00048299938556322166,-0.000751215729948447,0.0008190546262096638,-0.0004205388540861908,-9.40307916836318e-07,0.013893207914778386,-0.09512591679212867,0.16848922875316902,-0.00040881067994071084,-0.05911810992334424,0.08135897139456118,-0.15588699701298372,-0.08180154022837577,-0.03398796015374952,-0.09451021085112347,0.017793942864246393,-0.033528581323545345,-0.008091306394705828,-0.005502336370942101,-0.002112538957080152,-9.849324615798172e-06
269.6,0.92,0.025,0.009797958971132711,0.5248792922602417,0.5278473586035246,0.016294406523706024,-0.11225782986808218,0.1989986730821521,-0.00048317084813130043,-0.0007495856249331801,0.0008186105155049887,-0.0004195913145670563,-9.378572373553487e-07,0.013791585681664779,-0.09501502720034476,0.16843247689673355,-0.0004089558058583327,-0.05897006565944282,0.08130566354021387,-0.15583462788407698,-0.0817737258594419,-0.034020887132331555,-0.09436112164389807,0.017753823837924558,-0.03345305019841067,-0.008090995462690615,-0.0055029360215547865,-0.002108489254626943,-9.832315705851147e-06
269.76,0.92,0.025,0.009797958971132711,0.5248792922602417,0.5278473586035246,0.016174603065430906,-0.11212688777172353,0.19893177141625717,-0.0004833419746889992,-0.000747958019971268,0.0008181655461267038,-0.0004186453217689252,-9.354115662745214e-07,0.01369018403458072,-0.0949041978099868,0.1683758513267201,-0.0004091006473767689,-0.05882225499018527,0.08125230420332363,-0.1557823753077756,-0.08174597334850328,-0.034053640401122985,-0.09421219642062774,0.017713770380563626,-0.033377642324424535,-0.008090682666390382,-0.005503536676861747,-0.002104443019014389,-9.815311032543522e-06
269.91999999999996,0.92,0.025,0.009797958971132711,0.5248792922602417,0.5278473586035246,0.01605505982411334,-0.11199601693895049,0.19886501868517711,-0.00048351276590833503,-0.0007463329125439411,0.0008177197212059058,-0.00041770087349287646,-9.329708936067006e-07,0.013589002635129532,-0.0947934287371277,0.1683193518151339,-0.00040924520506481477,-0.058674677658553186,0.08119889365593129,-0.15573023907368513,-0.08171828258383178,-0.034086220316453086,-0.09406343511127152,0.01767378239871758,-0.03330235752648575,-0.008090367999116976,-0.0055041383360539585,-0.002100400254636274,-9.798310648717907e-06
270.08000000000004,0.92,0.025,0.009797958971132711,0.5248792922602417,0.5278473586035246,0.015935776400349277,-0.11186521750639983,0.19879841462010475,-0.00048368322246018807,-0.0007447103001329357,0.0008172730438674254,-0.0004167579675495846,-9.305352093957635e-07,0.013488041145255628,-0.09468272009741682,0.16826297813445668,-0.0004093894794903032,-0.05852733340763814,0.08114543216951954,-0.1556782189718507,-0.08169065345393231,-0.034118627234128514,-0.09391483764556574,0.017633859799347177,-0.03322719563025772,-0.00809005145416633,-0.005504740998307103,-0.0020963609658971026,-9.781314607244236e-06
270.24,0.92,0.025,0.009797958971132711,0.5248792922602417,0.5278473586035246,0.015816752395137506,-0.1117344896102088,0.1987319589527993,-0.00048385334501432306,-0.0007430901802204985,0.0008168255172298346,-0.00041581660175937524,-9.281045037165534e-07,0.013387299227244385,-0.09457207200608074,0.16820673005764933,-0.00040953347122012305,-0.058380221980641994,0.08109192001501364,-0.15562631479275998,-0.08166308584754466,-0.03415086150943366,-0.09376640395302469,0.017594002489822284,-0.03315215646217295,-0.008089733024818462,-0.005505344662781502,-0.002092325157212424,-9.764322961020513e-06
270.4,0.92,0.025,0.009797958971132711,0.5248792922602417,0.5278473586035246,0.015697987409879672,-0.11160383338601619,0.19866565141558779,-0.0004840231342393042,-0.0007414725502893905,0.0008163771444054554,-0.00041487677395227033,-9.25678766675381e-07,0.013286776543722154,-0.09446148457792411,0.16815060735815351,-0.0004096771808201471,-0.05823334312087733,0.0810383574627823,-0.15557452632734425,-0.08163557965364385,-0.03418292349713123,-0.09361813396294134,0.017554210377923818,-0.033077239849436564,-0.00808941270433745,-0.005505949328622028,-0.002088292833009139,-9.747335762975288e-06
270.56000000000006,0.92,0.025,0.009797958971132711,0.5248792922602417,0.5278473586035246,0.015579481046380092,-0.11147324896896328,0.19859949174136768,-0.0004841925908025353,-0.0007398574078228923,0.0008159279285003684,-0.00041393848196803664,-9.232579884099277e-07,0.013186472757656111,-0.09435095792733053,0.1680946098098936,-0.0004098206088552659,-0.058086696571767675,0.08098474478263847,-0.1555228533669804,-0.08160813476144135,-0.034214813551462664,-0.09347002760438809,0.017514483371845788,-0.03300244562003024,-0.008089090485971444,-0.005506554994958046,-0.002084263997725806,-9.73035306606836e-06
270.72,0.92,0.025,0.009797958971132711,0.5248792922602417,0.5278473586035246,0.015461232906845725,-0.11134273649369496,0.19853347966360882,-0.0004843617153701886,-0.0007382447503048074,0.0008154778726144211,-0.000413001723656244,-9.208421590898705e-07,0.013086387532354223,-0.09424049216826341,0.16803873718727852,-0.00040996375588932764,-0.057940282076848,0.08093108224384023,-0.1554712957034925,-0.08158075106038584,-0.0342465320261487,-0.0933220848062174,0.0174748213801978,-0.032927773602716794,-0.008088766362952636,-0.005507161660903316,-0.002080238655813005,-9.71337492329418e-06
270.88,0.92,0.025,0.009797958971132711,0.5248792922602417,0.5278473586035246,0.0153432425938861,-0.11121229609436058,0.19846761491635584,-0.000484530508607247,-0.000736634575219468,0.0008150269798412362,-0.00041206649687629884,-9.184312689166859e-07,0.012986520531465196,-0.0941300874142668,0.16798298926520358,-0.00041010662248517385,-0.05779409937976495,0.0808773701150915,-0.1554198531291536,-0.08155342844016421,-0.034278079274389764,-0.0931743054970626,0.017435224312006444,-0.03285322362704289,-0.008088440328497268,-0.005507769325555929,-0.002076216811733573,-9.696401387681903e-06
271.03999999999996,0.92,0.025,0.009797958971132711,0.5248792922602417,0.5278473586035246,0.015225509710513195,-0.11108192790461503,0.19840189723423035,-0.0004846989711774122,-0.0007350268800517376,0.0008145752532682204,-0.00041113279949750117,-9.160253081241428e-07,0.012886871418978369,-0.09401974377846617,0.16792736581905257,-0.00041024920920456167,-0.05764814822427722,0.08082360866454293,-0.15536852543668755,-0.08152616679070265,-0.034309455648866595,-0.09302668960533844,0.01739569207671775,-0.032778795523343535,-0.008088112375805619,-0.005508377987998223,-0.0020721984699629613,-9.67943251229791e-06
271.20000000000005,0.92,0.025,0.009797958971132711,0.5248792922602417,0.5278473586035246,0.01510803386014135,-0.11095163205761968,0.19833632635243303,-0.0004848671037431438,-0.0007334216622870171,0.0008141226959765726,-0.0004102006293990866,-9.136242669781929e-07,0.01278743985922364,-0.0939094613735693,0.16787186662469933,-0.00041039151660819694,-0.057502428354255876,0.08076979815979264,-0.1553173124192706,-0.08149896600216726,-0.03434066150174063,-0.09287923705924202,0.017356224584198936,-0.03270448912274548,-0.008087782498062007,-0.0055089876472967205,-0.00206818363498952,-9.662468350246418e-06
271.36,0.92,0.025,0.009797958971132711,0.5248792922602417,0.5278473586035246,0.01499081464658723,-0.11082140868604345,0.19827090200674524,-0.00048503490696559883,-0.000731818919411248,0.0008136693110412924,-0.0004092699844702729,-9.112281357775536e-07,0.012688225516871432,-0.09379924031186719,0.1678164914585092,-0.00041053354525568287,-0.057356939513684764,0.08071593886788712,-0.1552662138705325,-0.08147182596496491,-0.03437169718465453,-0.0927319477867532,0.017316821744740425,-0.03263030425717086,-0.00808745068843476,-0.005509598302502025,-0.0020641723113148046,-9.645508954672703e-06
271.52,0.92,0.025,0.009797958971132711,0.5248792922602417,0.5278473586035246,0.014873851674069696,-0.11069125792206373,0.19820562393353203,-0.000485202381504653,-0.000730218648910917,0.0008132151015311883,-0.0004083408626103047,-9.088369048535455e-07,0.012589228056932592,-0.09368908070523475,0.1677612400973415,-0.00041067529570553834,-0.057211681446660764,0.08066203105532203,-0.15521522958455897,-0.08144474656974444,-0.034402563048732675,-0.09258482171563558,0.017277483469057706,-0.03255624075934085,-0.008087116940076227,-0.005510209952648762,-0.002060164503453871,-9.628554378763263e-06
271.68000000000006,0.92,0.025,0.009797958971132711,0.5248792922602417,0.5278473586035246,0.014757144547209711,-0.11056117989736738,0.1981404918697426,-0.0004853695280188541,-0.0007286208482730604,0.0008127600705088868,-0.00040741326172849735,-9.064505645705799e-07,0.0124904471447583,-0.09357898266513176,0.16770611231855015,-0.00041081676851515813,-0.057066653897394196,0.08060807498804297,-0.15516435935589215,-0.08141772770739691,-0.034433259444581685,-0.09243785877343699,0.01723820966829323,-0.032482298462779044,-0.008086781246122778,-0.005510822596755499,-0.002056160215935582,-9.611604675748766e-06
271.84000000000003,0.92,0.025,0.009797958971132711,0.5248792922602417,0.5278473586035246,0.014640692871030274,-0.1104311747431518,0.198075505552914,-0.0004855363471653871,-0.0007270255149852687,0.0008123042210308393,-0.0004064871797442824,-9.04069105326092e-07,0.012391882446040024,-0.09346894630260369,0.1676511078999864,-0.00041095796424078367,-0.05692185661020912,0.0805540709314463,-0.1551136029795333,-0.08139076926905708,-0.03446378672229082,-0.09229105888749033,0.017199000254018323,-0.03240847720181517,-0.008086443599694763,-0.005511436233824657,-0.002052159453302896,-9.594659898904087e-06
272.0,0.92,0.025,0.009797958971132711,0.5248792922602417,0.5278473586035246,0.014524496250956349,-0.11030124259012573,0.19801066472117188,-0.0004857028396000989,-0.00072543264653569,0.0008118475561473323,-0.0004055626145872462,-9.016925175509631e-07,0.012293533626809454,-0.09335897172828242,0.16759622661999987,-0.0004110988834375237,-0.05677728932954366,0.0805000191503799,-0.1550629602509435,-0.08136387114610374,-0.034494145231432585,-0.09214442198491415,0.017159855138234828,-0.032334776811588084,-0.00808610399389655,-0.005512050862842444,-0.00204816222011315,-9.577720101551603e-06
272.15999999999997,0.92,0.025,0.009797958971132711,0.5248792922602417,0.5278473586035246,0.014408554292814723,-0.1101713835685105,0.1979459691132322,-0.00048586900597745637,-0.0007238422404130353,0.0008113900789024948,-0.00040463956419717426,-8.993207917094074e-07,0.012195400353438381,-0.0932490590523873,0.16754146825743974,-0.0004112395266593191,-0.056632951799950405,0.08044591990914417,-0.15501243096604486,-0.08133703323016053,-0.03452433532106316,-0.09199794799261346,0.017120774233376993,-0.03226119712804942,-0.008085762421816488,-0.005512666482778769,-0.00204416852093836,-9.56078533706108e-06
272.32000000000005,0.92,0.025,0.009797958971132711,0.5248792922602417,0.5278473586035246,0.014292866602833956,-0.11004159780804079,0.19788141846840387,-0.0004860348469505006,-0.0007222542941065822,0.0008109317923343068,-0.0004037180265240925,-8.969539182994424e-07,0.012097482292638661,-0.09313920838472572,0.16748683259165706,-0.0004113798944589037,-0.056488843766096676,0.08039177347149261,-0.15496201492122275,-0.0813102554130969,-0.03455435733972286,-0.09185163683728031,0.017081757452313214,-0.03218773798796672,-0.008085418876526907,-0.00551328309258716,-0.0020401783603655023,-9.543855658852381e-06
272.48,0.92,0.025,0.009797958971132711,0.5248792922602417,0.5278473586035246,0.014177432787644257,-0.10991188543796566,0.19781701252658968,-0.0004862003631708869,-0.0007206688051061787,0.0008104726994746072,-0.0004027979995283097,-8.945918878529011e-07,0.0119997791114621,-0.09302941983469415,0.1674323194025055,-0.0004115199873878387,-0.056344964972764845,0.08033758010063274,-0.15491171191332634,-0.08128353758702857,-0.03458421163543671,-0.09170548844539454,0.01704280470834786,-0.03211439922892696,-0.00808507335108412,-0.005513900691204693,-0.0020361917429968135,-9.526931120396912e-06
272.64,0.92,0.025,0.009797958971132711,0.5248792922602417,0.5278473586035246,0.014062252454277458,-0.10978224658704969,0.19775275102828832,-0.00048636555528882046,-0.0007190857709022488,0.0008100128033491035,-0.00040187948118045047,-8.922346909356808e-07,0.011902290477300442,-0.09291969351127886,0.16737792847034325,-0.00041165980599645766,-0.05620131516485283,0.08028334005922698,-0.15486152173967033,-0.08125687964431846,-0.034613898555714895,-0.09155950274322447,0.017003915915222653,-0.032041180689339074,-0.008084725838528413,-0.005514519277551904,-0.0020322086734500338,-9.510011775218952e-06
272.80000000000007,0.92,0.025,0.009797958971132711,0.5248792922602417,0.5278473586035246,0.013947325210166834,-0.10965268138357369,0.1976886337145963,-0.0004865304239530546,-0.0007175051889857956,0.0008095521069773786,-0.00040096246946150194,-8.898823181477876e-07,0.011805016057885209,-0.09281002952305678,0.16732365957603432,-0.00041179935083386545,-0.05605789408737412,0.08022905360939318,-0.1548114441980363,-0.08123028147757735,-0.03464341844755318,-0.09141367965682762,0.01696509098711865,-0.03196808220843773,-0.008084376331884033,-0.005515138850532721,-0.0020282291563587245,-9.493097676896838e-06
272.96000000000004,0.92,0.025,0.009797958971132711,0.5248792922602417,0.5278473586035246,0.013832650663147079,-0.10952318995533591,0.1976246603272096,-0.00048669496981086353,-0.0007159270568484055,0.0008090906133729005,-0.000400046962362849,-8.875347601236585e-07,0.01170795552128769,-0.09270042797819632,0.1672695125009502,-0.0004119386224479149,-0.05591470148545844,0.08017472101270581,-0.15476147908667412,-0.08120374297966468,-0.03467277165743356,-0.09126801911205132,0.016926329838657755,-0.0318951036262861,-0.008084024824159203,-0.0055157594090343666,-0.002024253196372525,-9.476188879065138e-06
273.12,0.92,0.025,0.009797958971132711,0.5248792922602417,0.5278473586035246,0.013718228421454178,-0.10939377242965298,0.19756083060842355,-0.0004868591935080412,-0.0007143513719822527,0.0008086283255430294,-0.0003991329578863098,-8.851920075322079e-07,0.011611108535918816,-0.09259088898445829,0.1672154870269697,-0.0004120776213852061,-0.05577173710435187,0.08012034253019652,-0.15471162620430173,-0.08117726404368848,-0.03470195853132462,-0.09112252103453339,0.016887632384904216,-0.03182224478377872,-0.008083671308346084,-0.005516380951927284,-0.002020280798157434,-9.459285435415847e-06
273.28,0.92,0.025,0.009797958971132711,0.5248792922602417,0.5278473586035246,0.013604058093725302,-0.10926442893336069,0.19749714430113727,-0.0004870230956888657,-0.000712778131880104,0.000808165246489027,-0.0003982204540441756,-8.828540510770181e-07,0.011514474770529096,-0.09248141264919649,0.1671615829364826,-0.00041221634819105593,-0.05562900068941719,0.08006591842235491,-0.15466188535010872,-0.0811508445630072,-0.03473097941468205,-0.09097718534970294,0.01684899854136632,-0.031749505522644654,-0.008083315777420805,-0.005517003478065074,-0.002016311966396065,-9.442387399699709e-06
273.44000000000005,0.92,0.025,0.009797958971132711,0.5248792922602417,0.5278473586035246,0.013490139288998781,-0.10913515959281529,0.19743360114885244,-0.00048718667699608394,-0.0007112073340353216,0.0008077013792060643,-0.00039730944885924403,-8.805208814964982e-07,0.01141805389420857,-0.09237199907935886,0.16710780001238873,-0.00041235480340948545,-0.055486491986134354,0.08001144894912952,-0.15461225632375533,-0.08112448443122926,-0.03475983465244918,-0.09083201198278097,0.016810428223997812,-0.03167688568545012,-0.00808295822434343,-0.005517626986284381,-0.0020123467057879276,-9.425494825727902e-06
273.6,0.92,0.025,0.009797958971132711,0.5248792922602417,0.5278473586035246,0.013376471616713896,-0.10900596453389415,0.19737020089567617,-0.0004873499380709089,-0.0007096389759418687,0.0008072367266832304,-0.00039639994036485887,-8.781924895640678e-07,0.011321845576386642,-0.09226264838148801,0.16705413803810032,-0.00041249298758321733,-0.05534421074010057,0.07995693436992851,-0.15456273892537456,-0.08109818354221424,-0.03478852458905744,-0.09068700085878108,0.01677192134919957,-0.03160438511560167,-0.008082598642057978,-0.0055182514754048475,-0.0020083850210497,-9.40860776737377e-06
273.76,0.92,0.025,0.009797958971132711,0.5248792922602417,0.5278473586035246,0.013263054686710896,-0.10887684388199695,0.1973069432863221,-0.0004875128795529743,-0.0007080730550943124,0.0008067712919035403,-0.0003954919266049385,-8.758688660882533e-07,0.011225849486832104,-0.09215336066172222,0.16700059679754303,-0.00041263090125363746,-0.055202156697030866,0.07990237494362044,-0.1545133329555732,-0.08107194179007328,-0.03481704956842686,-0.0905421519025101,0.016733477833820835,-0.031532003657348484,-0.008082237023492396,-0.005518876944229,-0.002004426916915462,-9.391726278573693e-06
273.91999999999996,0.92,0.025,0.009797958971132711,0.5248792922602417,0.5278473586035246,0.013149888109230826,-0.10874779776204654,0.19724382806611113,-0.0004876755020803497,-0.0007065095689878286,0.000806305077843943,-0.0003945854056340141,-8.735500019127933e-07,0.011130065295652972,-0.0920441360257962,0.16694717607515647,-0.000412768544960808,-0.055060329602758265,0.07984777092853516,-0.15446403821543236,-0.0810457590691695,-0.03484540993396653,-0.09039746503856878,0.016695097595160805,-0.03145974115578537,-0.008081873361558571,-0.0055195033915421896,-0.002000472398136982,-9.374850413328752e-06
274.08000000000004,0.92,0.025,0.009797958971132711,0.5248792922602417,0.5278473586035246,0.013036971494915466,-0.10861882629848997,0.19718085498097312,-0.0004878378062894968,-0.000704948515118206,0.000805838087475331,-0.00039368037551726104,-8.712358879169418e-07,0.011034492673296451,-0.09193497457904191,0.16689387565589567,-0.0004129059192434301,-0.05491872920323418,0.07979312258246457,-0.15441485450650866,-0.08101963527411865,-0.034873606028575144,-0.0902529401913526,0.01665678055096999,-0.0313875974568553,-0.008081507649152324,-0.005520130816112505,-0.001996521469483962,-9.357980225706665e-06
274.24,0.92,0.025,0.009797958971132711,0.5248792922602417,0.5278473586035246,0.012924304454807196,-0.10848992961529938,0.19711802377744836,-0.00048799979281526063,-0.0007033898909818498,0.0008053703237625476,-0.0003927768343305327,-8.689265150154194e-07,0.010939131290548812,-0.0918258764263894,0.1668406953252323,-0.00041304302463883663,-0.05477735524452865,0.07973843016266335,-0.15436578163083547,-0.08099357029978972,-0.03490163819464149,-0.09010857728505225,0.01661852661945165,-0.03131557240735207,-0.008081139879153395,-0.005520759216690682,-0.0019925741357442943,-9.341115769842349e-06
274.4,0.92,0.025,0.009797958971132711,0.5248792922602417,0.5278473586035246,0.012811886600348954,-0.1083611078359731,0.19705533420268823,-0.00048816146229087206,-0.0007018336940757864,0.0008049017896643946,-0.00039187478016038856,-8.666218741586111e-07,0.010843980818535355,-0.09171684167236763,0.16678763486915532,-0.0004131798616829941,-0.054636207472830794,0.07968369392584995,-0.15431681939092354,-0.08096756404130528,-0.03492950677404484,-0.0899643762436544,0.01658033571926297,-0.03124366585492257,-0.008080770044425454,-0.0055213885920100325,-0.001988630401724299,-9.324257099939819e-06
274.56000000000006,0.92,0.025,0.009797958971132711,0.5248792922602417,0.5278473586035246,0.012699717543384094,-0.10823236108353647,0.19699278600445588,-0.0004883228153478932,-0.0007002799218976672,0.0008044324881336424,-0.00039097421110412766,-8.643219563328148e-07,0.010749040928720298,-0.09160787042110527,0.16673469407417146,-0.0004133164309104568,-0.054495285634449026,0.07962891412820716,-0.15426796758976125,-0.0809416163940417,-0.03495721210815559,-0.0898203369909424,0.016542207769516506,-0.031171877648069418,-0.008080398137816084,-0.005522018940786353,-0.001984690272248991,-9.307404270273866e-06
274.72,0.92,0.025,0.009797958971132711,0.5248792922602417,0.5278473586035246,0.012587796896156278,-0.10810368948054284,0.1969303789311289,-0.000488483852616218,-0.0006987285719457727,0.0008039624221170369,-0.0003900751252698198,-8.620267525601691e-07,0.010654311292906674,-0.09149896277633147,0.16668187272730753,-0.00041345273285436695,-0.054354589475811364,0.07957409102538301,-0.1542192260308169,-0.0809157272536304,-0.034984754537835644,-0.08967645945049697,0.016504142689781478,-0.031100207636153468,-0.008080024152156803,-0.005522650261717853,-0.001980753752162313,-9.290557335190505e-06
274.88,0.92,0.025,0.009797958971132711,0.5248792922602417,0.5278473586035246,0.012476124271309407,-0.10797509314907469,0.19686811273169752,-0.000488644574724074,-0.0006971796417190162,0.0008034915945553078,-0.0003891775207763321,-8.597362538988885e-07,0.010559791583236283,-0.09139011884137682,0.1666291706161088,-0.00041358876804645624,-0.054214118743465836,0.07951922487249165,-0.15417059451803725,-0.08088989651595692,-0.03501213440343894,-0.08953274354569672,0.016466140400084924,-0.031028655669395926,-0.008079648080263025,-0.005523282553485058,-0.001976820846327391,-9.273716349109221e-06
275.03999999999996,0.92,0.025,0.009797958971132711,0.5248792922602417,0.5278473586035246,0.012364699281887518,-0.10784657221074431,0.1968059871557685,-0.000488804982297964,-0.0006956331287169481,0.0008030200083831774,-0.0003882813957533571,-8.574504514434929e-07,0.010465481472189597,-0.09128133871917399,0.16657658752864246,-0.00041372453701699676,-0.05407387318408072,0.07946431592411399,-0.1541220728558505,-0.0808641240771627,-0.03503935204481196,-0.08938918919971899,0.016428200820912897,-0.03095722159888055,-0.008079269914934085,-0.005523915814750731,-0.0019728915596267417,-9.256881366524254e-06
275.20000000000005,0.92,0.025,0.009797958971132711,0.5248792922602417,0.5278473586035246,0.012253521541334628,-0.10771812678669504,0.19674400195356428,-0.0004889650759627171,-0.0006940890304397606,0.0008025476665293685,-0.0003873867483414417,-8.551693363246164e-07,0.01037138063258563,-0.09117262251225869,0.16652412325349683,-0.00041386004029484374,-0.05393385254444488,0.07940936443429861,-0.15407366084916574,-0.0808384098336447,-0.03506640780129417,-0.08924579633554043,0.01639032387321166,-0.030885905276556012,-0.008078889648953225,-0.005524550044159799,-0.00196896589696253,-9.240052442005157e-06
275.36,0.92,0.025,0.009797958971132711,0.5248792922602417,0.5278473586035246,0.01214259066349471,-0.10758975699760198,0.1966821568759238,-0.0004891248563413901,-0.0006925473443882904,0.0008020745719166131,-0.00038649357669201696,-8.528928997094365e-07,0.010277488737581924,-0.09106397032277032,0.1664717775797819,-0.00041399527840735263,-0.05379405657146808,0.07935437065656242,-0.15402535830337344,-0.08081275368205573,-0.03509330201171857,-0.08910256487593772,0.016352509478389003,-0.030814706555238235,-0.008078507275087608,-0.005525185240339256,-0.0019650438632568194,-9.22322963019895e-06
275.52,0.92,0.025,0.009797958971132711,0.5248792922602417,0.5278473586035246,0.012031906262611554,-0.10746146296367323,0.19662045167430403,-0.0004892843240552969,-0.0006910080680640242,0.0008016007274616596,-0.00038560187896741823,-8.506211328017139e-07,0.01018380546067442,-0.09095538225245303,0.16641955029713093,-0.00041413025188040333,-0.053654485012181376,0.07929933484389175,-0.1539771650243467,-0.0807871555193051,-0.03512003501441212,-0.08895949474348819,0.016314757558315046,-0.030743625288611996,-0.008078122786088276,-0.005525821401898081,-0.001961125463451758,-9.206412985831352e-06
275.68000000000006,0.92,0.025,0.009797958971132711,0.5248792922602417,0.5278473586035246,0.011921467953328635,-0.10733324480465055,0.19655888610077993,-0.0004894434797240156,-0.0006894711989691011,0.0008011261360752824,-0.0003847116533409145,-8.48354026841631e-07,0.010090330475697356,-0.09084685840265623,0.16636744119570013,-0.0004142649612384068,-0.05351513761373724,0.07924425724874272,-0.1539290808184412,-0.08076161524255865,-0.03514660714719631,-0.08881658586057053,0.016277068035323517,-0.030672661331233288,-0.008077736174690205,-0.005526458527427164,-0.0019572107025098364,-9.189602563707057e-06
275.84000000000003,0.92,0.025,0.009797958971132711,0.5248792922602417,0.5278473586035246,0.011811275350689033,-0.1072051026398105,0.19649745990804499,-0.0004896023239653162,-0.0006879367346063177,0.0008006508006622894,-0.0003838228979967331,-8.460915731064609e-07,0.009997063456823198,-0.09073839887433562,0.1663154500661693,-0.00041439940700424365,-0.053376014123410045,0.07918913812304239,-0.15388110549249573,-0.08073613274923888,-0.0351730187473876,-0.08867383814936537,0.016239440832212803,-0.030601814538531245,-0.008077347433612256,-0.0055270966154992085,-0.0019532995854141103,-9.172798418713313e-06
276.0,0.92,0.025,0.009797958971132711,0.5248792922602417,0.5278473586035246,0.011701328070135353,-0.10707703658796539,0.19643617284941306,-0.0004897608573951854,-0.000686404672479132,0.0008001747241215295,-0.00038293561113008175,-8.438337629098916e-07,0.009904004078562564,-0.09063000376805391,0.16626357669974323,-0.000414533589699285,-0.053237114288596316,0.07913397771818935,-0.15383323885383343,-0.08071070793702588,-0.03519927015179787,-0.08853125153185609,0.016201875872246856,-0.030531084766809956,-0.0080769565555572,-0.005527735664668656,-0.0019493921171683981,-9.156000605817525e-06
276.15999999999997,0.92,0.025,0.009797958971132711,0.5248792922602417,0.5278473586035246,0.01159162572750956,-0.10694904676746408,0.1963750246788172,-0.0004899190806278084,-0.0006848750100916668,0.0007996979093459024,-0.0003820497909471722,-8.415805876029655e-07,0.009811152015764093,-0.0905216731839816,0.1662118208881509,-0.000414667509843377,-0.053098437856815006,0.07907877628505461,-0.153785480710261,-0.08068534070385674,-0.035225361696735014,-0.0883888259298293,0.01616437307915624,-0.03046047187325029,-0.008076563533211706,-0.005528375673471596,-0.001945488302797519,-9.139209180072864e-06
276.32000000000005,0.92,0.025,0.009797958971132711,0.5248792922602417,0.5278473586035246,0.011482167939052941,-0.10682113329619317,0.19631401515081104,-0.0004900769942755134,-0.0006833477449487143,0.0007992203592223655,-0.0003811654356652423,-8.393320385734693e-07,0.00971850694361441,-0.0904134072218979,0.16616018242364647,-0.0004148011679547945,-0.05295998457570787,0.07902353407398231,-0.15373783087006967,-0.08066003094792618,-0.03525129371800334,-0.08824656126487564,0.016126932377139035,-0.03038997571591169,-0.008076168359246344,-0.005529016640425684,-0.0019415881473474961,-9.122424196615461e-06
276.48,0.92,0.025,0.009797958971132711,0.5248792922602417,0.5278473586035246,0.011372954321405943,-0.10669329629157775,0.19625314402056948,-0.0004902345989488155,-0.0006818228745557394,0.0007987420766319427,-0.0003802825435125801,-8.370881072465213e-07,0.009626068537637991,-0.09030520598119142,0.16610866109901,-0.0004149345645502775,-0.05282175419303972,0.07896825133479062,-0.15369028914203592,-0.08063477856768679,-0.035277066550904124,-0.0881044574583904,0.016089553690861874,-0.030319596153734082,-0.008075771026315584,-0.005529658564030052,-0.0019376916558857763,-9.10564571066873e-06
276.64,0.92,0.025,0.009797958971132711,0.5248792922602417,0.5278473586035246,0.011263984491608078,-0.10656553587058246,0.19619241104388763,-0.0004903918952563802,-0.0006803003964188837,0.0007982630644497327,-0.00037940111272854023,-8.348487850844242e-07,0.009533836473697078,-0.090197069560861,0.1660572567075465,-0.00041506770014500017,-0.05268374645669877,0.07891292831677241,-0.15364285533542044,-0.08060958346184874,-0.03530268053023606,-0.08796251443157413,0.016052236945460648,-0.030249333046539175,-0.008075371527057798,-0.0055303014427652225,-0.0019337988335014287,-9.0888737775432e-06
276.80000000000007,0.92,0.025,0.009797958971132711,0.5248792922602417,0.5278473586035246,0.011155258067097842,-0.10643785214971233,0.19613181597718285,-0.0004905488838049713,-0.0006787803080449703,0.000797783325544916,-0.00037852114156356555,-8.326140635866971e-07,0.009441810427991615,-0.09008899805951652,0.16600596904308756,-0.00041520057525252775,-0.05254596111469685,0.07885756526869607,-0.15359552925996978,-0.08058444552938045,-0.03532813599029573,-0.08782073210543338,0.016014982066541398,-0.030179186255032193,-0.008074969854095249,-0.005530945275093034,-0.001929909685305343,-9.072108452636956e-06
276.96000000000004,0.92,0.025,0.009797958971132711,0.5248792922602417,0.5278473586035246,0.01104677466571257,-0.10631024524501385,0.1960713585774936,-0.0004907055651995026,-0.0006772626069415066,0.0007973028627807653,-0.00037764262827920896,-8.303839342903732e-07,0.00934999007705912,-0.08998099157537973,0.1659547978999906,-0.000415333190384859,-0.052408397915169866,0.07880216243880638,-0.15354831072591557,-0.08055936466950828,-0.03535343326487819,-0.08767911040078127,0.015977788980181273,-0.030109155640803607,-0.008074566000034115,-0.0055315900594565415,-0.001926024216430453,-9.055349791438692e-06
277.12,0.92,0.025,0.009797958971132711,0.5248792922602417,0.5278473586035246,0.010938533905688328,-0.10618271527207586,0.19601103860248087,-0.000490861940042967,-0.0006757472906166884,0.0007968216790146512,-0.0003767655711481478,-8.281583887698637e-07,0.009258375097774602,-0.08987305020628501,0.16590374307313982,-0.00041546554605236723,-0.052271056606377944,0.0787467200748252,-0.15350119954397543,-0.08053434078171703,-0.03537857268727735,-0.08753764923823823,0.015940657612929114,-0.03003924106633028,-0.00807415995746446,-0.005532235794279931,-0.0019221424320319046,-9.03859784952707e-06
277.28,0.92,0.025,0.009797958971132711,0.5248792922602417,0.5278473586035246,0.010830535405659857,-0.10605526234603047,0.1959508558104263,-0.000491018008936444,-0.0006742343565794041,0.0007963397770980521,-0.00037588996845420357,-8.259374186372775e-07,0.009166965167350504,-0.0897651740496802,0.1658528043579448,-0.00041559764276380624,-0.05213393693670585,0.07869123842395224,-0.15345419552535167,-0.08050937376574922,-0.035403554590286504,-0.08739634853823251,0.01590358789180632,-0.029969442394977043,-0.008073751718960256,-0.00553288247796844,-0.0019182643372872787,-9.021852682573484e-06
277.44000000000005,0.92,0.025,0.009797958971132711,0.5248792922602417,0.5278473586035246,0.010722778784660379,-0.10592788658155403,0.19589080996023409,-0.0004911737724791047,-0.000672723802339239,0.0007958571598765615,-0.00037501581849235665,-8.237210155421638e-07,0.009075759963336545,-0.08965736320262734,0.16580198155034215,-0.0004157294810263142,-0.051997038654663215,0.078635717732866,-0.15340729848173265,-0.08048446352160599,-0.03542837930619885,-0.08725520822100107,0.01586657974430745,-0.02989975949099787,-0.008073341277079375,-0.005533530108908267,-0.0019143899373967519,-9.005114346341516e-06
277.6,0.92,0.025,0.009797958971132711,0.5248792922602417,0.5278473586035246,0.010615263662121545,-0.10580058809286803,0.19583090081143134,-0.0004913292312681636,-0.0006712156254064778,0.0007953738301898967,-0.0003741431195687667,-8.215091711718852e-07,0.008984759163619675,-0.08954961776180351,0.1657512744467955,-0.00041586106134537367,-0.05186036150888485,0.07858015824772428,-0.15336050822529315,-0.08045960994954693,-0.03545304716680796,-0.08711422820658996,0.0158296330984011,-0.029830192219537484,-0.008072928624363597,-0.005534178685466491,-0.0019105192375833055,-8.988382896689303e-06
277.76,0.92,0.025,0.009797958971132711,0.5248792922602417,0.5278473586035246,0.010507989657873302,-0.1056733669937402,0.19577112812416478,-0.0004914843858988894,-0.0006697098232921094,0.0007948897908719066,-0.00037327187000078425,-8.193018772516134e-07,0.008893962446423962,-0.08944193782350171,0.16570068284429307,-0.00041599238422482,-0.05172390524813114,0.07852456021416535,-0.15331382456869166,-0.08043481295008917,-0.03547755850340827,-0.08697340841485514,0.015792747882530392,-0.029760740446632305,-0.0080725137533386,-0.005534828205990961,-0.00190665224309292,-8.971658389570669e-06
277.91999999999996,0.92,0.025,0.009797958971132711,0.5248792922602417,0.5278473586035246,0.010400956392143772,-0.10554622339748515,0.1957114916592048,-0.0004916392369645732,-0.0006682063935078311,0.0007944050447505794,-0.000372402068116964,-8.170991255442773e-07,0.008803369490310489,-0.08933432348363143,0.16565020654035095,-0.00041612345016681475,-0.05158766962128812,0.07846892387730828,-0.1532672473250737,-0.08041007242400869,-0.03550191364679552,-0.0868327487654631,0.015755924025613547,-0.029691404039211486,-0.008072096656513974,-0.005535478668810245,-0.0019027889591947086,-8.954940881035126e-06
278.08000000000004,0.92,0.025,0.009797958971132711,0.5248792922602417,0.5278473586035246,0.010294163485559168,-0.10541915741696561,0.1956519911779418,-0.0004917937850565375,-0.0006667053335660509,0.0007939195946480516,-0.0003715337122570809,-8.149009078507225e-07,0.00871297997417728,-0.0892267748377197,0.16559984533300995,-0.00041625425967185337,-0.05145165437736804,0.07841324948175413,-0.15322077630806888,-0.08038538827233911,-0.03552611292726736,-0.08669224917789149,0.01571916145704456,-0.02962218286509822,-0.008071677326383211,-0.005536130072233505,-0.0018989293911811432,-8.93823042722994e-06
278.24,0.92,0.025,0.009797958971132711,0.5248792922602417,0.5278473586035246,0.010187610559143643,-0.10529216916459316,0.19559262644238798,-0.0004919480307641104,-0.000665206640979893,0.0007934334433806157,-0.00037066680077214463,-8.127072160097245e-07,0.00862279357725918,-0.08911929198091166,0.16554959902083718,-0.00041638481323874306,-0.05131585926550944,0.07835753727158642,-0.15317441133179222,-0.08036076039637219,-0.03555015667462371,-0.08655190957142972,0.015682460106693812,-0.029553076793010863,-0.008071255755423721,-0.005536782414550439,-0.0018950735443682132,-8.921527084400683e-06
278.4,0.92,0.025,0.009797958971132711,0.5248792922602417,0.5278473586035246,0.010081297234319204,-0.10516525875232931,0.1955333972151761,-0.000492101974674604,-0.0006637103132632003,0.0007929465937587282,-0.00036980133202440765,-8.105180418981051e-07,0.008532809979127774,-0.08901187500797153,0.16549946740292507,-0.0004165151113645849,-0.051180284034977576,0.07830178749037214,-0.15312815221084328,-0.08033618869765749,-0.035574045218167344,-0.08641172986517964,0.015645819904908424,-0.0294840856925636,-0.00807083193609682,-0.0055374356940311705,-0.001891221424095586,-8.904830908892526e-06
278.56000000000006,0.92,0.025,0.009797958971132711,0.5248792922602417,0.5278473586035246,0.009975223132905574,-0.1050384262916863,0.19547430325956022,-0.0004922556173733242,-0.0006622163479305393,0.0007924590485870178,-0.0003689373043873785,-8.083333774307336e-07,0.008443028859691278,-0.08890452401328329,0.16544945027889177,-0.0004166451545447816,-0.05104492843516469,0.07824600038116239,-0.15308199876030676,-0.08031167307800263,-0.03559777888670434,-0.0862717099780563,0.015609240782512815,-0.029415209434267484,-0.008070405860847746,-0.005538089908926179,-0.0018873730357267732,-8.888141957151131e-06
278.72,0.92,0.025,0.009797958971132711,0.5248792922602417,0.5278473586035246,0.009869387877120103,-0.10491167189372813,0.19541534433941268,-0.0004924089594435365,-0.0006607247424972028,0.0007919708106642933,-0.00036807471624583166,-8.061532145606654e-07,0.008353449899194456,-0.08879723909085149,0.16539954744887891,-0.0004167749432730093,-0.050909792215590235,0.07819017618649318,-0.15303595079574997,-0.08028721343947207,-0.03562135800854454,-0.08613184982878835,0.015572722670809131,-0.02934644788953124,-0.00806997752210565,-0.0055387450574661936,-0.001883528384649315,-8.8714602857241e-06
278.88,0.92,0.025,0.009797958971132711,0.5248792922602417,0.5278473586035246,0.009763791089577614,-0.10478499566907142,0.19535652021922656,-0.0004925620014664825,-0.0006592354944792141,0.0007914818827835526,-0.0003672135659958176,-8.039775452789184e-07,0.008264072778218492,-0.08869002033430205,0.16534975871355337,-0.00041690447804123085,-0.05077487512590126,0.07813431514838623,-0.15299000813322494,-0.08026280968438806,-0.03564478291150215,-0.08599214933591887,0.015536265501577644,-0.029277800930662054,-0.00806954691228361,-0.005539401137862114,-0.0018796874762749124,-8.85478595126063e-06
279.03999999999996,0.92,0.025,0.009797958971132711,0.5248792922602417,0.5278473586035246,0.00965843239329034,-0.10465839772788643,0.19529783066411338,-0.0004927147440213063,-0.0006577486013933309,0.000790992267731989,-0.00036635385204467275,-8.01806361614957e-07,0.008174897177680943,-0.08858286783688309,0.16530008387410558,-0.00041703375933963363,-0.050640176915872644,0.07807841750834979,-0.1529441705892665,-0.08023846171532989,-0.035668053922896084,-0.0858526084178059,0.015499869207077214,-0.029209268430866357,-0.008069114023778625,-0.0055400581483049174,-0.0018758503160396075,-8.838119010514277e-06
279.20000000000005,0.92,0.025,0.009797958971132711,0.5248792922602417,0.5278473586035246,0.009553311411667735,-0.10453187817989788,0.19523927543980304,-0.0004928671876851411,-0.0006562640607570487,0.0007905019682910015,-0.0003654955728110247,-7.996396556363404e-07,0.008085922778835571,-0.08847578169146557,0.1652505227322493,-0.0004171627876567035,-0.05050569733540738,0.07802248350737932,-0.1528984379808922,-0.08021416943513363,-0.03569117136955057,-0.08571322699262318,0.015463533720045488,-0.029140850264250263,-0.008068678848971625,-0.005540716086965575,-0.001872016909403914,-8.82145952034278e-06
279.36,0.92,0.025,0.009797958971132711,0.5248792922602417,0.5278473586035246,0.009448427768516432,-0.10440543713438596,0.19518085431264237,-0.00049301933303301,-0.0006547818700886053,0.0007900109872362008,-0.0003646387267248031,-7.974774194489384e-07,0.007997149263272309,-0.08836876199054429,0.1652010750902205,-0.0004172915634791396,-0.05037143613453688,0.0779665133859583,-0.1528528101256013,-0.08018993274689172,-0.035714135577795555,-0.08557400497836075,0.015427258973699358,-0.029072546305820426,-0.008068241380227478,-0.0055413749519949585,-0.0018681872618529936,-8.804807537709156e-06
279.52,0.92,0.025,0.009797958971132711,0.5248792922602417,0.5278473586035246,0.009343781088040048,-0.10427907470018723,0.1951225670495956,-0.0004931711806378428,-0.0006533020269069831,0.0007895193273374186,-0.00036378331222724293,-7.95319645197011e-07,0.007908576312917097,-0.08826180882623848,0.16515174075077774,-0.0004174200872918702,-0.0502373930634213,0.07791050738405908,-0.15280728684137507,-0.0801657515539531,-0.03573694687346724,-0.08543494229282547,0.015391044901735129,-0.02900435643148428,-0.008067801609894976,-0.005542034741523745,-0.0018643613788967702,-8.788163119682991e-06
279.68000000000006,0.92,0.025,0.009797958971132711,0.5248792922602417,0.5278473586035246,0.009239370994839142,-0.1041527909856955,0.19506441341824238,-0.000493322731070486,-0.0006518245287319139,0.0007890269913587152,-0.00036292932777089165,-7.931663250630995e-07,0.00782020361003185,-0.08815492229029268,0.16510251951720037,-0.00041754835957805934,-0.050103567872349805,0.07785446574114356,-0.15276186794667515,-0.08014162575992242,-0.0357596055819086,-0.08529603885364184,0.015354891438328796,-0.028936280518050656,-0.008067359530306868,-0.005542695453662331,-0.0018605392660700944,-8.771526323440925e-06
279.84000000000003,0.92,0.025,0.009797958971132711,0.5248792922602417,0.5278473586035246,0.009135197113911022,-0.10402658609886285,0.1950063931867774,-0.0004934739848996713,-0.0006503493730838822,0.0007885339820583881,-0.0003620767718196152,-7.910174512680984e-07,0.00773203083721429,-0.08804810247407752,0.1650534111932884,-0.0004176763808190818,-0.04996996031174077,0.07779838869616401,-0.1527165532604434,-0.08011755526865985,-0.03578211202796979,-0.08515729457825247,0.015318798518136296,-0.028868318443230203,-0.008066915133779837,-0.005543357086500746,-0.0018567209289328782,-8.75489720626753e-06
280.0,0.92,0.025,0.009797958971132711,0.5248792922602417,0.5278473586035246,0.009031259070649689,-0.10390046014720045,0.19494850612400966,-0.0004936249426920053,-0.0006488765574841291,0.000788040302188979,-0.0003612256428485991,-7.888730160713681e-07,0.007644057677397897,-0.08794134946859046,0.1650044155833618,-0.0004178041514945133,-0.04983657013214219,0.07774227648756378,-0.15267134260210122,-0.08009353998428088,-0.0358044665360087,-0.08501870938391884,0.015282766076293587,-0.028800470085635518,-0.008066468412614526,-0.005544019638108559,-0.0018529063730702163,-8.738275825556592e-06
280.15999999999997,0.92,0.025,0.009797958971132711,0.5248792922602417,0.5278473586035246,0.008927556490845668,-0.1037744132377795,0.19489075199936076,-0.0004937756050119596,-0.0006474060794546557,0.0007875459544972825,-0.0003603759393443562,-7.867330117706613e-07,0.007556283813851774,-0.08783466336445657,0.16495553249225894,-0.0004179316720821226,-0.04970339708423188,0.07768612935327814,-0.15262623579154824,-0.08006957981115552,-0.035826669429891406,-0.08488028318772183,0.01524679404841694,-0.028732735324781742,-0.008066019359095535,-0.005544683106534783,-0.001849095604092541,-8.721662238811545e-06
280.32000000000005,0.92,0.025,0.009797958971132711,0.5248792922602417,0.5278473586035246,0.008824089000685884,-0.10364844547723225,0.1948331305828641,-0.0004939259724218621,-0.0006459379365182268,0.0007870509417243544,-0.00035952765980472334,-7.845974307022714e-07,0.0074687089301805325,-0.08772804425192937,0.1649067617253362,-0.0004180589430578641,-0.0495704409188178,0.07762994753073506,-0.15258123264916168,-0.080045674653908,-0.03584872103299269,-0.0847420159065624,0.015210882370602839,-0.028665114041086286,-0.008065567965491419,-0.005545347489807791,-0.0018452886276357223,-8.70505650364691e-06
280.48,0.92,0.025,0.009797958971132711,0.5248792922602417,0.5278473586035246,0.00872085622675358,-0.10352255697175275,0.19477564164516437,-0.0004940760454819041,-0.0006444721261983742,0.0007865552666055192,-0.00035868080273886865,-7.824662652408053e-07,0.007381332710324231,-0.08762149222089154,0.16485810308846713,-0.0004181859648958837,-0.0494377013868383,0.0775737312568559,-0.15253633299579597,-0.08002182441741665,-0.03587062166819654,-0.08460390745716222,0.01517503097942824,-0.028597606115869454,-0.00806511422405471,-0.005546012785935218,-0.0018414854493612113,-8.68845867778803e-06
280.64,0.92,0.025,0.009797958971132711,0.5248792922602417,0.5278473586035246,0.008617857796028196,-0.10339674782709796,0.19471828495751559,-0.0004942258247501109,-0.0006430086460194014,0.000786058931870378,-0.00035783536666729053,-7.803395077995484e-07,0.007294154838558265,-0.08751500736085571,0.1648095563880412,-0.0004183127380684939,-0.04930517823936248,0.07751748076805631,-0.1524915366527812,-0.079998029006813,-0.03589237165789653,-0.08446595775606426,0.015139239811950594,-0.028530211431354303,-0.008064658127021911,-0.005546678992903875,-0.0018376860749561568,-8.671868819073506e-06
280.80000000000007,0.92,0.025,0.009797958971132711,0.5248792922602417,0.5278473586035246,0.008515093335885165,-0.10327101814858845,0.19466106029177976,-0.0004943753107823247,-0.000641547493506386,0.0007855619402428172,-0.0003569913501218157,-7.78217150830054e-07,0.007207174999493204,-0.08740858976096527,0.1647611214309624,-0.00041843926304615967,-0.04917287122759037,0.07746119630024682,-0.15244684344192208,-0.0799742883274813,-0.03591397132399649,-0.08432816671963349,0.015103508805707697,-0.028462929870666533,-0.008064199666613502,-0.005547346108679653,-0.0018338905101335122,-8.655286985453728e-06
280.96000000000004,0.92,0.025,0.009797958971132711,0.5248792922602417,0.5278473586035246,0.008412562474095893,-0.10314536804110948,0.1946039674204256,-0.0004945245041322112,-0.0006400886661851837,0.000785064294441016,-0.0003561487516456021,-7.760991868226084e-07,0.0071203928780747645,-0.08730223950999506,0.16471279802464825,-0.0004185655402975036,-0.04904078010285323,0.07740487808883374,-0.15240225318549688,-0.07995060228505792,-0.03593542098791085,-0.08419053426405737,0.015067837898717863,-0.02839576131783469,-0.008063738835033963,-0.005548014131207437,-0.0018300987606321656,-8.638713234994168e-06
281.12,0.92,0.025,0.009797958971132711,0.5248792922602417,0.5278473586035246,0.00831026483882756,-0.10301979760911188,0.19454700611652817,-0.0004946734053512446,-0.0006386321615824321,0.0007845659971774538,-0.0003553075697931352,-7.739856083057848e-07,0.007033808159583647,-0.0871959566963523,0.16466458597702946,-0.00041869157028929344,-0.04890890461661392,0.07734852636871992,-0.1523577657062572,-0.07992697078543128,-0.035956720970565154,-0.0840530603053466,0.015032227029479742,-0.0283287056577899,-0.00806327562447175,-0.005548683058411,-0.001826310832217027,-8.622147625873636e-06
281.28,0.92,0.025,0.009797958971132711,0.5248792922602417,0.5278473586035246,0.008208200058643039,-0.10289430695661289,0.19449017615376543,-0.000494822014988714,-0.0006371779772255542,0.0007840670511589197,-0.00035446780313022505,-7.718764078469178e-07,0.0069474205296354685,-0.08708974140807715,0.16461648509654708,-0.0004188173534864475,-0.04877724452046702,0.07729214137430544,-0.1523133808274253,-0.07990339373474044,-0.03597787159239661,-0.08391574475933569,0.014996676136972219,-0.028261762776365593,-0.008062810027099342,-0.005549352888192932,-0.0018225267306791494,-8.605590216387718e-06
281.44000000000005,0.92,0.025,0.009797958971132711,0.5248792922602417,0.5278473586035246,0.008106367762500738,-0.10276889618719716,0.19443347730641916,-0.000494970333591685,-0.0006357261106427619,0.000783567459086519,-0.00035362945023400546,-7.697715780516813e-07,0.0068612296741806245,-0.08698359373284369,0.1645684951921532,-0.00041894289035200225,-0.04864579956613926,0.07723572333948843,-0.15226909837269467,-0.07987987103937544,-0.03599887317335452,-0.08377858754168357,0.014961185160654351,-0.028194932560297474,-0.008062342035073207,-0.005550023618434522,-0.0018187464618358161,-8.589041064946884e-06
281.6,0.92,0.025,0.009797958971132711,0.5248792922602417,0.5278473586035246,0.008004767579754494,-0.10264356540401759,0.1943769093493707,-0.0004951183617050346,-0.0006342765593630594,0.000783067223655682,-0.00035279250969293135,-7.676711115643284e-07,0.006775235279504204,-0.08687751375796049,0.16452061607330737,-0.00041906818134714133,-0.0485145695054897,0.07717927249766587,-0.1522249181662269,-0.07985640260597554,-0.036019726032900774,-0.08364158856787426,0.01492575404046528,-0.028128214897223284,-0.008061871640533846,-0.005550695246995692,-0.0018149700315306708,-8.57250023007902e-06
281.76,0.92,0.025,0.009797958971132711,0.5248792922602417,0.5278473586035246,0.007903399140153438,-0.10251831470979626,0.19432047205810155,-0.0004952660998713744,-0.0006328293209162468,0.0007825663475561718,-0.0003519569801067683,-7.655750010675483e-07,0.00668943703222587,-0.08677150157037156,0.16447284754997715,-0.00041919322693113127,-0.04838355409051001,0.07712278908173426,-0.15218084003265203,-0.07983298834142952,-0.036040430490010385,-0.08350474775321738,0.014890382716823778,-0.028061609675682005,-0.008061398835605782,-0.0055513677717148775,-0.0018111974456337606,-8.55596777042854e-06
281.91999999999996,0.92,0.025,0.009797958971132711,0.5248792922602417,0.5278473586035246,0.007802262073841877,-0.10239314420682538,0.19426416520869025,-0.000495413548631108,-0.000631384392832924,0.000782064833472092,-0.00035112286008659395,-7.634832392826498e-07,0.006603834619299765,-0.086665557256657,0.16442518943263543,-0.0004193180275613698,-0.04825275307332482,0.07706627332409047,-0.152136863797066,-0.07980962815287437,-0.0360609868631719,-0.08336806501284888,0.014855071130628315,-0.027995116785113915,-0.008060923612397566,-0.00555204119040895,-0.0018074287100416709,-8.539443744758799e-06
282.08000000000004,0.92,0.025,0.009797958971132711,0.5248792922602417,0.5278473586035246,0.0077013560113591535,-0.10226805399696813,0.1942079885778113,-0.0004955607085224068,-0.0006299417726444937,0.0007815626840818947,-0.0003502901482547861,-7.613958189693544e-07,0.006518427728014388,-0.08655968090303383,0.16437764153225948,-0.00041944258369336514,-0.0481221662061919,0.07700972545663243,-0.15209298928503012,-0.07978632194769492,-0.036081395470387946,-0.08323154026173164,0.014819819223256541,-0.02792873611585969,-0.008060445963001794,-0.0055527155008731205,-0.0018036638306775795,-8.522928211951456e-06
282.24,0.92,0.025,0.009797958971132711,0.5248792922602417,0.5278473586035246,0.007600680583639504,-0.10214304418165955,0.19415194194273327,-0.0004957075800811879,-0.0006285014578831651,0.000781059902058389,-0.00034945884324502207,-7.59312732925882e-07,0.006433216045992477,-0.08645387259535665,0.16433020366032944,-0.00041956689578071747,-0.04799179324150243,0.07695314571075992,-0.1520492163225692,-0.07976306963352289,-0.036101656629175735,-0.08309517341465598,0.014784626936565286,-0.027862467559160338,-0.008059965879495118,-0.005553390700880847,-0.0017999028134913688,-8.506421231007543e-06
282.4,0.92,0.025,0.009797958971132711,0.5248792922602417,0.5278473586035246,0.0075002354220119714,-0.10201811486190757,0.19409602508131632,-0.0004958541638411052,-0.0006270634460819576,0.0007805564900687479,-0.00034862894370226425,-7.572339739889122e-07,0.006348199261190933,-0.08634813241911857,0.16428287562882615,-0.00041969096427511143,-0.04786163393178136,0.0768965343173754,-0.15200554473616995,-0.07973987111823609,-0.036121770656567465,-0.08295896438624038,0.014749494212889916,-0.027796311007156023,-0.008059483353938243,-0.005554066788183733,-0.0017961456644596764,-8.489922861047887e-06
282.56000000000006,0.92,0.025,0.009797958971132711,0.5248792922602417,0.5278473586035246,0.0074000201582002404,-0.10189326613829373,0.19404023777201101,-0.0004960004603335563,-0.0006256277347747038,0.0007800524507745176,-0.0003478004482827568,-7.55159535033583e-07,0.006263377061900684,-0.08624246045945182,0.16423565725023012,-0.00041981478962632214,-0.04773168802968762,0.07683989150688467,-0.15196197435277972,-0.07971672630995777,-0.03614173786911093,-0.08282291309093212,0.014714420995044218,-0.027730266352885835,-0.008058998378375959,-0.005554743760511439,-0.0017923923895859881,-8.473433161313921e-06
282.72,0.92,0.025,0.009797958971132711,0.5248792922602417,0.5278473586035246,0.007300034424322509,-0.10176849811097424,0.19398457979385525,-0.000496146470087684,-0.0006241943214960534,0.0007795477868316236,-0.0003469733556540129,-7.530894089734451e-07,0.006178749136746572,-0.0861368568011286,0.16418854833751909,-0.00041993837228221576,-0.047601955288014336,0.0767832175091976,-0.15191850499980444,-0.07969363511705543,-0.03616155858286986,-0.0826870194430077,0.014679407226319854,-0.027664333490286755,-0.00805851094483712,-0.00555542161557159,-0.0017886429949007026,-8.456952191168229e-06
282.88,0.92,0.025,0.009797958971132711,0.5248792922602417,0.5278473586035246,0.007200277852891386,-0.1016438108796808,0.19392905092647375,-0.0004962921936303356,-0.0006227632037814767,0.0007790425008903805,-0.0003461476644948077,-7.510235887604374e-07,0.006094315174687269,-0.08603132152856184,0.1641415487041674,-0.00042006171268871604,-0.047472435459689266,0.07672651255372911,-0.151875136505108,-0.07967059744814066,-0.03618123311342454,-0.08255128335657368,0.014644452850486047,-0.027598512314193104,-0.008058021045334674,-0.005556100351049669,-0.0017848974864611955,-8.440480010094688e-06
283.03999999999996,0.92,0.025,0.009797958971132711,0.5248792922602417,0.5278473586035246,0.007100750076813722,-0.10151920454372147,0.19387365095007422,-0.0004964376314860934,-0.0006213343791672675,0.0007785365955954984,-0.0003453233734951638,-7.489620673849414e-07,0.006010074865015135,-0.08592585472580586,0.16409465816414284,-0.00042018481128982947,-0.04734312829777484,0.0766697768693996,-0.15183186869700926,-0.07964761321206741,-0.03620076177587224,-0.08241570474556711,0.014609557811789005,-0.027532802720335366,-0.008057528671865679,-0.005556779964608942,-0.0017811558703518836,-8.424016677699834e-06
283.20000000000005,0.92,0.025,0.009797958971132711,0.5248792922602417,0.5278473586035246,0.0070014507293905,-0.10139467920198163,0.1938183796454463,-0.0004965827841772425,-0.0006199078451905469,0.0007780300735860916,-0.00034450048135634234,-7.469048378755133e-07,0.0059260278973561195,-0.08582045647655726,0.16404787653190575,-0.0004203076685276181,-0.047214033555468576,0.076613010684636,-0.15178870140428127,-0.07962468231793172,-0.03622014488482768,-0.08228028352375624,0.014574722054951486,-0.0274672046053395,-0.008057033816411294,-0.005557460453890339,-0.0017774181526842834,-8.407562253711843e-06
283.36,0.92,0.025,0.009797958971132711,0.5248792922602417,0.5278473586035246,0.006902379444316695,-0.10127023495292485,0.19376323679395882,-0.0004967276522237713,-0.0006184835993892672,0.0007775229374956868,-0.0003436789867908323,-7.448518932992983e-07,0.005842173961669651,-0.0857151268641556,0.16400120362240675,-0.0004204302848422,-0.04708515098610334,0.07655621422737233,-0.15174563445614914,-0.07960180467507054,-0.036239382754423594,-0.08214501960474115,0.014539945525172416,-0.02740171786672607,-0.008056536470936812,-0.005558141816512381,-0.001773684339597081,-8.391116797983418e-06
283.52,0.92,0.025,0.009797958971132711,0.5248792922602417,0.5278473586035246,0.00680353585568114,-0.10114587189459377,0.19370822217755707,-0.0004968722361433813,-0.0006170616393022143,0.0007770151899522298,-0.0003428588885223306,-7.428032267614339e-07,0.005758512748248517,-0.08560986597158417,0.1639546392510843,-0.00042055266067175795,-0.046956480343147505,0.07649938772505058,-0.15170266768228788,-0.07957898019306055,-0.036258475698311136,-0.0820099129019542,0.014505228168125973,-0.02733634240290868,-0.008056036627391648,-0.005558824050071063,-0.0017699544372561532,-8.374680370489462e-06
283.68000000000006,0.92,0.025,0.009797958971132711,0.5248792922602417,0.5278473586035246,0.00670491959796641,-0.10102159012461104,0.19365333557876127,-0.0004970165364514708,-0.0006156419624690116,0.0007765068335780943,-0.000342040185285736,-7.407588314055261e-07,0.00567504394771877,-0.08550467388147079,0.16390818323386355,-0.00042067479645252487,-0.04682802138020538,0.0764425314046214,-0.15165980091282114,-0.07955620878171758,-0.0362774240296604,-0.08187496332866077,0.014470569929961392,-0.027271078113193466,-0.00805553427770937,-0.005559507152139775,-0.0017662284518546452,-8.358253031330094e-06
283.84000000000003,0.92,0.025,0.009797958971132711,0.5248792922602417,0.5278473586035246,0.006606530306048669,-0.10089738974018013,0.19359857678066394,-0.0004971605536611065,-0.0006142245664301241,0.0007759978709900897,-0.00034122287582712965,-7.387187004131627e-07,0.005591767251039594,-0.08539955067608847,0.16386183538715396,-0.00042079669261876055,-0.04669977385101731,0.07638564549254483,-0.15161703397831927,-0.07953349035109555,-0.036296228061160916,-0.0817401707979599,0.014435970757302085,-0.02720592489777755,-0.008055029413807707,-0.005560191120269198,-0.0017625063896129923,-8.34183484072851e-06
284.0,0.92,0.025,0.009797958971132711,0.5248792922602417,0.5278473586035246,0.006508367615197514,-0.10077327083808628,0.19354394556692667,-0.0004973042882830624,-0.0006128094487268601,0.0007754883047994687,-0.0003404069589037605,-7.366828270043715e-07,0.0055086823495031755,-0.08529449643735623,0.16381559552784675,-0.00042091834960278406,-0.046571737509460025,0.07632873021479115,-0.15157436670979668,-0.07951082481148512,-0.03631488810502215,-0.08160553522278464,0.014401430597245083,-0.027140882657747882,-0.008054522027588551,-0.005560875951987208,-0.0017587882567789712,-8.325425859034442e-06
284.15999999999997,0.92,0.025,0.009797958971132711,0.5248792922602417,0.5278473586035246,0.006410431161075906,-0.1006492335146974,0.193489441721778,-0.0004974477408257879,-0.0006113966069013761,0.0007749781376119347,-0.0003395924332840284,-7.346512044370301e-07,0.005425788934734647,-0.08518951124683988,0.16376946347331292,-0.0004210397678349469,-0.04644391210954687,0.07627178579684159,-0.15153179893871027,-0.0794882120734128,-0.036333404472973896,-0.08147105651590297,0.014366949397360267,-0.0270759512950799,-0.008054012110937977,-0.0055615616447987765,-0.0017550740596277258,-8.309026146721433e-06
284.32000000000005,0.92,0.025,0.009797958971132711,0.5248792922602417,0.5278473586035246,0.0063127205797399435,-0.1005252778659649,0.1934350650300109,-0.0004975909117953915,-0.0006099860384966798,0.0007744673720276513,-0.00033877929774746995,-7.326238260072245e-07,0.0053430866986918886,-0.08508459518575269,0.16372343904140124,-0.0004211609477436194,-0.046316297405428045,0.07621481246368896,-0.1514893304969574,-0.07946565204763995,-0.036351777476266944,-0.08133673458991822,0.014332527105689793,-0.027011130712636392,-0.008053499655726264,-0.005562248196185885,-0.0017513638044618165,-8.292635764389232e-06
284.48,0.92,0.025,0.009797958971132711,0.5248792922602417,0.5278473586035246,0.00621523550763882,-0.1004014039874246,0.19338081527697995,-0.0004977338016956832,-0.0006085777410566325,0.0007739560106412479,-0.0003379675510847372,-7.306006850490704e-07,0.005260575333665498,-0.08497974833495618,0.16367752205043584,-0.00042128188975522633,-0.04618889315139096,0.07615781043983862,-0.1514469612168737,-0.07944314464516151,-0.03637000742567336,-0.08120256935726962,0.014298163670747198,-0.026946420814165786,-0.00805298465380789,-0.005562935603607409,-0.0017476574976112251,-8.276254772763851e-06
284.64,0.92,0.025,0.009797958971132711,0.5248792922602417,0.5278473586035246,0.006117975581614623,-0.10027761197419764,0.19332669224859866,-0.0004978764110281155,-0.000607171712125954,0.0007734440560418294,-0.0003371571920975813,-7.285817749345721e-07,0.005178254532278617,-0.0848749707749609,0.16363171231921392,-0.00042140259429419694,-0.04606169910186032,0.07610077994930901,-0.151404690931231,-0.07942068977720518,-0.03638809463148714,-0.08106856073023305,0.014263859041516686,-0.026881821504300882,-0.008052467097021572,-0.005563623864499041,-0.0017439551454333942,-8.259883232696961e-06
284.80000000000007,0.92,0.025,0.009797958971132711,0.5248792922602417,0.5278473586035246,0.006020940438902223,-0.10015390192099138,0.19327269573133646,-0.000498018740291819,-0.0006057679492502247,0.0007729315108129827,-0.000336348219598831,-7.26567089073728e-07,0.0050961239874868424,-0.08477026258592711,0.16358600966700318,-0.0004215230617829956,-0.04593471501139859,0.0760437212156326,-0.15136251947323484,-0.07939828735522975,-0.03640603940352458,-0.08093470862092156,0.014229613167452233,-0.0268173326885571,-0.00805194697719024,-0.005564312976273177,-0.0017402567543132342,-8.243521205167376e-06
284.96000000000004,0.92,0.025,0.009797958971132711,0.5248792922602417,0.5278473586035246,0.005924129717129111,-0.10003027392210018,0.19321882551221575,-0.0004981607899835612,-0.0006043664499758892,0.0007724183775327855,-0.00033554063241237686,-7.245566209143541e-07,0.00501418339257808,-0.0846656238476656,0.16354041391353943,-0.0004216432926420862,-0.04580794063470604,0.07598663446185651,-0.1513204466765224,-0.07937593729092428,-0.03642384205112486,-0.0808010129412859,0.014195425998476915,-0.02675295427333125,-0.008051424286121092,-0.0055650029363188275,-0.001736562330663163,-8.227168751280442e-06
285.12,0.92,0.025,0.009797958971132711,0.5248792922602417,0.5278473586035246,0.0058275430543153085,-0.09990672807140635,0.19316508137880972,-0.0004983025605977933,-0.0006029672118502598,0.0007719046587738134,-0.000334734429373144,-7.22550363942061e-07,0.0049324324411724775,-0.08456105463963834,0.16349492487902456,-0.00042176328728997227,-0.045681375726621176,0.07592951991054325,-0.15127847237516057,-0.07935363949620698,-0.03644150288315041,-0.08066747360311519,0.014161297484981744,-0.026688686165899343,-0.008050899015605588,-0.005565693742001517,-0.0017328718809230773,-8.210825932268805e-06
285.28,0.92,0.025,0.009797958971132711,0.5248792922602417,0.5278473586035246,0.005731180088873168,-0.0997832644623811,0.1931114631192382,-0.0004984440526266012,-0.0006015702324215198,0.0007713903571031483,-0.00033392960932707535,-7.205483116802168e-07,0.00485087082722225,-0.08445655504095936,0.16344954238412324,-0.0004218830461431553,-0.04555502004212088,0.07587237778377158,-0.15123659640364284,-0.07933139388322359,-0.03645902220798754,-0.0805340905180375,0.014127227577824973,-0.026624528274415263,-0.008050371157419467,-0.005566385390663178,-0.001729185411560396,-8.194492809492522e-06
285.44000000000005,0.92,0.025,0.009797958971132711,0.5248792922602417,0.5278473586035246,0.0056350404596072715,-0.09965988318808527,0.1930579705221653,-0.0004985852665597338,-0.0006001755092387266,0.0007708754750823855,-0.0003331261711311086,-7.185504576898763e-07,0.004769498245011595,-0.08435212513039538,0.1634042662499607,-0.0004220025696161587,-0.04542887333632068,0.07581520830313712,-0.1511948185968874,-0.07930920036434634,-0.03647640033354679,-0.08040086359752042,0.014093216228331113,-0.026560480507908938,-0.00804984070332276,-0.005567077879622074,-0.0017255029290700532,-8.178169444439481e-06
285.6,0.92,0.025,0.009797958971132711,0.5248792922602417,0.5278473586035246,0.005539123805714306,-0.09953658434117035,0.1930046033767965,-0.0004987262028845685,-0.0005987830398518149,0.0007703600152676421,-0.00033232411365315134,-7.165567955696404e-07,0.004688314389156589,-0.08424776498636659,0.16335909629812057,-0.00042212185812149885,-0.04530293536447509,0.07575801168975321,-0.15115313879023487,-0.07928705885217285,-0.03649363756726353,-0.0802677927528717,0.014059263388289882,-0.02649654277628434,-0.008049307645059817,-0.005567771206172671,-0.0017218244399744862,-8.16185589872489e-06
285.76,0.92,0.025,0.009797958971132711,0.5248792922602417,0.5278473586035246,0.005443429766782847,-0.0994133680138792,0.192951361472875,-0.0004988668620861514,-0.0005973928218116002,0.0007698439802095648,-0.0003315234357720593,-7.145673189556578e-07,0.004607318954605002,-0.08414347468694737,0.1633140323506414,-0.0004222409120697186,-0.045177205881977676,0.07570078816425155,-0.1511115568194454,-0.07926496925952455,-0.03651073421609839,-0.08013487789523976,0.014025369009955269,-0.02643271499031776,-0.008048771974359312,-0.005568465367585568,-0.0017181499508236492,-8.145552234092294e-06
285.91999999999996,0.92,0.025,0.009797958971132711,0.5248792922602417,0.5278473586035246,0.005347957982793311,-0.09929023429804712,0.19289824460067864,-0.0004990072446471496,-0.0005960048526697819,0.0007693273724533367,-0.0003307241363776096,-7.125820215216452e-07,0.004526511636636258,-0.08403925430986708,0.1632690742300144,-0.0004223597318693475,-0.04505168464436154,0.07564353794678305,-0.1510700725206964,-0.07924293149944535,-0.03652769058653771,-0.08000211893561428,0.013991533046044427,-0.02636899706165568,-0.008048233682934254,-0.0055691603611073715,-0.0017144794681949883,-8.12925851241375e-06
286.08000000000004,0.92,0.025,0.009797958971132711,0.5248792922602417,0.5278473586035246,0.005252708094117763,-0.09916718328510252,0.19284525255101675,-0.0004991473510478705,-0.0005946191299789464,0.0007688101945386866,-0.00032992621437047485,-7.106008969785691e-07,0.004445892130861275,-0.08393510393251077,0.16322422175918058,-0.0004224783179269176,-0.044926371407299354,0.07558626125701849,-0.15102868573057984,-0.07922094548520052,-0.0365445069845941,-0.07986951578482683,0.01395775544973655,-0.026305388902812702,-0.00804769276248203,-0.0055698561839606165,-0.0017108129986934282,-8.11297479568889e-06
286.24,0.92,0.025,0.009797958971132711,0.5248792922602417,0.5278473586035246,0.005157679741519783,-0.09904421506606796,0.19279238511522695,-0.0004992871817662793,-0.0005932356512925709,0.0007682924489998955,-0.00032912966866220373,-7.08623939074778e-07,0.0043654601332223444,-0.08383102363191992,0.1631794747615281,-0.0004225966706469788,-0.04480126592660376,0.07552895831414931,-0.15098739628610003,-0.07919901113027523,-0.03656118371580688,-0.0797370683535515,0.013924036174672071,-0.02624189042717001,-0.008047149204684382,-0.005570552833343655,-0.0017071505489513871,-8.096701146046377e-06
286.4,0.92,0.025,0.009797958971132711,0.5248792922602417,0.5278473586035246,0.005062872566154313,-0.09892132973156091,0.1927396420851711,-0.0004994267372779545,-0.0005918544141650255,0.0007677741383658047,-0.00032833449817518356,-7.066511415959023e-07,0.0042852153399930105,-0.08372701348479315,0.16313483306088883,-0.0004227147904320607,-0.04467636795822755,0.07547162933688832,-0.1509462040246702,-0.07917712834837293,-0.0365777210852426,-0.07960477655230537,0.013890375174951064,-0.026178501548972374,-0.00804660300120746,-0.00557125030643056,-0.0017034921256287073,-8.080437625743412e-06
286.56000000000006,0.92,0.025,0.009797958971132711,0.5248792922602417,0.5278473586035246,0.004968286209567525,-0.09879852737179468,0.19268702325323292,-0.0004995660180561266,-0.0005904754161515777,0.000767255265159824,-0.00032754070184262094,-7.046824983646156e-07,0.004205157447777954,-0.08362307356748702,0.16309029648153636,-0.00042283267768270557,-0.04455167725826385,0.07541427454347045,-0.15090510878411084,-0.07915529705341431,-0.03659411939749545,-0.07947264029144914,0.013856772405132417,-0.026115222183326615,-0.008046054143701823,-0.005571948600371031,-0.0016998377354126638,-8.064184297165393e-06
286.72,0.92,0.025,0.009797958971132711,0.5248792922602417,0.5278473586035246,0.004873920313696693,-0.09867580807657925,0.19263452841231346,-0.0004997050245716529,-0.0005890986548083945,0.0007667358318999386,-0.0003267482786085099,-7.02718003240754e-07,0.004125286153512881,-0.08351920395601668,0.16304586484818212,-0.00042295033279744705,-0.044427193582946535,0.07535689415165353,-0.15086411040264594,-0.07913351715953552,-0.036610378956687846,-0.07934065948118767,0.013823227820232504,-0.026052052246199067,-0.008045502623802454,-0.005572647712290276,-0.0016961873850179262,-8.047941222826833e-06
286.88,0.92,0.025,0.009797958971132711,0.5248792922602417,0.5278473586035246,0.0047797745208700265,-0.09855317193532216,0.19258215735582826,-0.0004998437572930121,-0.0005877241276925465,0.000766215841098718,-0.00032595722742760386,-7.007576501210922e-07,0.00404560115446439,-0.08341540472605669,0.16300153798597306,-0.0004230677561728054,-0.04430291668865032,0.07529948837871896,-0.15082320871890104,-0.07911178858108699,-0.036626500066470856,-0.07920883403157075,0.01378974137572398,-0.02598899165441334,-0.008044948433128791,-0.0055733476392889345,-0.0016925410811865253,-8.031708465370618e-06
287.03999999999996,0.92,0.025,0.009797958971132711,0.5248792922602417,0.5278473586035246,0.004685848473806501,-0.09843061903702942,0.19252990987770333,-0.0004999822166863404,-0.0005863518323620101,0.0007656952952633225,-0.0003251675472653857,-6.988014329394309e-07,0.0039661021482298225,-0.0833116759529417,0.1629573157204881,-0.0004231849482033185,-0.04417884633189103,0.0752420574414725,-0.1507824035718998,-0.07909011123263161,-0.03664248303002471,-0.07907716385249335,0.013756313027534522,-0.025926040325647923,-0.008044391563284731,-0.005574048378442957,-0.0016888988306878164,-8.015486087569256e-06
287.20000000000005,0.92,0.025,0.009797958971132711,0.5248792922602417,0.5278473586035246,0.004592141815615792,-0.09830814947030624,0.19247778577237165,-0.0005001204032153599,-0.0005849817663756715,0.0007651741968955115,-0.00032437923709803626,-6.968493456661958e-07,0.0038867888327372064,-0.0832080177116672,0.16291319787773537,-0.0004233019092814807,-0.044054982269325915,0.07518460155624497,-0.15074169480106145,-0.07906848502894358,-0.03665832815005922,-0.07894564885369648,0.013722942732045492,-0.025863198178433706,-0.008043832005858667,-0.0055747499268035215,-0.0016852606403184357,-7.999274152322643e-06
287.36,0.92,0.025,0.009797958971132711,0.5248792922602417,0.5278473586035246,0.004498654189798052,-0.09818576332335806,0.19242578483476985,-0.0005002583173414889,-0.0005836139272933293,0.0007646525484916513,-0.0003235922959124057,-6.949013823086707e-07,0.003807660906245071,-0.08310443007689026,0.1628691842841492,-0.0004234186397978362,-0.04393132425775382,0.07512712093889305,-0.15070108224619821,-0.07904690988500676,-0.03667403572881437,-0.07881428894476765,0.01368963044609071,-0.02580046513215166,-0.00804326975242348,-0.005575452281396907,-0.0016816265169022622,-7.983072722660684e-06
287.52,0.92,0.025,0.009797958971132711,0.5248792922602417,0.5278473586035246,0.004405385240243788,-0.09806346068399126,0.1923739068603336,-0.0005003959595237116,-0.000582248312675698,0.0007641303525427226,-0.0003228067227059776,-6.929575369106677e-07,0.0037287180673423424,-0.0830009131229302,0.16282527476658637,-0.00042353514014086956,-0.04380787205411544,0.07506961580479994,-0.1506605657475115,-0.07902538571601289,-0.03668960606806073,-0.07868308403514142,0.01365637612695496,-0.025737841107030007,-0.008042704794536592,-0.005576155439224426,-0.0016779964672903574,-7.966881861740898e-06
287.68000000000006,0.92,0.025,0.009797958971132711,0.5248792922602417,0.5278473586035246,0.004312334611233735,-0.09794124163961415,0.1923221516449948,-0.0005005333302186798,-0.0005808849200844108,0.0007636076115343281,-0.0003220225164868397,-6.91017803552562e-07,0.0036499600149482335,-0.08289746692376943,0.1627814691523236,-0.00042365141069709063,-0.04368462541549356,0.07501208636887613,-0.15062014514558997,-0.07900391243736046,-0.03670503946909994,-0.07855203403410002,0.01362317973237272,-0.025675326024141857,-0.008042137123739954,-0.005576859397262294,-0.0016743704983609173,-7.95070163284988e-06
287.84000000000003,0.92,0.025,0.009797958971132711,0.5248792922602417,0.5278473586035246,0.0042195019474386775,-0.09781910627723778,0.19227051898517689,-0.000500670429880668,-0.0005795237470820228,0.0007630843279467006,-0.00032123967627365043,-6.890821763512291e-07,0.003571386448312097,-0.08279409155305406,0.16273776726905373,-0.0004237674518509974,-0.043561584099113336,0.07495453284556018,-0.15057982028140557,-0.07898248996465272,-0.036720336232765244,-0.07842113885077394,0.013590041220526776,-0.02561291980540257,-0.008041566731560092,-0.005577564152461539,-0.0016707486170192268,-7.934532099403088e-06
288.0,0.92,0.025,0.009797958971132711,0.5248792922602417,0.5278473586035246,0.0041268868939193315,-0.09769705468347673,0.192219008677791,-0.0005008072589615776,-0.0005781647912320146,0.0007625605042547104,-0.000320458201095602,-6.87150649459842e-07,0.0034929970670133223,-0.0826907870840947,0.1626941689448823,-0.0004238832639850793,-0.043438747862342475,0.07489695544881933,-0.1505395909963109,-0.07896111821369607,-0.036735496659421905,-0.0782903983941424,0.01355696055004663,-0.025550622373566794,-0.008040993609508114,-0.005578269701747906,-0.001667130830197581,-7.91837332494417e-06
288.15999999999997,0.92,0.025,0.009797958971132711,0.5248792922602417,0.5278473586035246,0.004034489096126181,-0.09757508694455005,0.19216762052023342,-0.0005009438179109454,-0.0005768080500987942,0.0007620361429278726,-0.0003196780899923871,-6.852232170677169e-07,0.0034147915709612,-0.08258755358986718,0.16265067400832559,-0.0004239988474798242,-0.04331611646269147,0.07483935439215036,-0.15049945713203683,-0.07893979710049907,-0.03675052104896775,-0.07815981257303406,0.013523937680007099,-0.025488433652225827,-0.008040417749079733,-0.005578976042021734,-0.0016635171448552127,-7.902225373144551e-06
288.32000000000005,0.92,0.025,0.009797958971132711,0.5248792922602417,0.5278473586035246,0.003942308199899311,-0.09745320314628218,0.19211635431037932,-0.0005010801071759352,-0.0005754535212477015,0.0007615112464303557,-0.0003188993420141649,-6.832998734003919e-07,0.003336769660394777,-0.08248439114301324,0.16260728228830507,-0.0004241142027137116,-0.04319368965781391,0.07478172988858031,-0.15045941853068787,-0.07891852654126986,-0.03676540970083363,-0.0780293812961275,0.01349097256992689,-0.02542635356580489,-0.008039839141755292,-0.005579683170157886,-0.0016599075679782545,-7.886088307804358e-06
288.48,0.92,0.025,0.009797958971132711,0.5248792922602417,0.5278473586035246,0.0038503438514683112,-0.09733140337410359,0.19206520984658015,-0.000501216127201352,-0.0005741012022450105,0.0007609858172209884,-0.0003181219562215225,-6.81380612719357e-07,0.0032589310358827786,-0.08238129981584129,0.16256399361414545,-0.0004242293300632243,-0.04307146720550661,0.07472408215066709,-0.1504194750347401,-0.07889730645241502,-0.03678016291398391,-0.07789910447195178,0.013458065179766937,-0.02536438203956007,-0.008039257778999779,-0.005580391083005611,-0.0016563021065796382,-7.869962192851337e-06
288.64,0.92,0.025,0.009797958971132711,0.5248792922602417,0.5278473586035246,0.003758595697452051,-0.09720968771305184,0.19201418692765937,-0.0005013518784296198,-0.0005727510906579321,0.0007604598577532678,-0.00031734593168543965,-6.794654293220574e-07,0.0031812753983234163,-0.08227827968032708,0.1625208078155709,-0.0004243442299028302,-0.04294944886370993,0.07466641139050036,-0.1503796264870376,-0.07887613675053781,-0.036794780986916936,-0.07776898200888703,0.013425215469928926,-0.025302518999575495,-0.008038673652262861,-0.005581099777388464,-0.0016527007676990265,-7.853847092341104e-06
288.80000000000007,0.92,0.025,0.009797958971132711,0.5248792922602417,0.5278473586035246,0.0036670633848586154,-0.09708805624777236,0.19196328535290844,-0.0005014873613008242,-0.0005714031840546182,0.0007599333704753663,-0.00031657126748724945,-6.775543175416815e-07,0.0031038024489443324,-0.08217533080811454,0.16247772472270172,-0.00042445890260501764,-0.04282763439050797,0.07460871781970217,-0.1503398727307897,-0.07885501735243658,-0.03680926421766552,-0.07763901381516501,0.013392423401253632,-0.025240764372760217,-0.008038086752978891,-0.005581809250104196,-0.0016491035584027226,-7.837743070456713e-06
288.96000000000004,0.92,0.025,0.009797958971132711,0.5248792922602417,0.5278473586035246,0.0035757465610850724,-0.09696650906251926,0.19191250492208176,-0.0005016225762526592,-0.0005700574800041637,0.0007594063578301403,-0.0003157979627186026,-6.756472717471962e-07,0.0030265118893024055,-0.08207245327051631,0.16243474416605,-0.0004245733485402507,-0.04270602354412881,0.07455100164942773,-0.1503002136095667,-0.07883394817510264,-0.03682361290379746,-0.07750919979886972,0.01335968893501939,-0.02517911808684535,-0.008037497072566945,-0.0055825194979246505,-0.0016455104857836039,-7.821650191508791e-06
289.12,0.92,0.025,0.009797958971132711,0.5248792922602417,0.5278473586035246,0.0034846448739173693,-0.09684504624115625,0.19186184543539356,-0.0005017575237204844,-0.0005687139760766103,0.000758878822255137,-0.00031502601648142575,-6.737442863430267e-07,0.0029494034212836613,-0.08196964713851465,0.1623918659765171,-0.000424687568077018,-0.042584616082944726,0.07449326309036614,-0.15026064896729757,-0.07881292913571897,-0.036837827342415974,-0.0773795398679379,0.013327012032940348,-0.025117580070380754,-0.008036904602430835,-0.005583230517595663,-0.0016419215569610094,-7.805568519934594e-06
289.28,0.92,0.025,0.009797958971132711,0.5248792922602417,0.5278473586035246,0.0033937579715301873,-0.09672366786715743,0.19181130669351287,-0.0005018922041372876,-0.0005673726698429488,0.0007583507661826023,-0.0003142554278878831,-6.718453557690934e-07,0.0028724767471031507,-0.08186691248276205,0.1623490899853893,-0.0004248015615818002,-0.04246341176547245,0.07443550235274103,-0.15022117864826598,-0.0787919601516581,-0.03685190783016022,-0.07725003393015957,0.013294392657164816,-0.02505615025273198,-0.00803630933395914,-0.005583942305836952,-0.0016383367790806591,-7.789498120298252e-06
289.44000000000005,0.92,0.025,0.009797958971132711,0.5248792922602417,0.5278473586035246,0.0033030855024867574,-0.09660237402360819,0.19176088849755948,-0.0005020266179337124,-0.0005660335588751228,0.0007578221920394887,-0.0003134861960603344,-6.699504745006957e-07,0.0027957315693047918,-0.08176424937358198,0.16230641602433435,-0.00042491532941909416,-0.0423424103503734,0.07437771964631147,-0.15018180249710725,-0.07877104114048056,-0.036865854663205785,-0.07712068189317871,0.013261830770273516,-0.02499482856407691,-0.00803571125852523,-0.0055846548593420165,-0.0016347561593145433,-7.773439057290623e-06
289.6,0.92,0.025,0.009797958971132711,0.5248792922602417,0.5278473586035246,0.003212627115738725,-0.09648116479320602,0.19171059064909965,-0.0005021607655380191,-0.000564696640746031,0.0007572931022474622,-0.000312718320131299,-6.68059637048263e-07,0.002719167590761257,-0.08166165788096959,0.16226384392539794,-0.0004250288719513794,-0.04222161159645385,0.07431991518037254,-0.15014252035880482,-0.07875017201993302,-0.0368796681372651,-0.07699148366449365,0.013229326335278034,-0.02493361493540291,-0.008035110367487277,-0.005585368174778037,-0.0016311797048608474,-7.757391395728042e-06
289.76,0.92,0.025,0.009797958971132711,0.5248792922602417,0.5278473586035246,0.003122382460625996,-0.09636004025826134,0.1916604129501414,-0.0005022946473761586,-0.0005633619130295308,0.0007567634992229107,-0.0003119517992434068,-6.661728379573501e-07,0.002642784514673843,-0.0815591380745924,0.1622213735209997,-0.0004251421895391806,-0.042101015262665215,0.07426208916375601,-0.1501033320786867,-0.07872935270794633,-0.036893348547588016,-0.0768624391514578,0.013196879315618753,-0.024872509298502914,-0.008034506652188305,-0.005586082248785764,-0.00162760742294381,-7.741355200553087e-06
289.91999999999996,0.92,0.025,0.009797958971132711,0.5248792922602417,0.5278473586035246,0.003032351186876587,-0.09623900050069842,0.19161035520313002,-0.0005024282638716948,-0.0005620293733004411,0.0007562333853769509,-0.0003111866325493606,-6.642900718084691e-07,0.0025665820445723436,-0.08145669002379115,0.16217900464392926,-0.00042525528254100246,-0.04198062110810427,0.0742042418048313,-0.1500642375024219,-0.07870858312263368,-0.036906896188962215,-0.07673354826128005,0.013164489675163262,-0.024811511585972404,-0.008033900103956186,-0.005586797077979418,-0.001624039320813638,-7.725330536833382e-06
290.08000000000004,0.92,0.025,0.009797958971132711,0.5248792922602417,0.5278473586035246,0.0029425329446064624,-0.09611804560205615,0.19156041721094458,-0.0005025616154458798,-0.0005606990191345449,0.0007557027631154365,-0.00031042281921189263,-6.624113332169684e-07,0.0024905598843149098,-0.08135431379758033,0.1621367371273435,-0.00042536815131339267,-0.0418604288920134,0.074146373311506,-0.1500252364760177,-0.07868786318228921,-0.036920311355713754,-0.0766048109010255,0.013132157378204496,-0.02475062173120597,-0.008033290714103688,-0.005587512658946582,-0.001620475405746379,-7.70931746976176e-06
290.24,0.92,0.025,0.009797958971132711,0.5248792922602417,0.5278473586035246,0.002852927384319383,-0.09599717564348888,0.19151059877689194,-0.0005026947025175997,-0.0005593708481085924,0.0007551716348389654,-0.00030966035840371953,-6.605366168329791e-07,0.002414717738087926,-0.08125200946464899,0.16209457080476136,-0.00042548079621089637,-0.04174043837378073,0.07408848389122662,-0.14998632884581503,-0.07866719280538549,-0.03693359434170749,-0.0764762269776158,0.013099882389458861,-0.02468983966839372,-0.008032678473928493,-0.0055882289882480994,-0.001616915685043813,-7.69331606465583e-06
290.4,0.92,0.025,0.009797958971132711,0.5248792922602417,0.5278473586035246,0.0027635341569067556,-0.09587639070576734,0.19146089970470256,-0.0005028275255033998,-0.0005580448578003044,0.0007546400029428874,-0.0003088992493074991,-6.586659173410364e-07,0.002339055310405878,-0.08114977709336148,0.16205250551006026,-0.00042559321758607756,-0.041620649312940475,0.07403057375097945,-0.1499475144584851,-0.0786465719105718,-0.0369467454403476,-0.07634779639782992,0.013067664674064356,-0.024629165332517824,-0.008032063374713221,-0.005588946062417964,-0.0016133601660333287,-7.677326386956417e-06
290.56000000000006,0.92,0.025,0.009797958971132711,0.5248792922602417,0.5278473586035246,0.0026743529136474633,-0.09575569086927935,0.1914113197985273,-0.0005029600848175297,-0.0005567210457883746,0.0007541078698173114,-0.0003081394911157822,-6.56799229460259e-07,0.002263572306111213,-0.08104761675175805,0.1620105410774735,-0.0004257054157895572,-0.04150106146917303,0.07397264309729103,-0.149908793161027,-0.07862600041667271,-0.03695976494457804,-0.07621951906830451,0.013035504197578584,-0.02456859865934869,-0.00803144540772546,-0.005589663877963222,-0.001609808856067772,-7.661348502228962e-06
290.72,0.92,0.025,0.009797958971132711,0.5248792922602417,0.5278473586035246,0.002585383306207728,-0.09563507621403078,0.1913618588629306,-0.0005030923808718561,-0.0005553994096524731,0.0007535752378471139,-0.00030738108303097344,-6.549365479440525e-07,0.0021882684303742212,-0.08094552850755565,0.1619686773415845,-0.00042581739116993904,-0.04138167460230534,0.07391469213622914,-0.1498701648007623,-0.07860547824268545,-0.03697265314688305,-0.07609139489553461,0.01300340092597705,-0.0245081395854418,-0.00803082456421779,-0.00559038243136386,-0.0016062617625253637,-7.645382476161615e-06
290.88,0.92,0.025,0.009797958971132711,0.5248792922602417,0.5278473586035246,0.002496624986640961,-0.09551454681964634,0.1913125167028874,-0.0005032244140759501,-0.0005540799469732488,0.0007530421094119453,-0.00030662402426527807,-6.530778675799696e-07,0.0021131433886929095,-0.08084351242814866,0.1619269141373239,-0.0004259291440738842,-0.041262488472311,0.07385672107340338,-0.14983162922533258,-0.07858500530777851,-0.03698541033928761,-0.07596342378587409,0.01297135482565093,-0.024447788048133537,-0.008030200835427817,-0.0055911017190727,-0.0016027188928095203,-7.62942837456524e-06
291.03999999999996,0.92,0.025,0.009797958971132711,0.5248792922602417,0.5278473586035246,0.002408077607387554,-0.09539410276537039,0.19126329312377738,-0.0005033561848370517,-0.0005527626553323324,0.0007525084868862385,-0.00030586831404065757,-6.51223183189598e-07,0.002038196886892826,-0.0807415685806095,0.16188525129996517,-0.00042604067484608064,-0.04114350283931053,0.07379873011396584,-0.1497931862826951,-0.07856458153128927,-0.03699803681335795,-0.07583560564553626,0.01293936586340518,-0.024387543985537576,-0.008029574212578192,-0.005591821737515297,-0.0015991802543487339,-7.61348626337279e-06
291.20000000000005,0.92,0.025,0.009797958971132711,0.5248792922602417,0.5278473586035246,0.002319740821274798,-0.09527374413006783,0.19121418793138123,-0.000503487693560092,-0.0005514475323123398,0.0007519743726392159,-0.00030511395158878306,-6.49372489628465e-07,0.001963428631126989,-0.08063969703168941,0.16184368866512108,-0.0004261519838292619,-0.0410247174635716,0.073740719462612,-0.14975483582111979,-0.07854420683272248,-0.037010532860202006,-0.0757079403805944,0.012907434006456567,-0.024327407336541235,-0.008028944686876644,-0.00559254248308983,-0.0015956458545964285,-7.597556208639067e-06
291.36,0.92,0.025,0.009797958971132711,0.5248792922602417,0.5278473586035246,0.002231614281516675,-0.09515347099222485,0.1911652009318747,-0.0005036189406476639,-0.0005501345754968738,0.000751439769034897,-0.0003043609361509865,-6.475257817857401e-07,0.0018888383278757137,-0.08053789784781912,0.16180222606873876,-0.0004262630713641827,-0.040906132105509245,0.07368268932358121,-0.1497165776891845,-0.07852388113174777,-0.03702289877046993,-0.07558042789698227,0.012875559222431592,-0.02426737804080154,-0.008028312249516011,-0.00559326395216699,-0.00159211570103082,-7.581638276539127e-06
291.52,0.92,0.025,0.009797958971132711,0.5248792922602417,0.5278473586035246,0.002143697641713693,-0.09503328342994985,0.19111633193182487,-0.0005037499265000794,-0.0005488237824705286,0.0007509046784321063,-0.0003036092669782108,-6.456830545844183e-07,0.00181442568394647,-0.08043617109510956,0.16176086334709658,-0.00042637393778966723,-0.04078774652568603,0.07362463990065765,-0.14967841173577232,-0.07850360434819814,-0.03703513483435457,-0.07545306810049475,0.012843741479364408,-0.02420745603874126,-0.00802767689167427,-0.00559398614108989,-0.0015885898011547518,-7.565732533369755e-06
291.68000000000006,0.92,0.025,0.009797958971132711,0.5248792922602417,0.5278473586035246,0.0020559905558527633,-0.09491318152097424,0.19106758073818417,-0.0005038806515153248,-0.0005475151508188913,0.00075036910318448,-0.00030285894333095977,-6.438443029806443e-07,0.0017401904064737789,-0.0803345168393526,0.16171960033679908,-0.0004264845834425709,-0.04066956048481234,0.07356657139717086,-0.14964033781006666,-0.0784833764020675,-0.03704724134159189,-0.07532586089678826,0.012811980745694644,-0.024147641271544947,-0.008027038604514555,-0.00559470904617394,-0.0015850681624955444,-7.549839045545698e-06
291.84000000000003,0.92,0.025,0.009797958971132711,0.5248792922602417,0.5278473586035246,0.001968492678307017,-0.09479316534265324,0.19101894715828663,-0.0005040111160890938,-0.0005462086781285452,0.0007498330456404746,-0.0003021099644792512,-6.420095219642585e-07,0.0016661322029190592,-0.0802329351460217,0.16167843687477382,-0.000426595008657809,-0.04055157374374657,0.07350848401599655,-0.14960235576154846,-0.07846319721350904,-0.03705921858146155,-0.07519880619138139,0.012780276990265476,-0.02408793368115514,-0.0080263973791852,-0.00559543266370675,-0.0015815507926048476,-7.533957879602874e-06
292.0,0.92,0.025,0.009797958971132711,0.5248792922602417,0.5278473586035246,0.0018812036638356604,-0.09467323497196672,0.19097043099984232,-0.000504141320614788,-0.0005449043619870728,0.0007492965081433729,-0.000301362329702562,-6.401787065579103e-07,0.0015922507810705031,-0.08013142608027264,0.16163737279826654,-0.00042670521376835663,-0.04043378606349534,0.07345037795955728,-0.14956446543999183,-0.07844306670283303,-0.037071066842787284,-0.07507190388965543,0.01274863018232125,-0.02402833321026806,-0.008025753206819761,-0.005596156989948017,-0.00157803769905846,-7.5180891021937805e-06
292.15999999999997,0.92,0.025,0.009797958971132711,0.5248792922602417,0.5278473586035246,0.0017941231675838013,-0.09455339048552011,0.19092203207093192,-0.0005042712654835246,-0.0005436021999830586,0.0007487594930312933,-0.00030061603828977887,-6.383518518175483e-07,0.0015185458490429295,-0.08002998970694422,0.1615964079448368,-0.00042681519910525527,-0.040316197205213705,0.07339225342982322,-0.14952666669545975,-0.07842298479050451,-0.03708278641393749,-0.07494515389685488,0.012717040291505449,-0.02396883980232961,-0.00802510607853705,-0.0055968820211294255,-0.0015745288894561764,-7.502232780090227e-06
292.32000000000005,0.92,0.025,0.009797958971132711,0.5248792922602417,0.5278473586035246,0.0017072508450822798,-0.09443363195954503,0.1908737501800025,-0.0005044009510841355,-0.0005423021897060915,0.000748222002637196,-0.0002998710895391465,-6.365289528317726e-07,0.0014450171152776416,-0.07992862609055892,0.16155554215235413,-0.00042692496499761233,-0.04019880693020535,0.07333411062831276,-0.14948895937830084,-0.07840295139714155,-0.03709437758282561,-0.07481855611808803,0.012685507287858437,-0.023909453401531305,-0.008024455985441178,-0.005597607753454538,-0.0015710243714216145,-7.486388980179948e-06
292.48,0.92,0.025,0.009797958971132711,0.5248792922602417,0.5278473586035246,0.0016205863522475543,-0.09431395946990037,0.1908255851358627,-0.0005045303778031488,-0.000541004328746768,0.0007476840392888909,-0.00029912748275821475,-6.347100047220394e-07,0.00137166428854233,-0.07982733529532368,0.1615147752589942,-0.00042703451177258516,-0.040081614999922875,0.07327594975609338,-0.14945134333914553,-0.07838296644351328,-0.037105840636910685,-0.07469211045832745,0.01265403114181527,-0.02385017395280603,-0.008023802918621554,-0.00559833418309867,-0.0015675241526020365,-7.470557769467523e-06
292.64,0.92,0.025,0.009797958971132711,0.5248792922602417,0.5278473586035246,0.001534129345381474,-0.09419437309207289,0.19077753674767653,-0.0005046595460248694,-0.0005397086146966951,0.0007471456053090451,-0.000298385217263783,-6.328950026423809e-07,0.0012984870779308797,-0.0797261173851305,0.16147410710323343,-0.0004271438397554495,-0.039964621175967906,0.0732177710137822,-0.14941381842890128,-0.07836302985053731,-0.037117175863197786,-0.07456581682241056,0.01262261182420331,-0.023791001401823608,-0.008023146869152956,-0.005599061306208815,-0.0015640282406681665,-7.45473921507362e-06
292.80000000000007,0.92,0.025,0.009797958971132711,0.5248792922602417,0.5278473586035246,0.0014478794811711559,-0.09407487290117818,0.19072960482495932,-0.0005047884561312984,-0.0005384150451484925,0.0007466067030151903,-0.00029764429238185035,-6.310839417791303e-07,0.0012254851928632665,-0.07962497242355722,0.16143353752384557,-0.00042725294926953096,-0.0398478252200914,0.0731595746015468,-0.14937638449874935,-0.07834314153927802,-0.03712838354823854,-0.07443967511504017,0.012591249306240138,-0.02373193569498684,-0.008022487828095533,-0.005599789118903503,-0.0015605366433140229,-7.438933384232879e-06
292.96000000000004,0.92,0.025,0.009797958971132711,0.5248792922602417,0.5278473586035246,0.0013618364166888412,-0.09395545897196139,0.1906817891775721,-0.0005049171085021934,-0.0005371236176957963,0.0007460673347197301,-0.0002969047074475582,-6.292768173508969e-07,0.0011526583430854353,-0.07952390047386812,0.16139306635989703,-0.0004273618406362565,-0.039731226894193776,0.0731013607191059,-0.14933904140014045,-0.07832330143094436,-0.03713946397813153,-0.07431368524078502,0.012559943559531085,-0.02367297677942692,-0.008021825786494857,-0.005600517617272719,-0.0015570493682567192,-7.423140344294251e-06
293.12,0.92,0.025,0.009797958971132711,0.5248792922602417,0.5278473586035246,0.001275999809391673,-0.09383613137879816,0.19063408961571643,-0.0005050455035150513,-0.0005358343299332605,0.000745527502729948,-0.000296166461805136,-6.274736246084285e-07,0.001080006238669112,-0.07942290159901477,0.1613526934507424,-0.0004274705141751395,-0.039614825960325194,0.07304312956573004,-0.1493017889847907,-0.07830350944688755,-0.03715041743852292,-0.07418784710408025,0.012528694556066982,-0.02361412460299913,-0.008021160735381947,-0.005601246797377773,-0.0015535664232362793,-7.407360162720106e-06
293.28,0.92,0.025,0.009797958971132711,0.5248792922602417,0.5278473586035246,0.0011903693171215989,-0.09371689019569533,0.19058650594992976,-0.0005051736415451349,-0.0005345471794565612,0.0007449872093480142,-0.00029542955480784565,-6.25674358834269e-07,0.0010075285900117213,-0.07932197586163653,0.16131241863602055,-0.0004275789702038022,-0.03949862218068572,0.07298488134024235,-0.14926462710467797,-0.07828376550859921,-0.037161244214606766,-0.07406216060922803,0.012497502268221758,-0.02355537911427837,-0.008020492665773307,-0.0056019766552512056,-0.0015500878160154383,-7.391592907084575e-06
293.44000000000005,0.92,0.025,0.009797958971132711,0.5248792922602417,0.5278473586035246,0.0011049445981051492,-0.0935977354962918,0.19053903799107963,-0.000505301522965447,-0.000533262163862398,0.0007444464568709931,-0.0002946939858179255,-6.238790153428899e-07,0.0009352251078361983,-0.07922112332406138,0.1612722417556498,-0.00042768720903795437,-0.03938261531762553,0.07292661624101916,-0.14922755561203735,-0.07826406953770906,-0.0371719445911256,-0.07393662566039803,0.012466366668750107,-0.023496740262554733,-0.00801982156867095,-0.005602707186896673,-0.0015466135543794515,-7.3758386450740096e-06
293.6,0.92,0.025,0.009797958971132711,0.5248792922602417,0.5278473586035246,0.0010197253109533301,-0.09347866735385937,0.19049168555035895,-0.0005054291481467784,-0.0005319792807484976,0.0007439052475908515,-0.000293959754206534,-6.22087589480293e-07,0.0008630955031908987,-0.07912034404830658,0.16123216264982382,-0.0004277952309914333,-0.03926680513364519,0.07286833446599088,-0.14919057435935748,-0.0782444214559828,-0.0371825188523709,-0.07381124216162795,0.012435287730785075,-0.023438207997829003,-0.008019147435062447,-0.005603438388288836,-0.00154314364613589,-7.360097444485172e-06
293.76,0.92,0.025,0.009797958971132711,0.5248792922602417,0.5278473586035246,0.0009347111146613961,-0.09335968584130355,0.19044444843927996,-0.0005055565174576923,-0.0005306985277136162,0.0007433635837944651,-0.0002932268593536906,-6.203000766238288e-07,0.0007911394874494058,-0.07901963809607933,0.16119218115900658,-0.00042790303637619073,-0.03915119139139576,0.0728100362126425,-0.14915368319937589,-0.07822482118531977,-0.03719296728218357,-0.07368601001682405,0.012404265427835553,-0.023379782270807933,-0.008018470255920954,-0.005604170255373256,-0.0015396780991144335,-7.344369373224086e-06
293.91999999999996,0.92,0.025,0.009797958971132711,0.5248792922602417,0.5278473586035246,0.0008499016686087423,-0.09324079103116427,0.19039732646967014,-0.0005056836312645123,-0.0005294199023575425,0.0007428214677636262,-0.00029249530064821795,-6.185164721821756e-07,0.0007193567723104395,-0.07891900552877744,0.1611522971239288,-0.0004280106255022832,-0.03903577385367902,0.0727517216780144,-0.14911688198507564,-0.07820526864775118,-0.03720329016395434,-0.07356092912976178,0.012373299733783857,-0.02332146303289966,-0.008017790022205254,-0.0056049027840662895,-0.0015362169211666516,-7.328654499305661e-06
294.08000000000004,0.92,0.025,0.009797958971132711,0.5248792922602417,0.5278473586035246,0.0007652966325587149,-0.09312198299561686,0.19035031945366554,-0.0005058104899313743,-0.0005281434022810996,0.0007422789017750515,-0.000291765077487686,-6.167367715951583e-07,0.0006477470697976963,-0.07881844640749011,0.16111251038558252,-0.00042811799867791526,-0.03892055228344776,0.07269339105870308,-0.14908017056968031,-0.07818576376543727,-0.037213487780624395,-0.0734359994040861,0.012342390622883332,-0.02326325023620921,-0.008017106724859776,-0.005605635970254959,-0.001532760120165814,-7.312952890853133e-06
294.24,0.92,0.025,0.009797958971132711,0.5248792922602417,0.5278473586035246,0.0006808956666584205,-0.09300326180647275,0.19030342720370708,-0.0005059370938201857,-0.0005268690250861491,0.0007417358881003889,-0.0002910361892783514,-6.149609703334089e-07,0.0005763100922596871,-0.07871796079299855,0.16107282078521767,-0.0004282251562094052,-0.0388055264438059,0.07263504455086184,-0.1490435488066509,-0.07816630646066601,-0.03722356041468569,-0.07331122074331221,0.012311538069755799,-0.023205143833533726,-0.008016420354814651,-0.005606369809796873,-0.0015293077040066541,-7.297264616095703e-06
294.4,0.92,0.025,0.009797958971132711,0.5248792922602417,0.5278473586035246,0.0005966984314386267,-0.09288462753518038,0.1902566495325334,-0.0005060634432906828,-0.0005255967683755921,0.0007411924290062256,-0.0002903086354350959,-6.131890638983728e-07,0.0005050455523696537,-0.07861754874577669,0.1610332281643363,-0.0004283320984012339,-0.038690696098008744,0.07257668235020147,-0.14900701654968046,-0.07814689665584984,-0.03723350834818159,-0.07318659305082599,0.012280742049388931,-0.023147143778357505,-0.008015730902985737,-0.005607104298520078,-0.0015258596806051517,-7.281589743368956e-06
294.56000000000006,0.92,0.025,0.009797958971132711,0.5248792922602417,0.5278473586035246,0.0005127045878135038,-0.0927660802528258,0.19020998625317712,-0.0005061895387004019,-0.0005243266297533732,0.0007406485267540946,-0.00028958241538136833,-6.114210478220672e-07,0.00043395316312534965,-0.07851721032599177,0.1609937323646891,-0.00042843882555602014,-0.03857606100946309,0.07251830465199093,-0.14897057365269098,-0.07812753427352434,-0.0372433318627072,-0.07306211622988446,0.01225000253713382,-0.023089250024847418,-0.008015038360274663,-0.005607839432222992,-0.0015224160578983072,-7.265928341113115e-06
294.72,0.92,0.025,0.009797958971132711,0.5248792922602417,0.5278473586035246,0.00042891379708054827,-0.09264762003013376,0.19016343717895864,-0.0005063153804047017,-0.0005230586068244826,0.0007401041836004825,-0.0002888575285491245,-6.09656917666956e-07,0.00036303263784897606,-0.07841694559350522,0.1609543332282706,-0.00042854533797453953,-0.038461620941727566,0.07245991165105811,-0.1489342199698286,-0.07810821923634564,-0.037253031239409935,-0.0729377901836164,0.01221931950870241,-0.023031462527848066,-0.008014342717568856,-0.005608575206674254,-0.001518976843843921,-7.25028047787243e-06
294.88,0.92,0.025,0.009797958971132711,0.5248792922602417,0.5278473586035246,0.00034532572092035434,-0.09252924693746827,0.19011700212348054,-0.0005064409687567537,-0.0005217926971949586,0.0007395594017968378,-0.0002881339743787634,-6.078966690256303e-07,0.0002922836901869879,-0.07831675460787314,0.16091503059731393,-0.0004286516359557163,-0.03834737565851273,0.07240150354179051,-0.14889795535545933,-0.07808895146708798,-0.037262606758990006,-0.07281361481502288,0.012188692940164794,-0.02297378124287676,-0.008013643965741599,-0.005609311617612644,-0.0015155420464203514,-7.2346462222931965e-06
295.03999999999996,0.92,0.025,0.009797958971132711,0.5248792922602417,0.5278473586035246,0.0002619400213964617,-0.09241096104483357,0.190070680900623,-0.00050656630410758,-0.0005205288984718908,0.0007390141835895762,-0.00028741175231906707,-6.061402975207853e-07,0.00022170603410996519,-0.07821663742834714,0.16087582431428732,-0.00042875771979665575,-0.0382333249236813,0.07234308051813589,-0.14886177966416536,-0.07806973088864197,-0.03727205870170082,-0.0726895900269777,0.012158122807946679,-0.02291620612611867,-0.008012942095652039,-0.00561004866074695,-0.0015121116736262809,-7.2190256431236895e-06
295.20000000000005,0.92,0.025,0.009797958971132711,0.5248792922602417,0.5278473586035246,0.00017875636095521826,-0.09229276242187485,0.19002447332453798,-0.0005066913868060463,-0.0005192672082634221,0.0007384685312200902,-0.00028669086182713747,-6.043877988049564e-07,0.00015129938391249674,-0.07811659411387488,0.16083671422188894,-0.00042886358979263756,-0.03811946850124837,0.07228464277360304,-0.1488256927507405,-0.07805055742401205,-0.03728138734734953,-0.07256571572222796,0.012127609088826704,-0.02285873713442184,-0.008012237098145256,-0.005610786331755871,-0.0015086857334804735,-7.203418809212494e-06
295.36,0.92,0.025,0.009797958971132711,0.5248792922602417,0.5278473586035246,9.577440242555198e-05,-0.09217465113787913,0.1899783792096431,-0.0005068162171988589,-0.000518007624178752,0.0007379224469247549,-0.00028597130236833587,-6.026391685604494e-07,8.10634542129872e-05,-0.0780166247231009,0.16079770016304193,-0.0004289692462371142,-0.038005806155381607,0.07222619050126251,-0.14878969447018559,-0.07803143099631404,-0.03729059297529751,-0.07244199180339458,0.01209715175993388,-0.022801374225292322,-0.008011528964052288,-0.0056115246262879006,-0.001505264234021552,-7.187825789507932e-06
295.52,0.92,0.025,0.009797958971132711,0.5248792922602417,0.5278473586035246,1.2993809018848787e-05,-0.09205662726177592,0.18993239837061757,-0.000506940795630604,-0.0005167501438281382,0.0007373759329349359,-0.0002852530734162152,-6.008944024989951e-07,1.0997959953553613e-05,-0.07791672931436715,0.16075878198089072,-0.00042907468942174326,-0.037892337650401384,0.07216772389374715,-0.14875378467770492,-0.07801235152877338,-0.03729967586446078,-0.07231841817297278,0.01206675079874471,-0.0227441173568888,-0.008010817684190171,-0.005612263539961219,-0.001501847183307713,-7.1722466530561475e-06
295.68000000000006,0.92,0.025,0.009797958971132711,0.5248792922602417,0.5278473586035246,-6.958575567122257e-05,-0.09193869086213818,0.189886530622395,-0.000507065122443704,-0.0005154947648229003,0.0007368289914769966,-0.00028453617445245953,-5.991534963616172e-07,-5.8897383600122785e-05,-0.07781690794571376,0.16071995951879514,-0.00042917991963635103,-0.03777906275078108,0.07210924314325297,-0.14871796322870112,-0.07799331894472228,-0.037308636293310535,-0.07219499473333266,0.012036406183080639,-0.022686966488017785,-0.00801010324936198,-0.005613003068363574,-0.001498434589416511,-7.156681468999929e-06
295.84000000000003,0.92,0.025,0.009797958971132711,0.5248792922602417,0.5278473586035246,-0.00015196462766890845,-0.09182084200718305,0.18984077578015968,-0.0005071891979784948,-0.000514241484775422,0.0007362816247723055,-0.0002838206049668187,-5.974164459185639e-07,-0.0001286228608589641,-0.07771716067487973,0.16068123262032716,-0.00042928493716899805,-0.03766598122114719,0.07205074844153976,-0.14868222997877187,-0.07797433316759803,-0.037317474539873594,-0.07207172138671962,0.012006117891105268,-0.02262992157812835,-0.008009385650356866,-0.005613743207052178,-0.0014950264604445835,-7.141130306578543e-06
296.0,0.92,0.025,0.009797958971132711,0.5248792922602417,0.5278473586035246,-0.00023414314261650752,-0.09170308076477261,0.1897951336593405,-0.0005073130225731787,-0.0005129903012991531,0.0007357338350372439,-0.0002831063644570427,-5.956832469690423e-07,-0.000198178755910612,-0.07761748755930355,0.16064260112926582,-0.00042938974230593847,-0.03755309282627959,0.07199223997993184,-0.14864658478370532,-0.07795539412094055,-0.03732619088173292,-0.07194859803525498,0.011975885901321605,-0.022572982587306965,-0.008008664877950116,-0.005614483951553594,-0.0014916228045073927,-7.125593235125672e-06
296.15999999999997,0.92,0.025,0.009797958971132711,0.5248792922602417,0.5278473586035246,-0.000316121635774561,-0.09158540720241475,0.18974960407560443,-0.0005074365965638563,-0.0005117412120086133,0.0007351856244832126,-0.0002823934524288165,-5.939538953409112e-07,-0.0002675653525195885,-0.07751788865612384,0.16060406488959159,-0.00042949433533164797,-0.037440397331111645,0.07193371794931863,-0.1486110274994749,-0.07793650172838973,-0.037334785596028035,-0.07182562458093648,0.011945710192569264,-0.02251614947627226,-0.008007940922903165,-0.005615225297363619,-0.0014882236297389777,-7.110070324067785e-06
296.32000000000005,0.92,0.025,0.009797958971132711,0.5248792922602417,0.5278473586035246,-0.0003979004420220281,-0.09146782138726392,0.18970418684485163,-0.0005075599202845383,-0.0005104942145193931,0.0007346369953166394,-0.00028168186839569405,-5.922283868907227e-07,-0.0003367829341274446,-0.07741836402218019,0.16056562374548242,-0.0004295987165288333,-0.03732789450073049,0.07187518254015554,-0.14857555798223557,-0.07791765591368334,-0.03734325895945554,-0.07170280092563866,0.011915590744021707,-0.022459422206369775,-0.00800721377596366,-0.005615967239947177,-0.001484828944291677,-7.0945616429240505e-06
296.48,0.92,0.025,0.009797958971132711,0.5248792922602417,0.5278473586035246,-0.0004794798958564151,-0.09135032338612196,0.18965888178321114,-0.0005076829940671456,-0.0005092493064481581,0.0007340879497389866,-0.00028097161187903434,-5.905067175033871e-07,-0.00040583178385286976,-0.07731891371401363,0.1605272775413099,-0.0004297028861784321,-0.037215584100377196,0.07181663394246449,-0.14854017608832054,-0.07789885660065526,-0.03735161124826957,-0.07158012697111354,0.01188552753518351,-0.02240280073956688,-0.008006483427865497,-0.005616709774738205,-0.0014814387563358692,-7.079067261304181e-06
296.64,0.92,0.025,0.009797958971132711,0.5248792922602417,0.5278473586035246,-0.0005608603313940345,-0.09123291326543882,0.18961368870703377,-0.0005078058182415246,-0.0005080064854126504,0.0007335384899467583,-0.00028026268240792865,-5.887888830919923e-07,-0.00047471218449191086,-0.07721953778786743,0.16048902612163338,-0.00042980684455962647,-0.03710346589544688,0.07175807234583466,-0.1485048816742354,-0.07788010371323262,-0.03735984273828233,-0.07145760261899103,0.01185552054588729,-0.022346285038446944,-0.008005749869328862,-0.0056174528971395426,-0.0014780530740596777,-7.063587248907226e-06
296.80000000000007,0.92,0.025,0.009797958971132711,0.5248792922602417,0.5278473586035246,-0.0006420420823700739,-0.0911155910913135,0.18956860743288678,-0.0005079283931354515,-0.0005067657490316913,0.0007329886181315075,-0.0002795550795191367,-5.870748795976763e-07,-0.0005434244185180306,-0.07712023629968774,0.16045086933119537,-0.0004299105919498462,-0.03699153965148906,0.07169949793942326,-0.14846967459665436,-0.07786139717543336,-0.03736795370486445,-0.0713352277707795,0.011825569756291,-0.022289875066204282,-0.008005013091060274,-0.005618196602522814,-0.0014746719056687137,-7.048121675520575e-06
296.96000000000004,0.92,0.025,0.009797958971132711,0.5248792922602417,0.5278473586035246,-0.0007230254821388313,-0.09099835692949462,0.18952363777754924,-0.0005080507190746463,-0.0005055270949251842,0.0007324383364798435,-0.00027884880275702264,-5.853647029892962e-07,-0.0006119687680823069,-0.07702100930512425,0.1604128070149177,-0.00043001412862478063,-0.036879805134207695,0.07164091091195607,-0.14843455471241632,-0.07784273691136466,-0.03737594442294562,-0.07121300232786619,0.011795675146875219,-0.022233570786639033,-0.008004273083752634,-0.005618940886228319,-0.0014712952593858104,-7.032670611017917e-06
297.12,0.92,0.025,0.009797958971132711,0.5248792922602417,0.5278473586035246,-0.0008038108636739064,-0.09088121084538146,0.18947877955800554,-0.0005081727963827841,-0.000504290520714117,0.0007318876471734389,-0.0002781438516734779,-5.836583492635162e-07,-0.0006803455150135944,-0.07692185685953087,0.1603748390178959,-0.0004301174548583885,-0.036768262109461436,0.07158231145172829,-0.14839952187851999,-0.07782412284521996,-0.03738381516701489,-0.07109092619151787,0.01176583669843989,-0.022177372164151006,-0.008003529838085258,-0.005619685743564925,-0.001467923143450699,-7.017234125359279e-06
297.28,0.92,0.025,0.009797958971132711,0.5248792922602417,0.5278473586035246,-0.0008843985595683065,-0.09076415290402456,0.18943403259144012,-0.0005082946253815063,-0.0005030560240205642,0.0007313365523890375,-0.0002774402258278593,-5.819558144442018e-07,-0.0007485549408186147,-0.0768227790179664,0.16033696518539492,-0.00043022057092290697,-0.03665691034326382,0.07152369974660513,-0.14836457595211963,-0.07780555490127684,-0.03739156621112132,-0.07096899926288117,0.011736054392101666,-0.02212127916373476,-0.008002783344723938,-0.005620431169809942,-0.0014645555661197567,-7.001812288587568e-06
297.44000000000005,0.92,0.025,0.009797958971132711,0.5248792922602417,0.5278473586035246,-0.0009647889020346753,-0.09064718317012659,0.18938939669523183,-0.0005084162063904096,-0.0005018236024676898,0.0007307850542984609,-0.0002767379247869159,-5.802570945825898e-07,-0.0008165973266821492,-0.07672377583519514,0.16029918536284424,-0.0004303234770888427,-0.036545749601783445,0.07146507598402249,-0.14832971679052076,-0.07778703300389485,-0.03739919782887435,-0.07084722144298324,0.011706328209290868,-0.022065291750973777,-0.008002033594320982,-0.005621177160209023,-0.0014611925356656987,-6.98640517082887e-06
297.6,0.92,0.025,0.009797958971132711,0.5248792922602417,0.5278473586035246,-0.0010449822229054453,-0.09053030170804309,0.18934487168694938,-0.0005085375397270994,-0.0005005932536797496,0.000730233155068616,-0.000276036948124722,-5.785621857569208e-07,-0.0008844729534671689,-0.07662484736568767,0.16026149939583398,-0.00043042617362501695,-0.03643477965134415,0.07140644035098773,-0.14829494425117654,-0.07776855707751337,-0.037406710293444285,-0.0707255926327321,0.011676658131748585,-0.022009409892035096,-0.008001280577515245,-0.005621923709976039,-0.0014578340603772866,-6.971012842290408e-06
297.76,0.92,0.025,0.009797958971132711,0.5248792922602417,0.5278473586035246,-0.001124978853633028,-0.09041350858178336,0.18930045738434373,-0.0005086586257071375,-0.000499364975282094,0.0007296808568615023,-0.00027533729542260555,-5.768710840722792e-07,-0.0009521821017149949,-0.07652599366362144,0.16022390713010853,-0.0004305286607985212,-0.036324000258425235,0.0713477930340803,-0.1482602581916818,-0.07775012704664866,-0.037414103877562804,-0.07060411273291735,0.0116470441415237,-0.021953633553663646,-0.008000524284932194,-0.00562267081429297,-0.001454480148559046,-6.955635373258936e-06
297.91999999999996,0.92,0.025,0.009797958971132711,0.5248792922602417,0.5278473586035246,-0.0012047791252899585,-0.0902968038550111,0.18925615360534445,-0.0005087794646441202,-0.0004981387649011698,0.0007291281618342195,-0.0002746389662690747,-5.751837856603128e-07,-0.001019725051645421,-0.07642721478288139,0.16018640841156356,-0.00043063093887478335,-0.0362134111896616,0.0712891342194524,-0.1482256584697703,-0.07773174283589228,-0.037421378853523424,-0.07048278164421046,0.011617486220969728,-0.02189796270317636,-0.007999764707183955,-0.0056234184683097935,-0.0014511308085309314,-6.940272834099157e-06
298.08000000000004,0.92,0.025,0.009797958971132711,0.5248792922602417,0.5278473586035246,-0.001284383368569117,-0.0901801875910453,0.1892119601680529,-0.00050890005684964,-0.0004969146201645236,0.0007285750721389738,-0.0002739419602597524,-5.735002866791562e-07,-0.0010871020831569006,-0.07632851077706075,0.16014900308623997,-0.0004307330081175353,-0.03610301221184395,0.0712304640928298,-0.14819114494330926,-0.0777134043699082,-0.037428535493181966,-0.07036159926716534,0.011587984352742078,-0.021842397308456978,-0.00799900183486934,-0.0056241666671443735,-0.0014477860486280642,-6.924925295252688e-06
298.24,0.92,0.025,0.009797958971132711,0.5248792922602417,0.5278473586035246,-0.0013637919137838499,-0.09006365985286101,0.18916787689073752,-0.0005090204026333237,-0.0004956925387008031,0.000728021589923086,-0.00027324627699730074,-5.718205833132545e-07,-0.0011543134758266506,-0.07622988169946156,0.16011169100032024,-0.00043083486878884523,-0.035992803091919,0.07117178283951234,-0.14815671747029585,-0.07769511157343101,-0.03743557406795704,-0.07024056550221894,0.01155853851979484,-0.021786937337950004,-0.007998235658573922,-0.005624915405882331,-0.0014444458772003956,-6.9095928272367485e-06
298.4,0.92,0.025,0.009797958971132711,0.5248792922602417,0.5278473586035246,-0.0014430050908681986,-0.08994722070309003,0.18912390359182768,-0.0005091405023028186,-0.0004944725181397605,0.0007274677173289982,-0.000272551916091349,-5.701446717729e-07,-0.0012213595089108434,-0.0761313276030954,0.16007447200012295,-0.00043093652114910573,-0.03588278359698961,0.07111309064437472,-0.1481223759088522,-0.07767686437126317,-0.037442494848830506,-0.07011968024969159,0.011529148705377723,-0.021731582760654997,-0.00799746616887006,-0.00562566467957695,-0.0014411103026124022,-6.894275500641092e-06
298.56000000000006,0.92,0.025,0.009797958971132711,0.5248792922602417,0.5278473586035246,-0.0015220232293770518,-0.08983087020402182,0.18908004008990814,-0.000509260356163819,-0.0004932545561122545,0.0007269134564942812,-0.0002718588771584222,-5.684725482944352e-07,-0.0012882404613447367,-0.07603284854068407,0.16003734593209826,-0.0004310379654570564,-0.035772953494315037,0.07105438769186723,-0.14808812011722122,-0.07765866268827289,-0.03744929810634798,-0.06999894340978761,0.011499814893033061,-0.02167633354612083,-0.007996693356316963,-0.005626414483249052,-0.0014377793332427762,-6.8789733861287206e-06
298.72,0.92,0.025,0.009797958971132711,0.5248792922602417,0.5278473586035246,-0.001600846658486298,-0.08971460841760423,0.1890362862037145,-0.0005093799645200878,-0.0004920386502502528,0.000726358809551642,-0.00027116715982186896,-5.668042091396223e-07,-0.0013549566117428027,-0.07593444456466023,0.16000031264282394,-0.00043113920196980235,-0.03566331255131106,0.0709956741660163,-0.14805394995376298,-0.07764050644939212,-0.037455984110619255,-0.06987835488259578,0.01147053706659272,-0.021621189664439995,-0.007995917211460729,-0.0056271648118868785,-0.0014344529774841033,-6.863686554432078e-06
298.88,0.92,0.025,0.009797958971132711,0.5248792922602417,0.5278473586035246,-0.0016794757069930688,-0.0895984354054442,0.1889926417521253,-0.0005094993276734389,-0.0004908247981868345,0.0007258037786289302,-0.00027047676371178654,-5.651396505957221e-07,-0.0014215082383989336,-0.07583611572716797,0.15996337197899885,-0.0004312402309427987,-0.03555386053555014,0.07093695025042532,-0.1480198652769485,-0.07762239557961338,-0.037462553131318854,-0.06975791456808979,0.011441315210174951,-0.0215661510862426,-0.007995137724834404,-0.0056279156604459885,-0.0014311312437425513,-6.848415076352832e-06
299.03999999999996,0.92,0.025,0.009797958971132711,0.5248792922602417,0.5278473586035246,-0.0017579107033158534,-0.08948235122880861,0.18894910655415922,-0.0005096184459237596,-0.0004896129975561923,0.0007252483658491465,-0.00026978768846494755,-5.634788689752706e-07,-0.0014878956192865384,-0.07573786208006361,0.15992652378744038,-0.00043134105262987015,-0.035444597214761675,0.07087821612827519,-0.14798586594535762,-0.07760433000398853,-0.037469005437686456,-0.06963762236612879,0.011412149308181265,-0.021511217782690505,-0.007994354886958032,-0.005628667023849137,-0.0014278141404375274,-6.833159022760096e-06
299.20000000000005,0.92,0.025,0.009797958971132711,0.5248792922602417,0.5278473586035246,-0.0018361519754947042,-0.08936635594862513,0.18890568042896796,-0.0005097373195690473,-0.0004884032459936354,0.0007246925733304481,-0.00026909993372472565,-5.618218606156492e-07,-0.0015541190320587177,-0.07563968367491632,0.1598897679150785,-0.0004314416672832417,-0.035335522356832134,0.07081947198232515,-0.1479519518176735,-0.07758630964762586,-0.03747534129852731,-0.06951747817645783,0.011383039345293305,-0.02145638972547146,-0.00799356868833869,-0.005629418896986152,-0.0014245016760013613,-6.817918464587884e-06
299.36,0.92,0.025,0.009797958971132711,0.5248792922602417,0.5278473586035246,-0.0019141998511914046,-0.08925044962548284,0.1888623631958306,-0.0005098559489053726,-0.00048719554113559114,0.0007241364031861576,-0.0002684134991410229,-5.601686218791822e-07,-0.001620178754048405,-0.07554158056300868,0.15985310420895105,-0.00043154207515350737,-0.03522663572980525,0.07076071799491333,-0.14791812275267807,-0.07756833443568767,-0.037481560982212885,-0.06939748189870844,0.011353985306469756,-0.021401666886793253,-0.007992779119470559,-0.005630171274713832,-0.0014211938588789867,-6.802693472834715e-06
299.52,0.92,0.025,0.009797958971132711,0.5248792922602417,0.5278473586035246,-0.001992054657689682,-0.08913463231963309,0.188819154674149,-0.0005099743342269239,-0.00048598988061960814,0.0007235798575247692,-0.000267728384370192,-5.585191491526747e-07,-0.0016860750622685469,-0.07544355279533745,0.15981653251619973,-0.0004316422764896684,-0.03511793710188217,0.07070195434795751,-0.14788437860924847,-0.07755040429338846,-0.03748766475668113,-0.06927763343239898,0.011324987176943049,-0.021347049239377552,-0.007991986170834972,-0.005630924151855833,-0.0014178906975275823,-6.78748411856075e-06
299.68000000000006,0.92,0.025,0.009797958971132711,0.5248792922602417,0.5278473586035246,-0.0020697167218953366,-0.08901890409099025,0.18877605468344102,-0.0005100924758260126,-0.0004847862620843581,0.000723022938449956,-0.0002670445890749621,-5.568734388473325e-07,-0.001751808233412213,-0.07534560042261415,0.15978005268406448,-0.00043174227153913703,-0.03500942624142166,0.07064318122295572,-0.1478507192463519,-0.07753251914599213,-0.03749365288943713,-0.06915793267693529,0.011296044942216234,-0.02129253675645398,-0.007991189832900451,-0.005631677523202537,-0.0014145922004162534,-6.772290472886805e-06
299.84000000000003,0.92,0.025,0.009797958971132711,0.5248792922602417,0.5278473586035246,-0.0021471863703364557,-0.0889032649991325,0.1887330630433366,-0.0005102103739930845,-0.0004835846831696384,0.0007224656480605773,-0.00026636211292436465,-5.552314873985969e-07,-0.001817378543852776,-0.07524772349526575,0.1597436645598801,-0.00043184206054774676,-0.03490110291694027,0.07058439880098703,-0.14781714452304232,-0.07751467891881024,-0.03749952564755344,-0.06903837953161107,0.01126715858805982,-0.021238129411754188,-0.00799039009612278,-0.005632431383510952,-0.0014112983760256857,-6.757112606992791e-06
300.0,0.92,0.025,0.009797958971132711,0.5248792922602417,0.5278473586035246,-0.0022244639291635893,-0.08878771510330256,0.1886901795735705,-0.0005103280290167262,-0.00048238514151637425,0.0007219079884506856,-0.0002656809555936536,-5.535932912658367e-07,-0.001882786269644062,-0.07514992206343529,0.15970736799107008,-0.00043194164375975707,-0.03479296689711252,0.07052560726271215,-0.14778365429845497,-0.07749688353719915,-0.037505283297670666,-0.06891897389560836,0.011238328100508423,-0.021183827179505513,-0.007989586950945045,-0.0056331857275045884,-0.0014080092328477977,-6.7419505921154586e-06
300.15999999999997,0.92,0.025,0.009797958971132711,0.5248792922602417,0.5278473586035246,-0.0023015497241499,-0.08867225446240855,0.1886474040939784,-0.0005104454411836764,-0.0004811876347666215,0.0007213499617095341,-0.00026500111676423224,-5.519588469319917e-07,-0.0019480316865204757,-0.0750521961769826,0.15967116282514332,-0.0004320410214178637,-0.03468501795077107,0.07046680678837407,-0.14775024843180326,-0.07747913292655823,-0.037510926105997884,-0.06879971566799814,0.011209553465857622,-0.021129630034425164,-0.007988780387797698,-0.005633940549873348,-0.0014047247793853974,-6.7268044995458255e-06
300.32000000000005,0.92,0.025,0.009797958971132711,0.5248792922602417,0.5278473586035246,-0.002378444080691418,-0.08855688313502462,0.18860473642448997,-0.0005105626107788375,-0.00047999216056356813,0.0007207915699215834,-0.00026432259612357546,-5.503281509037676e-07,-0.0020131150698972163,-0.07495454588548484,0.15963504890968833,-0.00043214019376320813,-0.034577255846906865,0.07040799755779885,-0.14771692678237336,-0.07746142701232718,-0.03751645433831311,-0.06868060474774065,0.011180834670660713,-0.021075537951713987,-0.007987970397098592,-0.005634695845273403,-0.0014014450241518403,-6.7116744006295995e-06
300.48,0.92,0.025,0.009797958971132711,0.5248792922602417,0.5278473586035246,-0.0024551473238071282,-0.08844160117939184,0.18856217638512432,-0.0005106795380853011,-0.0004787987165515374,0.0007202328151665085,-0.00026364539336515156,-5.48701199710993e-07,-0.002078036694870353,-0.07485697123823726,0.15959902609236923,-0.0004322391610353989,-0.03446968035466937,0.07034917975039624,-0.1476836892095206,-0.07744376571998399,-0.03752186825996378,-0.06856164103368605,0.011152171701725371,-0.021021550907050247,-0.007987156969253064,-0.005635451608327086,-0.001398169975670664,-6.696560366763143e-06
300.64,0.92,0.025,0.009797958971132711,0.5248792922602417,0.5278473586035246,-0.00253165977813921,-0.08832640865341888,0.18851972379598472,-0.0005107962233843249,-0.00047760730037598977,0.0007196736995192071,-0.00026296950818834643,-5.470779899067622e-07,-0.0021427968362170277,-0.07475947228425375,0.15956309422092146,-0.0004323379234724926,-0.03436229124336669,0.07029035354516028,-0.1476505355726654,-0.07742614897504284,-0.03752716813586727,-0.06844282442457475,0.011123564546110448,-0.020967668876583606,-0.007986340094653977,-0.005636207833622772,-0.0013948996424752414,-6.681462469393287e-06
300.80000000000007,0.92,0.025,0.009797958971132711,0.5248792922602417,0.5278473586035246,-0.0026079817679532332,-0.08821130561468281,0.18847737847725227,-0.0005109126669553886,-0.00047641790968352504,0.0007191142250498048,-0.0002622949402983819,-5.454585180668484e-07,-0.0022073957683956167,-0.07466204907226753,0.15952725314314634,-0.0004324364813110409,-0.03425508828246573,0.0702315191206701,-0.14761746573128826,-0.07740857670305143,-0.03753235423051129,-0.06832415481903802,0.011095013191122504,-0.020913891836928582,-0.00798551976368176,-0.005636964515714761,-0.001391634033108409,-6.666380780013843e-06
300.96000000000004,0.92,0.025,0.009797958971132711,0.5248792922602417,0.5278473586035246,-0.0026841136171382733,-0.0880962921204299,0.18843514024918087,-0.0005110288690761819,-0.000475230542121885,0.0007185543938236642,-0.000261621689406244,-5.43842780789881e-07,-0.0022718337655458346,-0.07456470165073187,0.1594915027069067,-0.00043253483478608037,-0.034148071241592436,0.07017267665509055,-0.14758447954492598,-0.0773910488295889,-0.03753742680795441,-0.06820563211559834,0.011066517624312785,-0.02086021976515886,-0.007984695966704492,-0.005637721649123159,-0.0013883731561221354,-6.651315370165694e-06
301.12,0.92,0.025,0.009797958971132711,0.5248792922602417,0.5278473586035246,-0.0027600556492071767,-0.08798136822757631,0.18839300893209207,-0.0005111448300226115,-0.0004740451953399553,0.0007179942079013899,-0.0002609497552285955,-5.422307746966952e-07,-0.0023361111014889545,-0.0744674300678206,0.15945584276012273,-0.00043263298413113836,-0.03404123989053191,0.07011382632617283,-0.14755157687316747,-0.07737356528026375,-0.03754238613182651,-0.06808725621267,0.011038077833473499,-0.020806652638800306,-0.007983868694077939,-0.005638479228333766,-0.00138511702007711,-6.6362663114324524e-06
301.28,0.92,0.025,0.009797958971132711,0.5248792922602417,0.5278473586035246,-0.00283580818729667,-0.08786653399270888,0.1883509843463692,-0.000511260550068813,-0.0004728618669877682,0.000717433669338838,-0.00026027913748770534,-5.406224964306447e-07,-0.0024002280497279014,-0.0743702343714288,0.1594202731507669,-0.00043273092957824336,-0.033934593999228595,0.07005496831125516,-0.14751875757564925,-0.07735612598071133,-0.03754723246532928,-0.06796902700855954,0.011009693806634857,-0.02075319043582533,-0.007983037936145626,-0.005639237247797964,-0.0013818656335424222,-6.621233675441488e-06
301.44000000000005,0.92,0.025,0.009797958971132711,0.5248792922602417,0.5278473586035246,-0.0029113715541676,-0.0877517894720859,0.18830906631245245,-0.0005113760294871935,-0.0004716805547165044,0.0007168727801871211,-0.000259609835911363,-5.390179426568654e-07,-0.002464184883447457,-0.0742731146091735,0.15938479372685976,-0.0004328286713579606,-0.03382813333778639,0.0699961027872635,-0.14748602151205156,-0.07733873085659183,-0.03755196607123665,-0.06785094440146619,0.010981365532061409,-0.020699833134646087,-0.007982203683238882,-0.005639995701932589,-0.001378619005095154,-6.606217533859371e-06
301.6,0.92,0.025,0.009797958971132711,0.5248792922602417,0.5278473586035246,-0.002986746072205082,-0.0876371347216379,0.18826725465083333,-0.0005114912685483911,-0.0004705012561784952,0.0007163115424926162,-0.00025894185023280446,-5.374171100623899e-07,-0.0025279818755143814,-0.07417607082839432,0.15934940433646533,-0.00043292620969935823,-0.03372185767646897,0.06993722993071227,-0.14745336854209407,-0.07732137983358801,-0.03755658721189528,-0.06773300828948234,0.010953092998248929,-0.020646580714108565,-0.007981365925676904,-0.0056407545851198185,-0.0013753771433200402,-6.5912179583914e-06
301.76,0.92,0.025,0.009797958971132711,0.5248792922602417,0.5278473586035246,-0.0030619320634187024,-0.08752256979696828,0.18822554918204912,-0.000511606267521325,-0.0004693239690272256,0.0007157499582969723,-0.0002582751801906262,-5.358199953557792e-07,-0.0025916192984775897,-0.07407910307615395,0.15931410482768638,-0.0004330235448300495,-0.03361576678569975,0.06987834991770486,-0.14742079852553155,-0.07730407283740287,-0.03756109614922507,-0.0676152185705941,0.01092487619392078,-0.020593433153485725,-0.007980524653766818,-0.005641513891707064,-0.001372140056809057,-6.576235020779044e-06
301.91999999999996,0.92,0.025,0.009797958971132711,0.5248792922602417,0.5278473586035246,-0.0031369298494426886,-0.08740809475335423,0.1881839497266772,-0.0005117210266732236,-0.0004681486909173354,0.0007151880296371164,-0.0002576098255287095,-5.34226595266899e-07,-0.002655097424568292,-0.07398221139923902,0.1592788950486596,-0.00043312067697621646,-0.0335098604360622,0.06981946292393444,-0.1473883113221494,-0.07728680979375731,-0.03756549314471957,-0.06749757514268177,0.010896715108024686,-0.020540390432471474,-0.007979679857803741,-0.005642273616006841,-0.0013689077541610762,-6.561268792798143e-06
302.08000000000004,0.92,0.025,0.009797958971132711,0.5248792922602417,0.5278473586035246,-0.0032117397515361136,-0.08729370964574737,0.18814245610533117,-0.0005118355462695726,-0.0004669754195046219,0.0007146257585452614,-0.00025694578599613635,-5.326369065467378e-07,-0.0027184165257001665,-0.07388539584416058,0.1592437748475523,-0.0004332176063625663,-0.03340413839829997,0.06976056912468453,-0.1473559067917607,-0.07726959062838847,-0.03756977845944649,-0.06738007790352014,0.010868609729729181,-0.020487452531173952,-0.007978831528070836,-0.005643033752296657,-0.0013656802439814487,-6.54631934625651e-06
302.24,0.92,0.025,0.009797958971132711,0.5248792922602417,0.5278473586035246,-0.003286362090583063,-0.08717941452877459,0.18810106813865385,-0.0005119498265741796,-0.00046580415244604255,0.0007140631470489127,-0.00025628306134711326,-5.310509259673441e-07,-0.0027815768734695046,-0.07378865645715482,0.1592087440725566,-0.0004333143332123856,-0.03329860044331704,0.06970166869482979,-0.14732358479420052,-0.07725241526704694,-0.03757395235404815,-0.06726272675077923,0.010840560048420404,-0.020434619430109477,-0.007977979654839365,-0.0056437942948188964,-0.0013624575348816614,-6.5313867529933054e-06
302.4,0.92,0.025,0.009797958971132711,0.5248792922602417,0.5278473586035246,-0.0033607971870928495,-0.08706520945673869,0.18805978564731324,-0.0005120638678491698,-0.0004646348873997164,0.0007135001971708755,-0.0002556216513408842,-5.294686503212237e-07,-0.002844578739155388,-0.07369199328418363,0.15917380257188593,-0.00043341085774753734,-0.03319324634217786,0.06964276180883654,-0.14729134518932316,-0.07723528363549503,-0.037578015088741985,-0.06714552158202451,0.010812566053698364,-0.02038189111019559,-0.007977124228368769,-0.005644555237780703,-0.0013592396354789088,-6.516471084874693e-06
302.56000000000006,0.92,0.025,0.009797958971132711,0.5248792922602417,0.5278473586035246,-0.003435045361200134,-0.08695109448361925,0.1880186084519964,-0.0005121776703550143,-0.0004634676220249267,0.0007129369109292616,-0.00025496155574165257,-5.278900764215e-07,-0.0029074223937197935,-0.07359540637093534,0.15913895019376975,-0.0004335071801884841,-0.033088075866107604,0.06958384864076352,-0.14725918783699699,-0.07721819565950412,-0.03758196692332097,-0.06702846229471757,0.010784627735373684,-0.020329267552744838,-0.00797626523890672,-0.005645316575353858,-0.0013560265543957272,-6.501572413794029e-06
302.72,0.92,0.025,0.009797958971132711,0.5248792922602417,0.5278473586035246,-0.003509106932665207,-0.08683706966307328,0.1879775363734049,-0.0005122912343505166,-0.0004623023539821232,0.0007123732903374968,-0.0002543027743185,-5.263152011014136e-07,-0.002970108107807831,-0.07349889576282523,0.1591041867864499,-0.0004336033007542773,-0.03298308878649221,0.06952492936426254,-0.1472271125971011,-0.077201151264853,-0.03758580811715413,-0.06691154878621647,0.010756745083464117,-0.020276748739458315,-0.007975402676689182,-0.00564607830167467,-0.0013528183002596023,-6.486690811668107e-06
302.88,0.92,0.025,0.009797958971132711,0.5248792922602417,0.5278473586035246,-0.0035829822208740965,-0.08672313504843607,0.18793656923224922,-0.0005124045600928211,-0.00046113908093292356,0.0007118093374043272,-0.000253645306845302,-5.24744021214289e-07,-0.0030326361517478357,-0.0734024615049963,0.15906951219817575,-0.0004336992196625638,-0.032878284874878656,0.06946600415257916,-0.1471951193295208,-0.07718415037732536,-0.037589538929187,-0.06679478095377624,0.010728918088191024,-0.020224334652418918,-0.00797453653194047,-0.005646840410843848,-0.0013496148817025648,-6.4718263504360345e-06
303.03999999999996,0.92,0.025,0.009797958971132711,0.5248792922602417,0.5278473586035246,-0.003656671544838773,-0.08660929069272183,0.18789570684924362,-0.0005125176478374703,-0.0004599778005401169,0.0007112450541338272,-0.00025298915310064567,-5.231765336330933e-07,-0.0030950067955515374,-0.07330610364231976,0.1590349262771998,-0.0004337949371296349,-0.032773663902975064,0.06940707317855326,-0.14716320789414378,-0.07716719292270768,-0.03759315961794204,-0.06667815869454935,0.01070114673997584,-0.020172025274084817,-0.007973666794873326,-0.005647602896926395,-0.0013464163073607903,-6.456979102056274e-06
303.20000000000005,0.92,0.025,0.009797958971132711,0.5248792922602417,0.5278473586035246,-0.003730175223197369,-0.08649553664862454,0.18785494904510136,-0.000512630497838364,-0.0004588185104676644,0.0007106804425254056,-0.0002523343128677478,-5.216127352505676e-07,-0.003157220308914253,-0.07320982221939581,0.1590004288717738,-0.0004338904533703913,-0.032669225642650845,0.06934813661461983,-0.1471313781508562,-0.0771502788267874,-0.03759667044151924,-0.06656168190558619,0.01067343102943664,-0.02011982058728288,-0.007972793455688972,-0.005648365753951475,-0.0013432225858742038,-6.442149138506036e-06
303.36,0.92,0.025,0.009797958971132711,0.5248792922602417,0.5278473586035246,-0.003803493574214334,-0.08638187296851861,0.18781429564052912,-0.0005127431103478023,-0.00045766120838070266,0.0007101155045738134,-0.00025168078593437363,-5.200526229785648e-07,-0.003219276961215012,-0.07311361728055416,0.15896601983014386,-0.00043398576859837983,-0.032564969865936884,0.06928919463280957,-0.14709962995953846,-0.07713340801535047,-0.037600071657596434,-0.06644535048383551,0.010645770947384668,-0.02006772057520224,-0.00797191650457718,-0.005649128975912314,-0.001340033725886086,-6.4273365317770646e-06
303.52,0.92,0.025,0.009797958971132711,0.5248792922602417,0.5278473586035246,-0.0038766269157806377,-0.08626829970445969,0.18777374645622236,-0.0005128554856165056,-0.0004565058919455452,0.0007095502422691499,-0.00025102857209275016,-5.184961937481454e-07,-0.003281177021516732,-0.07301748886985468,0.1589316990005466,-0.00043408088302581034,-0.032460896345025726,0.06923024740474953,-0.1470679631800615,-0.07711658041417936,-0.03760336352342988,-0.06632916432614493,0.010618166484820704,-0.020015725221387386,-0.007971035931716336,-0.00564989255676607,-0.0013368497360426485,-6.412541353875159e-06
303.68000000000006,0.92,0.025,0.009797958971132711,0.5248792922602417,0.5278473586035246,-0.003949575565413954,-0.08615481690818537,0.18773330131285942,-0.0005129676238935987,-0.00045535255882968474,0.0007089846575968707,-0.00025037767113948413,-5.169434445092183e-07,-0.003342920758566371,-0.0729214370310881,0.15889746623120424,-0.00043417579686354197,-0.03235700485227167,0.06917129510166382,-0.14703637767228223,-0.07709979594905084,-0.03760654629585467,-0.06621312332926133,0.01059061763293156,-0.019963834509731593,-0.007970151727273502,-0.005650656490433715,-0.0013336706249926387,-6.397763676817159e-06
303.84000000000003,0.92,0.025,0.009797958971132711,0.5248792922602417,0.5278473586035246,-0.004022339840258852,-0.08604142463111593,0.18769296003109745,-0.0005130795254266067,-0.0004542012067017953,0.0007084187525377937,-0.0002497280828754805,-5.153943722302837e-07,-0.0034045084407950924,-0.07282546180777652,0.1588633213703209,-0.00043427051032107994,-0.03225329516019097,0.06911233789437422,-0.1470048732960403,-0.07708305454573408,-0.037609620231285244,-0.06609722738983138,0.010563124383086627,-0.01991204842447045,-0.00796926388140449,-0.005651420770799921,-0.0013304964013869335,-6.383003572628426e-06
304.0,0.92,0.025,0.009797958971132711,0.5248792922602417,0.5278473586035246,-0.004094920057086961,-0.08592812292435512,0.18765272243156714,-0.0005131911904615549,-0.00045305183323173437,0.000707852529068107,-0.00024907980710585413,-5.13848973898421e-07,-0.003465940336318404,-0.07272956324317417,0.15882926426607843,-0.0004343650236066601,-0.03214976704146201,0.0690533759533009,-0.14697344991115413,-0.07706635612998858,-0.03761258558571582,-0.06598147640440198,0.010535686726834168,-0.019860366950174804,-0.007968372384253923,-0.005652185391712938,-0.001327327073878105,-6.368261113342367e-06
304.15999999999997,0.92,0.025,0.009797958971132711,0.5248792922602417,0.5278473586035246,-0.004167316532297225,-0.08581491183869083,0.1876125883348673,-0.000513302619242871,-0.00045190443609054496,0.000707285989159375,-0.00024843284363984877,-5.123072465186292e-07,-0.0035272167129363715,-0.07263374138026793,0.15879529476663168,-0.00043445933692716607,-0.03204642026892538,0.06899440944846302,-0.14694210737741645,-0.07704970062756188,-0.037615442614720884,-0.0658658702694207,0.010508304655897836,-0.019808790071744325,-0.0079674772259553,-0.005652950346984482,-0.0013241626511200266,-6.353536370995166e-06
304.32000000000005,0.92,0.025,0.009797958971132711,0.5248792922602417,0.5278473586035246,-0.004239529581916015,-0.08570179142459591,0.18757255756156022,-0.0005134138120135001,-0.00045075901295045783,0.0007067191347785459,-0.00024778719229075197,-5.107691871140742e-07,-0.0035883378381337152,-0.07253799626177798,0.15876141272010458,-0.0004345534504882265,-0.03194325461558412,0.06893543854947942,-0.14691084555459083,-0.07703308796418763,-0.03761819157345566,-0.06575040888123627,0.010480978162173112,-0.0197573177744007,-0.007966578396631077,-0.005653715630389612,-0.00132100314176745,-6.338829417626782e-06
304.48,0.92,0.025,0.009797958971132711,0.5248792922602417,0.5278473586035246,-0.004311559521597359,-0.08558876173222882,0.18753262993216713,-0.0005135247690148147,-0.0004496155614848932,0.0007061519678879587,-0.0002471428528758093,-5.092347927255588e-07,-0.0036493039790800046,-0.07244232793015848,0.15872761797458626,-0.0004346473644941392,-0.03184026985460385,0.06887646342556926,-0.14687966430240815,-0.07701651806558373,-0.03762083271665656,-0.06563509213609904,0.01045370723772366,-0.019705950043680816,-0.007965675886392715,-0.005654481235666608,-0.0013178485544755758,-6.3241403252763045e-06
304.64,0.92,0.025,0.009797958971132711,0.5248792922602417,0.5278473586035246,-0.004383406666623152,-0.08547582281143448,0.18749280526716247,-0.00051363549048672,-0.0004484740793684632,0.0007055844904453496,-0.00024649982521614223,-5.077040604113851e-07,-0.003710115402629836,-0.07234673642759815,0.15869391037812633,-0.00043474107914795977,-0.031737465759312876,0.0688174842455527,-0.146848563480562,-0.07699999085744993,-0.03762336629864168,-0.06551991993016136,0.010426491874777838,-0.019654686865430187,-0.007964769685340765,-0.0056552471565168615,-0.0013146988978996515,-6.309469165980899e-06
304.80000000000007,0.92,0.025,0.009797958971132711,0.5248792922602417,0.5278473586035246,-0.004455071331903288,-0.08536297471174487,0.18745308338697017,-0.0005137459766675988,-0.000447334564276974,0.0007050167044038597,-0.0002458581091366562,-5.06176987247079e-07,-0.0037707723753229437,-0.07225122179602086,0.15866028977873156,-0.00043483459465145567,-0.0316348421032024,0.06875850117785151,-0.1468175429487059,-0.07698350626546634,-0.037625792573311265,-0.0654048921594782,0.01039933206572482,-0.019603528225795662,-0.007963859783564937,-0.00565601338660475,-0.0013115541806945046,-6.294816011772629e-06
304.96000000000004,0.92,0.025,0.009797958971132711,0.5248792922602417,0.5278473586035246,-0.0045265538319759074,-0.08525021748237988,0.1874134641119573,-0.0005138562277943731,-0.0004461970138874274,0.0007044486117120411,-0.00024521770446596543,-5.046535703253196e-07,-0.0038312751633844083,-0.07215578407708632,0.15862675602436066,-0.00043492791120515743,-0.03153239865992666,0.06869951439048978,-0.14678660256644827,-0.07696706421529069,-0.03762811179414812,-0.06529000872000741,0.010372227803111407,-0.019552474111219402,-0.007962946171144158,-0.005656779919557519,-0.0013084144115141799,-6.280180934677555e-06
305.12,0.92,0.025,0.009797958971132711,0.5248792922602417,0.5278473586035246,-0.004597854481007554,-0.08513755117224796,0.1873739472624313,-0.0005139662441024793,-0.00044506142587802313,0.0007038802143138647,-0.00024457861103629845,-5.031338067554188e-07,-0.003891624032724794,-0.07206042331219067,0.15859330896292187,-0.00043502102900833844,-0.03143013520330305,0.06864052405109455,-0.14675574219335027,-0.0769506646325573,-0.03763032421421818,-0.06517526950761034,0.010345179079638016,-0.01950152450843137,-0.007962028838146663,-0.005657546748965169,-0.0013052795990114489,-6.265564006711367e-06
305.28,0.92,0.025,0.009797958971132711,0.5248792922602417,0.5278473586035246,-0.004668973592793393,-0.08502497582994695,0.18733453265863317,-0.000514076025825903,-0.0004439277979281612,0.0007033115141487264,-0.0002439408286834168,-5.016176936633768e-07,-0.003951819248940328,-0.0719651395424671,0.15855994844226712,-0.0004351139482590443,-0.03132805150731232,0.06858153032689647,-0.14672496168892057,-0.07693430744287416,-0.03763243008617091,-0.06506067441805219,0.010318185888155253,-0.01945067940444284,-0.007961107774630043,-0.0056583138683803285,-0.0013021497518374181,-6.250965299878879e-06
305.44000000000005,0.92,0.025,0.009797958971132711,0.5248792922602417,0.5278473586035246,-0.004739911480757385,-0.08491249150376469,0.18729522012073435,-0.0005141855731971731,-0.00044279612771844326,0.0007027425131514544,-0.00024330435724652708,-5.001052281914737e-07,-0.00401186107731305,-0.07186993280878644,0.15852667431018957,-0.00043520666915408733,-0.031226147346098687,0.0685225333847304,-0.14669426091261273,-0.07691799257182173,-0.03763442966223978,-0.06494622334700248,0.01029124822166018,-0.01939993878653938,-0.007960182970641333,-0.005659081271318141,-0.0012990248786410715,-6.236384886170483e-06
305.6,0.92,0.025,0.009797958971132711,0.5248792922602417,0.5278473586035246,-0.004810668457952479,-0.08480009824167986,0.1872560094688308,-0.0005142948864474014,-0.00044166641293067534,0.0007021732132523156,-0.0002426691965681968,-4.985964074980545e-07,-0.004071749782810978,-0.07177480315175784,0.1584934864144184,-0.0004352991918890805,-0.031124422493969996,0.06846353339103615,-0.1466636397238208,-0.07690171994495036,-0.0376363231942427,-0.06483191619003553,0.010264366073292744,-0.019349302642274167,-0.007959254416217074,-0.0056598489512561445,-0.0012959049880688575,-6.221822837560135e-06
305.76,0.92,0.025,0.009797958971132711,0.5248792922602417,0.5278473586035246,-0.00488124483706082,-0.08468779609136262,0.1872169005229397,-0.0005144039658062737,-0.0004405386512478694,0.0007016036163770237,-0.0002420353464942662,-4.970912287573874e-07,-0.004131485630088278,-0.07167975061172932,0.1584603846026162,-0.00043539151665843005,-0.031022876725397875,0.06840453051185907,-0.14663309798187651,-0.07688548948777904,-0.0376381109335826,-0.06471775284263097,0.010237539436332061,-0.019298770959460938,-0.00795832210138341,-0.005660616901634156,-0.001292790088764231,-6.2072792260032065e-06
305.91999999999996,0.92,0.025,0.009797958971132711,0.5248792922602417,0.5278473586035246,-0.004951640930393907,-0.08457558510017542,0.18717789310299396,-0.0005145128115020552,-0.00043941284035424526,0.0007010337244467446,-0.00024140280687376143,-4.955896891594628e-07,-0.004191068883485403,-0.07158477522878848,0.1584273687223741,-0.00043548364365533955,-0.030921509815017897,0.06834552491285073,-0.14660263554604516,-0.07686930112579307,-0.03763979313124778,-0.064603733200174,0.010210768304192732,-0.019248343726167075,-0.007957386016156125,-0.005661385115854137,-0.0012896801893672197,-6.192754123434211e-06
306.08000000000004,0.92,0.025,0.009797958971132711,0.5248792922602417,0.5278473586035246,-0.005021857049892844,-0.08446346531517365,0.18713898702883777,-0.0005146214237616502,-0.00043828897793523307,0.000700463539378104,-0.00024077157755880883,-4.940917859093906e-07,-0.004250499807029304,-0.07148987704276298,0.1583944386212083,-0.00043557557307186075,-0.03082032153762967,0.06828651675926953,-0.14657225227552215,-0.07685315478444217,-0.03764137003781242,-0.06448985715795603,0.010184052670421192,-0.019198020930706786,-0.007956446150540747,-0.005662153587280101,-0.0012865752985139847,-6.1782476017627495e-06
306.24,0.92,0.025,0.009797958971132711,0.5248792922602417,0.5278473586035246,-0.00509189350712847,-0.08435143678310644,0.18710018212022148,-0.0005147298028105353,-0.0004371670616774749,0.0006998930630831947,-0.00024014165840455037,-4.925975162276685e-07,-0.004309778664433538,-0.07139505609322129,0.15836159414655546,-0.0004356673050988371,-0.030719311668197077,0.06822750621598138,-0.14654194802942885,-0.07683705038913846,-0.03764284190343706,-0.06437612461117503,0.010157392528692159,-0.019147802561634335,-0.007955502494532609,-0.005662922309237971,-0.001283475424836397,-6.163759732873263e-06
306.4,0.92,0.025,0.009797958971132711,0.5248792922602417,0.5278473586035246,-0.0051617506133016045,-0.0842394995504173,0.18706147819679944,-0.0005148379488728443,-0.00043604708926882677,0.0006993222974695824,-0.00023951304926905022,-4.911068773496976e-07,-0.004368905719098478,-0.07130031241947321,0.15832883514577106,-0.00043575883992597546,-0.030618479981848325,0.06816849344746038,-0.14651172266681092,-0.07682098786525546,-0.03764420897786903,-0.06426253545493604,0.010130787872804668,-0.019097688607736626,-0.007954555038116925,-0.005663691275015471,-0.0012803805769615398,-6.149290588621504e-06
306.56000000000006,0.92,0.025,0.009797958971132711,0.5248792922602417,0.5278473586035246,-0.00523142867924321,-0.08412765366324496,0.1870228750781223,-0.0005149458621713504,-0.0004349290583983606,0.0006987512444403136,-0.00023888575001321333,-4.896198665255019e-07,-0.004427881234111453,-0.07120564606057053,0.15829616146612271,-0.000435850177741831,-0.030517826253876165,0.06810947861778942,-0.14648157604663253,-0.07680496713812494,-0.03764547151044298,-0.0641490895842515,0.010104238696678612,-0.0190476790580267,-0.007953603771268872,-0.005664460477862002,-0.0012772907635113155,-6.1348402408318825e-06
306.72,0.92,0.025,0.009797958971132711,0.5248792922602417,0.5278473586035246,-0.005300928015414605,-0.08401589916742394,0.18698437258363523,-0.0005150535429274861,-0.00043381296675636653,0.000698179905893922,-0.00023825976050069635,-4.881364810195936e-07,-0.004486705472246922,-0.07111105705530762,0.15826357295478888,-0.00043594131873382424,-0.030417350259737987,0.0680504618906608,-0.14645150802777465,-0.07678898813303625,-0.037646629750081276,-0.06403578689404185,0.010077744994350976,-0.01899777390173663,-0.007952648683953668,-0.005665229910988532,-0.0012742059931019698,-6.120408761295372e-06
306.88,0.92,0.025,0.009797958971132711,0.5248792922602417,0.5278473586035246,-0.005370248931907663,-0.08390423610848541,0.18694597053267256,-0.0005151609913613306,-0.0004326988120343543,0.000697608283724435,-0.00023763508059781817,-4.866567181107547e-07,-0.004545378695966646,-0.07101654544222205,0.15823106945885407,-0.0004360322630882302,-0.030317051775055965,0.06799144342937695,-0.1464215184690311,-0.07677305077523391,-0.037647683945294504,-0.06392262727913584,0.010051306759972069,-0.01894797312831039,-0.007951689766126637,-0.005665999567567467,-0.0012711262743436364,-6.105996221766964e-06
307.03999999999996,0.92,0.025,0.009797958971132711,0.5248792922602417,0.5278473586035246,-0.0054393917384449614,-0.08379266453165786,0.1869076687444528,-0.0005152682076916756,-0.00043158659192505565,0.0006970363798213813,-0.0002370117101734753,-4.851805750916377e-07,-0.0046039011674198155,-0.07092211125959522,0.15819865082530485,-0.0004361230109902343,-0.030216930575617282,0.06793242339685102,-0.14639160722910444,-0.07675715498991574,-0.03764863434418194,-0.06380961063427106,0.010024923987801892,-0.018898276727397127,-0.007950727007733303,-0.0056667694407325315,-0.0012680516158399058,-6.091602693962714e-06
307.20000000000005,0.92,0.025,0.009797958971132711,0.5248792922602417,0.5278473586035246,-0.005508356744380052,-0.08368118448186777,0.18686946703807608,-0.0005153751921359601,-0.00043047630412242603,0.0006964641960697974,-0.0002363896490990504,-4.837080492687615e-07,-0.0046622731484432765,-0.07082775454545288,0.15816631690102761,-0.00043621356262387665,-0.030116986437374135,0.06787340195560755,-0.14636177416660429,-0.07674130070223169,-0.03764948119443199,-0.06369673685409435,0.009998596672206319,-0.018848684688843854,-0.007949760398709453,-0.005667539523578659,-0.001264982026187339,-6.077228249557753e-06
307.36,0.92,0.025,0.009797958971132711,0.5248792922602417,0.5278473586035246,-0.0055771442586975955,-0.08356979600374041,0.18683136523251798,-0.0005154819449103791,-0.0004293679463216464,0.0006958917343502337,-0.00023576889724832945,-4.822391379620733e-07,-0.004720494900561645,-0.07073347533756588,0.15813406753280324,-0.00043630391817214495,-0.03001721913644401,0.06781437926778311,-0.1463320191400422,-0.0767254878372813,-0.03765022474332266,-0.0635840058331622,0.00997232480765355,-0.018799197002688846,-0.007948789928981227,-0.005668309809161859,-0.0012619175139750526,-6.062872960183517e-06
307.52,0.92,0.025,0.009797958971132711,0.5248792922602417,0.5278473586035246,-0.0056457545900135695,-0.08345849914160053,0.18679336314662726,-0.0005155884662298012,-0.0004282615162191257,0.0006953189965387631,-0.00023514945449740844,-4.807738385049251e-07,-0.004778566684987486,-0.07063927367345069,0.15810190256730533,-0.00043639407781690374,-0.02991762844910974,0.06775535549512694,-0.14630234200783004,-0.07670971632011278,-0.03765086523772208,-0.0634714174659413,0.009946108388710184,-0.01874981365915421,-0.0079478155884652,-0.005669080290499111,-0.00125885808778422,-6.048536897425478e-06
307.68000000000006,0.92,0.025,0.009797958971132711,0.5248792922602417,0.5278473586035246,-0.005714188046575507,-0.08334729393947304,0.18675546059911993,-0.0005156947563078568,-0.00042715701151250195,0.0006947459845069855,-0.00023453132072460698,-4.793121482435357e-07,-0.004836488762621509,-0.07054514959036999,0.1580698218510951,-0.00043648404173897,-0.029818214151819667,0.06769633079900163,-0.1462727426282754,-0.07669398607572049,-0.03765140292408884,-0.06335897164680884,0.009919947410037537,-0.01870053464863901,-0.007946837367068447,-0.005669850960568232,-0.0012558037561876318,-6.034220132819603e-06
307.84000000000003,0.92,0.025,0.009797958971132711,0.5248792922602417,0.5278473586035246,-0.005782444936262643,-0.08323618044108375,0.18671765740857643,-0.0005158008153569021,-0.00042605442990064485,0.0006941727001220368,-0.0002339144958103822,-4.778540645369737e-07,-0.0048942613940527015,-0.07045110312533329,0.1580378252306191,-0.00043657381011808193,-0.02971897602118778,0.06763730534038363,-0.14624322085957916,-0.07667829702904383,-0.037651838048472615,-0.06324666827005306,0.009893841866388017,-0.01865135996171237,-0.007945855254688642,-0.005670621812307773,-0.0012527545277492402,-6.019922737850573e-06
308.0,0.92,0.025,0.009797958971132711,0.5248792922602417,0.5278473586035246,-0.005850525566586124,-0.08312515868986009,0.18667995339343696,-0.0005159066435880516,-0.00042495376908365727,0.000693599145246594,-0.0002332989796372367,-4.7639958475701513e-07,-0.004951884839558496,-0.07035713431509759,0.15800591255220506,-0.00043666338313292686,-0.029619913833993875,0.06757827927986405,-0.1462137765598322,-0.07666264910496531,-0.037652170856514504,-0.06313450722987361,0.009867791752601223,-0.01860228958910617,-0.007944869241214125,-0.00567139283861688,-0.0012497104110236806,-6.005644783949801e-06
308.15999999999997,0.92,0.025,0.009797958971132711,0.5248792922602417,0.5278473586035246,-0.0059184302446892234,-0.08301422872893184,0.18664234837199808,-0.0005160122412111859,-0.0004238550267628773,0.0006930253217388833,-0.00023268477208963212,-4.749487062876098e-07,-0.005009359359104959,-0.07026324319616792,0.1579740836620592,-0.0004367527609611478,-0.029521027367183674,0.06751925277764925,-0.14618440958701234,-0.07664704222830905,-0.03765240159344755,-0.06302248842038205,0.009841797063600275,-0.01855332352170815,-0.007943879316523999,-0.005672164032355189,-0.0012466714145558124,-5.991386342491199e-06
308.32000000000005,0.92,0.025,0.009797958971132711,0.5248792922602417,0.5278473586035246,-0.005986159277347532,-0.08290339060113179,0.18660484216240808,-0.0005161176084349681,-0.00042275820064087996,0.0006924512314526856,-0.00023207187305389974,-4.7350142652475235e-07,-0.005066685212346951,-0.07016942980479796,0.1579423384062622,-0.000436841943779357,-0.029422316397868957,0.06746022599356144,-0.14615511979898116,-0.07663147632383895,-0.037652530504097184,-0.06291061173560221,0.009815857794388021,-0.01850446175055477,-0.007942885470488192,-0.005672935386342705,-0.0012436375468802565,-5.977147484789188e-06
308.48,0.92,0.025,0.009797958971132711,0.5248792922602417,0.5278473586035246,-0.006053712970969125,-0.08279264434899648,0.1865674345826633,-0.00051622274546684,-0.00042166328842147953,0.0006918768762373448,-0.0002314602824181531,-4.7205774287653936e-07,-0.005123862658628267,-0.07007569417699062,0.15791067663076624,-0.0004369309317631334,-0.029323780703327716,0.06740119908703932,-0.14612590705348077,-0.07661595131625713,-0.03765255783288173,-0.06279887706947075,0.009789973940043373,-0.01845570426682425,-0.007941887692967572,-0.005673706893359675,-0.0012406088165209318,-5.96292828209752e-06
308.64,0.92,0.025,0.009797958971132711,0.5248792922602417,0.5278473586035246,-0.006121091631594828,-0.08268199001476693,0.18653012545060457,-0.000516327652513079,-0.00042057028780973063,0.0006913022579377732,-0.00023085000007219808,-4.706176527624028e-07,-0.005180891956981863,-0.06998203634849874,0.15787909818139173,-0.00043701972508707006,-0.029225420061004266,0.06734217221713876,-0.14609677120813114,-0.0766004671302024,-0.03765248382381282,-0.06268728431583742,0.009764145495717455,-0.01840705106182942,-0.007940885973813996,-0.005674478546146477,-0.0012375852319905802,-5.948728805604076e-06
308.80000000000007,0.92,0.025,0.009797958971132711,0.5248792922602417,0.5278473586035246,-0.00618829556489834,-0.08257142764038934,0.1864929145839129,-0.0005164323297787495,-0.0004194791965119307,0.0006907273783944588,-0.00023024102590744164,-4.691811536133937e-07,-0.005237773366129955,-0.06988845635482555,0.15784760290382388,-0.00043710832392473357,-0.029127234248509448,0.06728314554253345,-0.14606771212042685,-0.0765850236902486,-0.03765230872049586,-0.06257583336846564,0.009738372456629773,-0.018358502127010422,-0.007939880302870413,-0.005675250337403489,-0.0012345668017902846,-5.934549126430563e-06
308.96000000000004,0.92,0.025,0.009797958971132711,0.5248792922602417,0.5278473586035246,-0.006255325076186476,-0.08246095726751573,0.18645580180010624,-0.0005165367774677517,-0.0004183900122356215,0.0006901522394434721,-0.00022963335981680873,-4.6774824287147786e-07,-0.005294507144484234,-0.06979495423122532,0.15781619064360994,-0.00043719672844870505,-0.02902922304362065,0.06722411922151543,-0.14603872964773437,-0.07656962092090308,-0.037652032766130536,-0.06246452412103283,0.009712654818064664,-0.018310057453928098,-0.007938870669970954,-0.005676022259790981,-0.0012315535344090292,-5.92038931562766e-06
309.12,0.92,0.025,0.009797958971132711,0.5248792922602417,0.5278473586035246,-0.006322180470399367,-0.08235057893750475,0.18641878691653543,-0.0005166409957828302,-0.00041730273268959133,0.0006895768429164731,-0.00022902700169464613,-4.66318917989697e-07,-0.0053510935501460246,-0.06970153001270402,0.1577848612461556,-0.00043728493883058746,-0.028931386224282058,0.06716509341199589,-0.14600982364728912,-0.07655425874660518,-0.03765165620351125,-0.06235335646713095,0.009686992575367257,-0.01826171703425633,-0.00793785706494101,-0.005676794305928993,-0.0012285454383231878,-5.906249444174341e-06
309.28,0.92,0.025,0.009797958971132711,0.5248792922602417,0.5278473586035246,-0.006388862052110649,-0.08224029269142233,0.18638186975038087,-0.0005167449849255876,-0.0004162173555838764,0.0006890011906407175,-0.00022842195143664009,-4.6489317643166425e-07,-0.0054075328409064535,-0.06960818373401986,0.15775361455672238,-0.00043737295524101736,-0.028833723568604704,0.06710606827150566,-0.14598099397619266,-0.07653893709172474,-0.03765117927502756,-0.06224233030026679,0.009661385723939963,-0.018213480859775456,-0.007936839477597315,-0.00567756646839721,-0.0012255425219960848,-5.892129582973848e-06
309.44000000000005,0.92,0.025,0.009797958971132711,0.5248792922602417,0.5278473586035246,-0.006455370125527643,-0.08213009857004239,0.18634505011864808,-0.0005168487450964815,-0.0004151338786297628,0.0006884252844390638,-0.00022781820893972063,-4.634710156714572e-07,-0.005463825274246597,-0.06951491542968388,0.15772245042042374,-0.00043746077784966194,-0.028736234854866653,0.06704704395719589,-0.14595224049140926,-0.07652365588056029,-0.037650602222664704,-0.0621314455138625,0.00963583425923843,-0.018165348922364672,-0.00793581789774804,-0.005678338739734844,-0.0012225447938774912,-5.878029802851529e-06
309.6,0.92,0.025,0.009797958971132711,0.5248792922602417,0.5278473586035246,-0.006521704994491604,-0.08201999661384751,0.186308327838166,-0.0005169522764948542,-0.00041405229953978847,0.0006878491261299797,-0.00022721577410197792,-4.6205243319334556e-07,-0.005519971107337694,-0.06942172513396054,0.15769136868222372,-0.00043754840682524467,-0.028638919861513106,0.06698802062583875,-0.14592356304976478,-0.07650841503733836,-0.03764992528800398,-0.062020702001256006,0.009610338176768006,-0.01811732121399534,-0.007934792315192883,-0.005679111112440524,-0.001219552262403165,-5.863950174552038e-06
309.76,0.92,0.025,0.009797958971132711,0.5248792922602417,0.5278473586035246,-0.0065878669624778825,-0.08190998686302972,0.18627170272558052,-0.0005170555793189514,-0.00041297261602774466,0.0006872727175275493,-0.00022661464682257018,-4.6063742649146896e-07,-0.00557597059704128,-0.06932861288086836,0.15766036918693135,-0.0004376358423355605,-0.028541778367156545,0.06692899843382794,-0.14589496150794132,-0.07649321448621077,-0.037649148712223295,-0.06191009965570138,0.00958489747207982,-0.01806939772672366,-0.00793376271972315,-0.005679883578972156,-0.0012165649359943788,-5.849890768736298e-06
309.91999999999996,0.92,0.025,0.009797958971132711,0.5248792922602417,0.5278473586035246,-0.006653856332596133,-0.08180006935749111,0.18623517459735436,-0.000517158653765885,-0.0004118948258086784,0.0006866960604414796,-0.00022601482700163378,-4.5922599306979667e-07,-0.005631823999909367,-0.06923557870418048,0.15762945177920074,-0.0004377230845474451,-0.02844481015057685,0.06686997753717941,-0.14586643572247734,-0.07647805415125457,-0.037648272736097575,-0.06179963837036936,0.009559512140767008,-0.018021578452683498,-0.007932729101121845,-0.005680656131746827,-0.0012135828230574147,-5.835851655979338e-06
310.08000000000004,0.92,0.025,0.009797958971132711,0.5248792922602417,0.5278473586035246,-0.0067196734075905115,-0.08169024413684457,0.18619874326976132,-0.0005172615000317149,-0.0004108189265988931,0.000686119156677107,-0.0002254163145401954,-4.5781813044172493e-07,-0.00568753157218461,-0.06914262263742525,0.15759861630352598,-0.00043781013362684354,-0.028348014990721458,0.066810958091532,-0.14583798554976304,-0.0764629339564697,-0.03764729759999923,-0.06168931803834763,0.009534182178460962,-0.017973863384079386,-0.007931691449163768,-0.005681428763140666,-0.0012106059319831092,-5.821832906767232e-06
310.24,0.92,0.025,0.009797958971132711,0.5248792922602417,0.5278473586035246,-0.006785318489839892,-0.0815805112404145,0.18616240855888333,-0.0005173641183114189,-0.0004097449161159517,0.0006855420080354043,-0.00022481910934008258,-4.5641383612987e-07,-0.005743093569800485,-0.06904974471388683,0.15756786260423886,-0.00043789698973878497,-0.02825139266670547,0.06675194025214796,-0.14580961084603825,-0.07644785382577769,-0.037646223543898634,-0.061579138552641424,0.009508907580827558,-0.0179262525131794,-0.007930649753615602,-0.005682201465488738,-0.00120763427114637,-5.807834591494233e-06
310.4,0.92,0.025,0.009797958971132711,0.5248792922602417,0.5278473586035246,-0.006850791881358061,-0.08147087070723749,0.18612617028060877,-0.0005174665087989019,-0.0004086727920786772,0.0006849646163129871,-0.00022422321130383287,-4.55013107665815e-07,-0.005798510248381464,-0.06895694496660582,0.15753719052550727,-0.0004379836530473906,-0.02815494295781177,0.06669292417391379,-0.1457813114673908,-0.07643281368302103,-0.03764505080736457,-0.06146909980617379,0.009483688343563303,-0.0178787458323079,-0.007929604004235995,-0.005682974231084915,-0.0012046678489056742,-5.793856780459784e-06
310.56000000000006,0.92,0.025,0.009797958971132711,0.5248792922602417,0.5278473586035246,-0.006916093883793915,-0.081361322576063,0.18609002825062612,-0.0005175686716870357,-0.0004076025522071555,0.000684386983302121,-0.00022362862033460478,-4.5361594258997465e-07,-0.005853781863243169,-0.06886422342837972,0.15750659991132995,-0.000438070123715907,-0.028058665643491174,0.0666339100113406,-0.1457530872697519,-0.07641781345196051,-0.037643779629564715,-0.06135920169178611,0.009458524462391574,-0.01783134333383846,-0.007928554190775665,-0.005683747052181764,-0.0012017066736026085,-5.779899543866633e-06
310.72,0.92,0.025,0.009797958971132711,0.5248792922602417,0.5278473586035246,-0.006981224798431673,-0.08125186688535412,0.18605398228442438,-0.0005176706071676426,-0.0004065341942227361,0.0006838091107907275,-0.00022303533633609047,-4.5222233845125984e-07,-0.005908908669392568,-0.06877158013176372,0.1574760906055368,-0.0004381564019066927,-0.02796256050336256,0.066574897918565,-0.14572493810889622,-0.07640285305627534,-0.03764241024926605,-0.06124944410223846,0.009433415933058903,-0.017784045010186867,-0.007927500302977475,-0.005684519920990417,-0.0011987507535613743,-5.765962951817205e-06
310.88,0.92,0.025,0.009797958971132711,0.5248792922602417,0.5278473586035246,-0.007046184926191056,-0.08114250367328814,0.18601803219728738,-0.0005177723154315305,-0.0004054677158480348,0.0006832310005623917,-0.000222443359212423,-4.5083229280677286e-07,-0.00596389092152811,-0.06867901510907108,0.15744566245178404,-0.00043824248778124745,-0.027866627317212966,0.06651588804934949,-0.14569686384043765,-0.07638793241956086,-0.03764094290483543,-0.0611398269302101,0.009408362751331065,-0.017736850853803783,-0.00792644233057656,-0.005685292829680467,-0.0011958000970883004,-5.752047074310651e-06
311.03999999999996,0.92,0.025,0.009797958971132711,0.5248792922602417,0.5278473586035246,-0.007110974567627518,-0.08103323297775744,0.18598217780429135,-0.0005178737966684819,-0.00040440311480693475,0.0006826526543963676,-0.00022185268886808798,-4.494458032218321e-07,-0.006018728874039932,-0.0685865283923739,0.1574153152935522,-0.0004383283815002031,-0.02777086586499778,0.0664568805570833,-0.1456688643198272,-0.07637305146532751,-0.03763937783423988,-0.06103035006829977,0.009383364912989332,-0.017689760857167648,-0.007925380263300365,-0.005686065770379832,-0.0011928547124713613,-5.738151981241302e-06
311.20000000000005,0.92,0.025,0.009797958971132711,0.5248792922602417,0.5278473586035246,-0.00717559402293242,-0.08092405483636994,0.1859464189203023,-0.0005179750510672756,-0.00040334038882458854,0.0006820740740675863,-0.0002212633252078358,-4.480628672694242e-07,-0.006073422781010001,-0.06849412001350352,0.15738504897414388,-0.00043841408322334204,-0.027675275926840777,0.06639787559478286,-0.1456409394023511,-0.07635821011699974,-0.0376377152750472,-0.06092101340902629,0.009358422413826752,-0.017642775012777716,-0.00792431409086881,-0.005686838735174648,-0.0011899146079796961,-5.724277742394256e-06
311.36,0.92,0.025,0.009797958971132711,0.5248792922602417,0.5278473586035246,-0.007240043591933276,-0.08081496928645,0.1859107553599729,-0.0005180760788157208,-0.0004022795356274196,0.0006814952613466617,-0.0002206752681365909,-4.466834825301493e-07,-0.006127972896212325,-0.06840179000405129,0.15735486333668106,-0.0004384995931096261,-0.027579857283034304,0.0663388733150925,-0.14561308894312827,-0.07634340829791464,-0.037635955464426385,-0.06081181684482879,0.009333535249644314,-0.01759589331314682,-0.007923243802994317,-0.005687611716109144,-0.0011869797918631153,-5.710424427443666e-06
311.52,0.92,0.025,0.009797958971132711,0.5248792922602417,0.5278473586035246,-0.007304323574093898,-0.080705976365039,0.18587518693773927,-0.0005181768801006448,-0.0004012205529431242,0.0006809162179998969,-0.00022008851755936064,-4.453076465918613e-07,-0.006182379473113076,-0.068309538395369,0.15732475822410252,-0.0004385849113171858,-0.0274846097140394,0.06627987387028504,-0.14558531279710799,-0.07632864593132072,-0.037634098639148024,-0.06070276026806722,0.009308703416247078,-0.017549115750794098,-0.007922169389381952,-0.00568838470518552,-0.0011840502723516066,-5.696592105949083e-06
311.68000000000006,0.92,0.025,0.009797958971132711,0.5248792922602417,0.5278473586035246,-0.0073684342685146585,-0.08059707610889606,0.18583971346781844,-0.0005182774551078797,-0.00040016343850067315,0.0006803369457892921,-0.00021950307338114753,-4.4393535704977783e-07,-0.006236642764870807,-0.06821736521856964,0.15729473347916154,-0.0004386700380033094,-0.027389533000485904,0.0662208774122625,-0.14555761081906765,-0.0763139229403768,-0.03763214503558485,-0.06059384357102281,0.009283926909440486,-0.017502442318238,-0.007921090839729498,-0.005689157694363833,-0.0011811260576548536,-5.6827808473543475e-06
311.84000000000003,0.92,0.025,0.009797958971132711,0.5248792922602417,0.5278473586035246,-0.007432375973932645,-0.0804882685544987,0.18580433476420544,-0.0005183778040223322,-0.0003991081900303132,0.0006797574464725498,-0.00021891893550686153,-4.4256661150558434e-07,-0.006290763024336591,-0.0681252705045277,0.1572647889444235,-0.000438754973324502,-0.027294626923172575,0.06616188409255655,-0.14552998286361069,-0.07629923924815077,-0.03763009488971217,-0.06048506664589835,0.0092592057250266,-0.017455873007989304,-0.00792000814372757,-0.005689930675561882,-0.0011782071559617562,-5.668990720981587e-06
312.0,0.92,0.025,0.009797958971132711,0.5248792922602417,0.5278473586035246,-0.007496148988721903,-0.0803795537380436,0.18576905064067026,-0.0005184779270279624,-0.00039805480526356894,0.0006791777218030822,-0.00021833610384122709,-4.4120140756785526e-07,-0.006344740504054219,-0.06803325428388012,0.1572349244622633,-0.00043883971743646734,-0.027199891263067252,0.06610289406232935,-0.14550242878516417,-0.07628459477761838,-0.03762794843710826,-0.06037642938481874,0.009234539858800217,-0.017409407812543704,-0.007918921291059686,-0.005690703640655067,-0.0011752935754399225,-5.655221796031663e-06
312.15999999999997,0.92,0.025,0.009797958971132711,0.5248792922602417,0.5278473586035246,-0.007559753610893609,-0.08027093169544719,0.18573386091075622,-0.0005185778243077918,-0.00039700328193324443,0.0006785977735300178,-0.0002177545782886952,-4.3983974285146935e-07,-0.006398575456260351,-0.0679413165870265,0.15720513987486406,-0.00043892427049411505,-0.027105325801306916,0.06604390747237396,-0.14547494843797748,-0.07626998945166255,-0.03762570591295493,-0.06026793167983129,0.009209929306545107,-0.01736304672437479,-0.007917830271402396,-0.0056914765814763,-0.0011723853242351812,-5.641474141579392e-06
312.32000000000005,0.92,0.025,0.009797958971132711,0.5248792922602417,0.5278473586035246,-0.007623190138096317,-0.0801624024623464,0.18569876538777566,-0.0005186774960439197,-0.0003959536177734249,0.0006780176033982078,-0.00021717435875335492,-4.384816149774336e-07,-0.006452268132884723,-0.06784945744413,0.15717543502421333,-0.0004390086326515737,-0.027010930319197855,0.06598492447311514,-0.14544754167611892,-0.0762554231930715,-0.03762336755203789,-0.06015957342290623,0.009185374064030288,-0.017316789735927002,-0.007916735074425361,-0.005692249489815868,-0.0011694824104711038,-5.627747826571113e-06
312.48,0.92,0.025,0.009797958971132711,0.5248792922602417,0.5278473586035246,-0.007686458867616103,-0.08005396607409936,0.18566376388480885,-0.0005187769424175524,-0.00039490581051947833,0.0006774372131482327,-0.0002165954451388441,-4.371270215726498e-07,-0.00650581878555027,-0.0677576768851177,0.1571458097521022,-0.00043909280406221636,-0.02691670459821579,0.06592594521460987,-0.14542020835347502,-0.07624089592453845,-0.037620933588747296,-0.06005135450593706,0.009160874127006233,-0.017270636839608527,-0.007915635689791452,-0.005693022357421306,-0.0011665848422485058,-5.61404291982188e-06
312.64,0.92,0.025,0.009797958971132711,0.5248792922602417,0.5278473586035246,-0.007749560096376829,-0.07994562256578595,0.18562885621470068,-0.00051887616360899,-0.0003938598579080573,0.0006768566045164092,-0.00021601783734825818,-4.3577596026974046e-07,-0.006559227665573349,-0.06766597493968124,0.15711626390012268,-0.00043917678487864916,-0.026822648420005937,0.06586696984654795,-0.1453929483237478,-0.07622640756866003,-0.037618404257078124,-0.05994327482074094,0.009136429491201022,-0.017224588027784007,-0.007914532107156869,-0.005693795175997304,-0.0011636926276449473,-5.600359490012773e-06
312.80000000000007,0.92,0.025,0.009797958971132711,0.5248792922602417,0.5278473586035246,-0.007812494120940322,-0.0798373719722087,0.18559404219005837,-0.0005189751597976507,-0.0003928157576771,0.0006762757792347965,-0.0002154415352840634,-4.3442842870672445e-07,-0.0066124950239638885,-0.06757435163727746,0.1570867973096654,-0.00043926057525273154,-0.026728761566383215,0.06580799851825275,-0.14536576144045296,-0.07621195804793554,-0.037615779790630695,-0.05983533425905914,0.009112040152316652,-0.01717864329276763,-0.007913424316171216,-0.005694567937205563,-0.0011608057747142545,-5.5866976056876424e-06
312.96000000000004,0.92,0.025,0.009797958971132711,0.5248792922602417,0.5278473586035246,-0.007875261237506571,-0.07972921432789327,0.18555932162325,-0.0005190739311620771,-0.00039177350756583294,0.000675694739031203,-0.00021486653884800644,-4.33084424526829e-07,-0.006665621111425562,-0.06748280700712887,0.15705740982191882,-0.0004393441753355821,-0.026635043819332266,0.06574903137868164,-0.145338647556919,-0.07619754728476621,-0.03761306042261109,-0.059727532712557464,0.009087706106025217,-0.01713280262681593,-0.007912312306477631,-0.005695340632664691,-0.0011579242914860125,-5.573057335250372e-06
313.12,0.92,0.025,0.009797958971132711,0.5248792922602417,0.5278473586035246,-0.00793786174191395,-0.07962114966708925,0.1855246943263998,-0.0005191724778799473,-0.0003907331053147715,0.0006751134856291928,-0.00021429284794102505,-4.317439453782465e-07,-0.006718606178355967,-0.06739134107822434,0.15702810127786482,-0.00043942758527758746,-0.026541494961007675,0.06569006857642679,-0.14531160652628317,-0.0761831752014533,-0.03761024638583163,-0.05961987007282663,0.009063427347965128,-0.017087066022120668,-0.00791119606771286,-0.005696113253950073,-0.0011550481859650859,-5.559438746962054e-06
313.28,0.92,0.025,0.009797958971132711,0.5248792922602417,0.5278473586035246,-0.008000295929639417,-0.07951317802377077,0.18549016011138855,-0.0005192708001280905,-0.0003896945486657222,0.000674532020748092,-0.00021372046246316033,-4.3040698891381083e-07,-0.0067714504748468025,-0.06729995387931959,0.15699887151827926,-0.0004395108052284158,-0.02644811477373401,0.06563111025971563,-0.145284638201492,-0.0761688417201982,-0.03760733791271133,-0.05951234623138262,0.009039203873737382,-0.017041433470801833,-0.007910075589507376,-0.005696885792593761,-0.0011521774661311173,-5.545841908937534e-06
313.44000000000005,0.92,0.025,0.009797958971132711,0.5248792922602417,0.5278473586035246,-0.008062564095798733,-0.07940529943163721,0.18545571878984993,-0.0005193688980825076,-0.0003886578353617842,0.0006739503461029964,-0.00021314938231346573,-4.290735527910708e-07,-0.006824154250684048,-0.06720864543893774,0.15696972038372897,-0.00043959383533703447,-0.026354903040005942,0.06557215657641162,-0.14525774243529851,-0.07615454676310092,-0.03760433523527636,-0.059404961079667216,0.009015035678901745,-0.016995904964900374,-0.00790895086148549,-0.005697658240084358,-0.0011493121399380282,-5.532266889144246e-06
313.6,0.92,0.025,0.009797958971132711,0.5248792922602417,0.5278473586035246,-0.008124666535146647,-0.07929751392411391,0.18542137017316856,-0.0005194667719183558,-0.00038762296314735046,0.0006733684634047766,-0.00021257960738992214,-4.2774363467152035e-07,-0.006876717755348122,-0.06711741578537002,0.1569406477145699,-0.0004396766757516964,-0.02626185954248843,0.06551320767401472,-0.14523091908026053,-0.07614029025215939,-0.0376012385851605,-0.05929771450904824,0.0089909227589731,-0.016950480496371465,-0.007907821873265438,-0.005698430587866884,-0.0011464522153135479,-5.5187137553963125e-06
313.76,0.92,0.025,0.009797958971132711,0.5248792922602417,0.5278473586035246,-0.008186603542077115,-0.07918982153435278,0.18538711407247785,-0.0005195644218099833,-0.0003865899297681103,0.0006727863743600854,-0.00021201113758934523,-4.2641723222095166e-07,-0.00692914123801407,-0.0670262649466762,0.15691165335094526,-0.0004397593266199699,-0.026168984064016763,0.06545426369966212,-0.14520416798873909,-0.0761260721092684,-0.037598048193605585,-0.059190606410820135,0.008966865109417584,-0.016905160057077085,-0.007906688614459489,-0.005699202827342674,-0.0011435977001586959,-5.505182575354873e-06
313.91999999999996,0.92,0.025,0.009797958971132711,0.5248792922602417,0.5278473586035246,-0.00824837541062351,-0.07908222229523297,0.1853529502986579,-0.0005196618479309341,-0.00038555873297104967,0.0006722040806713642,-0.00021144397280729806,-4.2509434310870957e-07,-0.006981424947551739,-0.06693519295068519,0.15688273713278406,-0.0004398417880887426,-0.026076276387596707,0.06539532480012877,-0.14517748901289673,-0.07611189225621882,-0.037594764291461975,-0.05908363667620419,0.008942862725648837,-0.01685994363877909,-0.00790555107467407,-0.005699974949869251,-0.001140748602347298,-5.491673416522397e-06
314.08000000000004,0.92,0.025,0.009797958971132711,0.5248792922602417,0.5278473586035246,-0.008309982434458825,-0.07897471623936166,0.18531887866233457,-0.0005197590504539517,-0.000384529370504454,0.0006716215840368493,-0.0002108781129380029,-4.237749650078706e-07,-0.00703356913252595,-0.0668441998249957,0.15685389889979998,-0.0004399240603042248,-0.02598373629640462,0.06533639112182806,-0.14515088200469692,-0.07609775061469719,-0.03759138710918902,-0.0589768051963491,0.008918915603024309,-0.01681483123313214,-0.007904409243509844,-0.005700746946760207,-0.0011379049297254842,-5.478186346241891e-06
314.24,0.92,0.025,0.009797958971132711,0.5248792922602417,0.5278473586035246,-0.008371424906895884,-0.07886730339907456,0.18528489897387546,-0.0005198560295510104,-0.0003835018401179089,0.0006710388861505789,-0.00021031355787425415,-4.2245909559471675e-07,-0.007085574041196676,-0.06675328559697671,0.1568251384914882,-0.00044000614341197517,-0.025891363573787553,0.06527746281081237,-0.14512434681590075,-0.07608364710628403,-0.037587916876855504,-0.05887011186233123,0.008895023736841536,-0.016769822831676787,-0.007903263110561838,-0.005701518809285092,-0.0011350666901112172,-5.464721431692631e-06
314.4,0.92,0.025,0.009797958971132711,0.5248792922602417,0.5278473586035246,-0.008432703120887555,-0.07875998380643671,0.18525101104339045,-0.0005199527853932823,-0.0003824761395623019,0.000670455988702399,-0.00020975030750732752,-4.211467325486248e-07,-0.007137439921519227,-0.06666245029376804,0.1567964557471257,-0.00044008803755687416,-0.025799158003263357,0.0652185400127737,-0.14509788329806744,-0.07606958165245409,-0.0375843538241401,-0.05876355656515508,0.00887118712233432,-0.01672491842583224,-0.007902112665419547,-0.005702290528669286,-0.0011322338912937678,-5.451278739887475e-06
314.56000000000006,0.92,0.025,0.009797958971132711,0.5248792922602417,0.5278473586035246,-0.008493817369026933,-0.07865275749324314,0.18521721468072758,-0.0005200493181512155,-0.0003814522665898246,0.0006698728933779703,-0.00020918836172689252,-4.1983787355187663e-07,-0.007189167021144397,-0.066571693942281,0.15676785050576783,-0.00044016974288318885,-0.025707119368520853,0.06515962287304439,-0.14507149130255112,-0.07605555417457459,-0.03758069818033181,-0.05865713919575373,0.00884740575466902,-0.016680118006889354,-0.007900957897667026,-0.0057030620960938855,-0.0011294065410332411,-5.437858337670689e-06
314.72,0.92,0.025,0.009797958971132711,0.5248792922602417,0.5278473586035246,-0.008554767943547594,-0.07854562449101944,0.1851835096954734,-0.0005201456279944834,-0.0003804302189539732,0.000669289601858775,-0.00020862772042092682,-4.185325162892594e-07,-0.007240755587418684,-0.06648101656919886,0.1567393226062487,-0.00044025125953453076,-0.025615247453419844,0.0651007115365975,-0.14504517068050113,-0.07604156459390543,-0.03757695017433049,-0.05855085964498912,0.008823679628940902,-0.016635421566003856,-0.007899798796883033,-0.005703833502695591,-0.0011265846470600803,-5.424460291713666e-06
314.88,0.92,0.025,0.009797958971132711,0.5248792922602417,0.5278473586035246,-0.008615555136323762,-0.07843858483102255,0.18514989589694977,-0.0005202417150920248,-0.0003794099944095509,0.000668706115822123,-0.00020806838347562476,-4.1723065844815104e-07,-0.007292205867384432,-0.06639041820097749,0.1567108718871783,-0.00044033258765388984,-0.025523542041991316,0.06504180614804764,-0.14501892128285945,-0.0760276128315978,-0.03757311003464723,-0.05844471780365258,0.008800008740170312,-0.016590829094188998,-0.007898635352641108,-0.00570460473956658,-0.0011237682170745637,-5.411084668513896e-06
315.03999999999996,0.92,0.025,0.009797958971132711,0.5248792922602417,0.5278473586035246,-0.008676179238870537,-0.07833163854424134,0.18511637309421317,-0.0005203375796120619,-0.00037839159071266883,0.0006681224369411576,-0.00020751035077531211,-4.159322977177866e-07,-0.007343518107780023,-0.06629989886384588,0.15668249818694202,-0.00044041372738364915,-0.025432002918437502,0.06498290685165148,-0.14499274296036024,-0.07601369880869388,-0.037569177989404824,-0.05833871356246506,0.008776393083299009,-0.01654634058230881,-0.007897467554509688,-0.00570537579775439,-0.0011209572587463196,-5.397731534389348e-06
315.20000000000005,0.92,0.025,0.009797958971132711,0.5248792922602417,0.5278473586035246,-0.0087366405423441,-0.07822478566139734,0.18508294109605222,-0.0005204332217220723,-0.0003773750056207481,0.0006675385668848636,-0.00020695362220235809,-4.146374317895235e-07,-0.007394692555040047,-0.06620945858380671,0.15665420134369862,-0.000440494678865562,-0.025340629867132005,0.06492401379130837,-0.14496663556352785,-0.07599982244612587,-0.03756515426633825,-0.05823284681207771,0.008752832653186483,-0.01650195602107105,-0.007896295392052237,-0.005706146668261809,-0.0011181517797138356,-5.384400955478009e-06
315.36,0.92,0.025,0.009797958971132711,0.5248792922602417,0.5278473586035246,-0.008796939337541927,-0.07811802621294536,0.18504959971098767,-0.0005205286415888529,-0.00037636023689252107,0.0006669545073180726,-0.00020639819763708698,-4.13346058356335e-07,-0.007445729455295487,-0.06611909738663696,0.15662598119537996,-0.00044057544224080514,-0.02524942267261991,0.06486512711056094,-0.1449405989426768,-0.07598598366471591,-0.037561039092795144,-0.058127117443072154,0.008729327444606198,-0.016457675401020187,-0.00789511885482734,-0.005706917342046753,-0.001115351787583953,-5.371092997733695e-06
315.52,0.92,0.025,0.009797958971132711,0.5248792922602417,0.5278473586035246,-0.008857075914902991,-0.07801136022907416,0.18501634874726897,-0.0005206238393784943,-0.0003753472822880325,0.0006663702599014699,-0.00020584407695769177,-4.1205817511267555e-07,-0.007496629054373892,-0.06602881529788837,0.15659783757968845,-0.00044065601764995766,-0.02515838111961789,0.06480624695259571,-0.1449146329479093,-0.07597218238517472,-0.03755683269573618,-0.058021525345960896,0.008705877452241929,-0.0164134987125305,-0.007893937932388823,-0.005707687810022142,-0.0011125572899313891,-5.357807726923485e-06
315.68000000000006,0.92,0.025,0.009797958971132711,0.5248792922602417,0.5278473586035246,-0.008917050564507987,-0.07790478773970715,0.18498318801287442,-0.0005207188152564043,-0.00037433613956864176,0.0006657858262916007,-0.00020529126004014512,-4.107737797541641e-07,-0.00754739159779956,-0.06593861234288813,0.1565697703340969,-0.0004407364052330206,-0.0250675049930143,0.06474737346024374,-0.144888737429115,-0.07595841852810158,-0.037552535301735586,-0.05791607041118773,0.008682482670683998,-0.016369425945798977,-0.007892752614285865,-0.0057084580630557945,-0.0011097682942982276,-5.344545208624311e-06
315.84000000000003,0.92,0.025,0.009797958971132711,0.5248792922602417,0.5278473586035246,-0.008976863576079522,-0.07779830877450297,0.18495011731550995,-0.0005208135693873086,-0.0003733268064970237,0.000665201208140877,-0.0002047397467581167,-4.0949286997746377e-07,-0.007598017330793708,-0.06584848854673932,0.15654177929584762,-0.00044081660512941805,-0.02497679407786931,0.06468850677598115,-0.1448629122359704,-0.07594469201398386,-0.03754814713698159,-0.057810752529128144,0.008659143094425776,-0.01632545709083875,-0.007891562890063108,-0.005709228091970302,-0.001106984808193448,-5.331305508220569e-06
316.0,0.92,0.025,0.009797958971132711,0.5248792922602417,0.5278473586035246,-0.009036515238982338,-0.07769192336285628,0.18491713646260635,-0.0005209081019352752,-0.0003723192808371704,0.0006646164070975837,-0.00020418953698288063,-4.082154434799716e-07,-0.007648506498274651,-0.06575844393432156,0.15651386430195002,-0.00044089661747801693,-0.024886248159415002,0.0646296470419298,-0.14483715721793647,-0.0759310027631959,-0.03754366842727687,-0.0577055715900897,0.008635858717859761,-0.016281592137471695,-0.007890368749260785,-0.005709997887542915,-0.0011042068390924118,-5.3180886909008155e-06
316.15999999999997,0.92,0.025,0.009797958971132711,0.5248792922602417,0.5278473586035246,-0.00909600584222354,-0.07758563153389829,0.18488424526131947,-0.0005210024130637077,-0.00037131356035439257,0.000664031424805885,-0.00020364063058323433,-4.069414979596337e-07,-0.007698859344858005,-0.06566847853029152,0.1564860251891808,-0.00044097644241712224,-0.024795867023055446,0.0645707943998579,-0.14481147222425894,-0.07591735069599904,-0.037539099398038976,-0.05760052748431236,0.008612629535274136,-0.01623783107532197,-0.007889170181414818,-0.005710767440505427,-0.0011014343944363944,-5.304894821654958e-06
316.32000000000005,0.92,0.025,0.009797958971132711,0.5248792922602417,0.5278473586035246,-0.009155335674452756,-0.07747943331649747,0.1848514435185289,-0.0005210965029353802,-0.0003703096428153214,0.0006634462629058313,-0.0002030930274254067,-4.056710311146993e-07,-0.007749076114856813,-0.06557859235908346,0.15645826179408287,-0.0004410560800845058,-0.02470565045436686,0.06451194899118047,-0.14478585710396716,-0.07590373573254104,-0.03753444027430085,-0.05749562010196903,0.008589455540848894,-0.01619417389380869,-0.00788796717605695,-0.005711536741544057,-0.001098667481632064,-5.291723965271276e-06
316.48,0.92,0.025,0.009797958971132711,0.5248792922602417,0.5278473586035246,-0.009214505023962401,-0.07737332873926023,0.18481873104083626,-0.0005211903717124323,-0.00036930752598790935,0.000662860923033365,-0.00020254672737297742,-4.0440404064344565e-07,-0.007799157052281776,-0.06548878544490987,0.1564305739529638,-0.00044113553061740266,-0.02461559823909769,0.06445311095696019,-0.14476031170587286,-0.07589015779285543,-0.037529691280711215,-0.05739084933316574,0.008566336728652403,-0.016150620582139515,-0.00788675972271485,-0.005712305781299327,-0.0010959061080510289,-5.278576186333242e-06
316.64,0.92,0.025,0.009797958971132711,0.5248792922602417,0.5278473586035246,-0.009273514178687875,-0.07726731783053156,0.18478610763456488,-0.0005212840195563716,-0.0003683072076414319,0.0006622754068203278,-0.00020200173028678606,-4.0314052424404135e-07,-0.007849102400841418,-0.06539905781176192,0.15640296150189573,-0.00044121479415251295,-0.02452571016316868,0.06439428043790778,-0.1447348358785698,-0.07587661679686135,-0.03752485264153508,-0.0572862150679422,0.008543273092637575,-0.016107171129303384,-0.007885547810912236,-0.005713074550365958,-0.0010931502810293142,-5.265451549216894e-06
316.80000000000007,0.92,0.025,0.009797958971132711,0.5248792922602417,0.5278473586035246,-0.009332363426207756,-0.07716140061839569,0.18475357310575832,-0.0005213774466280852,-0.0003673086855464892,0.0006616897158944659,-0.00020145803602484991,-4.018804796142437e-07,-0.007898912403942245,-0.06530940948341012,0.15637542427671386,-0.0004412938708260113,-0.024435986012673043,0.0643354575743827,-0.14470942947043278,-0.0758631126643629,-0.037519924580654146,-0.05718171719627211,0.008520264626638373,-0.01606382552406397,-0.007884331430168997,-0.005713843039292739,-0.0010904000078668988,-5.252350118087576e-06
316.96000000000004,0.92,0.025,0.009797958971132711,0.5248792922602417,0.5278473586035246,-0.009391053053744018,-0.0770555771306767,0.18472112726017983,-0.0005214706530878816,-0.00036631195747500734,0.0006611038518794377,-0.00020091564444227604,-4.0062390445120765e-07,-0.007948587304688937,-0.06521984048340476,0.15634796211301621,-0.00044137276077358306,-0.024346425573876507,0.06427664250639377,-0.14468409232961707,-0.07584964531504895,-0.03751490732156731,-0.05707735560806358,0.008497311324366097,-0.016020583754952675,-0.007883110570001304,-0.0057146112385824226,-0.0010876552958272118,-5.239271956897296e-06
317.12,0.92,0.025,0.009797958971132711,0.5248792922602417,0.5278473586035246,-0.009449583348162259,-0.07694984739493926,0.18468876990331182,-0.000521563639095468,-0.00036531702120023963,0.000660517816394819,-0.0002003745553911761,-3.993707964512769e-07,-0.007998127345884537,-0.0651303508350766,0.15632057484616313,-0.0004414514641304041,-0.02425702863321745,0.06421783537359968,-0.144658824304058,-0.0758362146684929,-0.03750980108739105,-0.05697313019315942,0.00847441317940577,-0.01597744581026184,-0.007881885219921737,-0.005715379138691604,-0.0010849161521366457,-5.2262171293816695e-06
317.28,0.92,0.025,0.009797958971132711,0.5248792922602417,0.5278473586035246,-0.009507954595971906,-0.0768442114384892,0.18465650084035398,-0.0005216564048099509,-0.00036432387449676813,0.0006599316110561109,-0.00019983476872058266,-3.981211533097221e-07,-0.008047532770030622,-0.06504094056153727,0.1562932623112756,-0.0004415299810311424,-0.02416779497730699,0.0641590363153097,-0.14463362524146964,-0.07582282064415186,-0.037504606100859976,-0.056869040841337676,0.008451570185212596,-0.015934411678038062,-0.007880655369439401,-0.005716146730030602,-0.0010821825839840832,-5.213185699056791e-06
317.44000000000005,0.92,0.025,0.009797958971132711,0.5248792922602417,0.5278473586035246,-0.009566167083326417,-0.07673866928837421,0.1846243198762239,-0.0005217489503899092,-0.00036333251514050535,0.0006593452374747442,-0.00019929628427636177,-3.968749727204179e-07,-0.00809680381932748,-0.06495160968567994,0.15626602434323592,-0.00044160831161001916,-0.02407872439292908,0.06410024547048418,-0.14460849498934517,-0.07580946316136697,-0.03749932258432715,-0.056765087442311866,0.008428782335108256,-0.01589148134607525,-0.00787942100806005,-0.00571691400296335,-0.0010794545985203918,-5.200177729216014e-06
317.6,0.92,0.025,0.009797958971132711,0.5248792922602417,0.5278473586035246,-0.009624221096023518,-0.07663322097138445,0.1845922268155558,-0.0005218412759932954,-0.0003623429409086951,0.0006587586972580878,-0.00019875910190113086,-3.9563225237590377e-07,-0.008145940735674305,-0.0648623582301798,0.15623886077668642,-0.00044168645600072524,-0.023989816667040618,0.06404146297773522,-0.14458343339495586,-0.07579614213936278,-0.037493950759764694,-0.05666126988573148,0.00840604962227744,-0.015848654801908054,-0.00787818212528621,-0.005717680947807279,-0.0010767322028579585,-5.187193282927999e-06
317.76,0.92,0.025,0.009797958971132711,0.5248792922602417,0.5278473586035246,-0.009682116919505376,-0.07652786651405326,0.18456022146269957,-0.0005219333817775697,-0.00036135514957991437,0.0006581719920094538,-0.0001982232214341718,-3.943929899668508e-07,-0.00819494376066935,-0.06477318621749469,0.15621177144602894,-0.000441764414336535,-0.023901071586771554,0.06398268897532725,-0.14455844030535048,-0.07578285749724696,-0.03748849084876409,-0.05655758806118224,0.008383372039764157,-0.015805932032804955,-0.007876938710617296,-0.005718447554833196,-0.0010740154040701905,-5.174232423032768e-06
317.91999999999996,0.92,0.025,0.009797958971132711,0.5248792922602417,0.5278473586035246,-0.009739854838858855,-0.07642260594265779,0.1845283036217211,-0.0005220252678996306,-0.00036036913893407435,0.0006575851233281043,-0.00019768864271134889,-3.931571831819905e-07,-0.008243813135610135,-0.06468409366986555,0.15618475618542474,-0.0004418421867502474,-0.02381248893942499,0.06392392360117757,-0.14453351556735533,-0.07576960915401028,-0.03748294307253676,-0.056454041858186574,0.00836074958046826,-0.015763313025761706,-0.007875690753549738,-0.005719213814265168,-0.0010713042091910453,-5.161295212139146e-06
318.08000000000004,0.92,0.025,0.009797958971132711,0.5248792922602417,0.5278473586035246,-0.009797435138815707,-0.07631743928321955,0.18449647309640124,-0.0005221169345158197,-0.0003593849067524223,0.0006569980928092575,-0.00019715536556502228,-3.919248297078934e-07,-0.008292549101493615,-0.06459508060931703,0.156157814828794,-0.00044191977337418987,-0.023724068512477235,0.06386516699285703,-0.1445086590275737,-0.07575639702852635,-0.03747730765191439,-0.056350631166203986,0.008338182237141785,-0.015720797767494462,-0.007874438243577116,-0.005719979716280429,-0.001068598625214535,-5.148381712621766e-06
318.24,0.92,0.025,0.009797958971132711,0.5248792922602417,0.5278473586035246,-0.009854858103752797,-0.07621236656150522,0.184464729690236,-0.0005222083817819891,-0.00035840245081754217,0.0006564109020440945,-0.0001966233898239672,-3.9069592722874476e-07,-0.008341151899016368,-0.06450614705765802,0.15613094720981577,-0.0004419971743402756,-0.023635810093577965,0.06380641928759055,-0.14448387053238584,-0.07574322103955149,-0.03747158480734954,-0.05624735587463134,0.00831567000238554,-0.015678386244433313,-0.007873181170190261,-0.005720745251009229,-0.0010658986590942575,-5.135491986618469e-06
318.4,0.92,0.025,0.009797958971132711,0.5248792922602417,0.5278473586035246,-0.009912124017692307,-0.07610738780302721,0.18443307320643512,-0.0005222996098534541,-0.0003574217689133569,0.000655823552619766,-0.00019609271531328674,-3.8947047342598904e-07,-0.00838962176857477,-0.06441729303648223,0.1561041531619267,-0.0004420743897799636,-0.0235477134705503,0.06374768062225782,-0.14445914992794784,-0.07573008110572436,-0.03746577475891594,-0.056144215872803396,0.008293212868645386,-0.015636078442715348,-0.007871919522877411,-0.005721510408534751,-0.0010632043177429065,-5.1226260960263195e-06
318.56000000000006,0.92,0.025,0.009797958971132711,0.5248792922602417,0.5278473586035246,-0.009969233164301941,-0.07600250303304423,0.184401503447923,-0.000522390618885068,-0.00035644285882512885,0.0006552360461193966,-0.0001955633418543326,-3.882484659782966e-07,-0.008437958950265164,-0.06432851856716865,0.15607743251832204,-0.00044215141982432163,-0.023459778431390865,0.06368895113339372,-0.1444344970601925,-0.07571697714556609,-0.037459877726309,-0.056041211049992996,0.008270810828208906,-0.015593874348178332,-0.007870653291124309,-0.005722275178892981,-0.0010605156080318043,-5.10978410250005e-06
318.72,0.92,0.025,0.009797958971132711,0.5248792922602417,0.5278473586035246,-0.010026185826895167,-0.07589771227656213,0.18437002021733753,-0.000522481409031133,-0.00035546571833946204,0.0006546483841220943,-0.00019503526926461907,-3.8702990256126887e-07,-0.008486163683884069,-0.06423982367088218,0.1560507851119545,-0.00044222826460395097,-0.023372004764269972,0.06363023095718912,-0.14440991177482834,-0.07570390907748002,-0.03745389392884634,-0.05593834129541164,0.008248463873201748,-0.015551773946353847,-0.00786938246441435,-0.005723039552072592,-0.0010578325367904156,-5.096966067448172e-06
318.88,0.92,0.025,0.009797958971132711,0.5248792922602417,0.5278473586035246,-0.01008298228843141,-0.07579301555833429,0.1843386233170313,-0.0005225719804455232,-0.00035449034524430255,0.000654060568202954,-0.00019450849735774128,-3.8581478084720004e-07,-0.008534236208928346,-0.06415120836857414,0.1560242107755353,-0.0004423049242490908,-0.023284392257531594,0.06357152022949127,-0.14438539391734045,-0.07569087681975205,-0.03744782358546809,-0.055835606498209664,0.008226171995584177,-0.015509777222460787,-0.007868107032228696,-0.005723803518014837,-0.001055155110805867,-5.084172052030549e-06
319.03999999999996,0.92,0.025,0.009797958971132711,0.5248792922602417,0.5278473586035246,-0.010139622831516273,-0.07568841290286249,0.18430731254906962,-0.0005226623332815778,-0.0003535167373289409,0.0006534725999330657,-0.0001939830259432939,-3.8460309850481094e-07,-0.008582176764595374,-0.06406267268098281,0.15599770934153254,-0.00044238139888952747,-0.023196940699693577,0.06351281908580454,-0.14436094333298916,-0.07567788029054985,-0.03744166691473748,-0.05573300654747678,0.008203935187147605,-0.015467884161398859,-0.007866826984046421,-0.0057245670666134394,-0.0010524833368224897,-5.071402117154644e-06
319.20000000000005,0.92,0.025,0.009797958971132711,0.5248792922602417,0.5278473586035246,-0.010196107738401766,-0.07558390433439745,0.18427608771523174,-0.0005227524676922339,-0.00035254489238401227,0.0006528844808795195,-0.00019345885482678616,-3.8339485319925134e-07,-0.008629985589783255,-0.063974216628634,0.15597128064217214,-0.0004424576886547068,-0.02310964987944767,0.06345412766129098,-0.14433655986681085,-0.07566491940792337,-0.037435424134841175,-0.0556305413322423,0.008181753439511037,-0.015426094747741826,-0.007865542309344614,-0.005725330187714459,-0.0010498172215413237,-5.058656323474415e-06
319.36,0.92,0.025,0.009797958971132711,0.5248792922602417,0.5278473586035246,-0.0102524372909865,-0.07547948987693943,0.18424494861701077,-0.0005228423838299388,-0.00035157480820149873,0.000652296212605413,-0.00019293598380956345,-3.8219004259151974e-07,-0.008677662923090974,-0.06388584023184155,0.15594492450943792,-0.0004425337936736602,-0.023022519585659616,0.06339544609077087,-0.14431224336361786,-0.07565199408980477,-0.03742909546358982,-0.05552821074147565,0.0081596267441177,-0.015384408965731256,-0.007864252997598535,-0.0057260928711162,-0.0010471567716196638,-5.045934731384936e-06
319.52,0.92,0.025,0.009797958971132711,0.5248792922602417,0.5278473586035246,-0.010308611770815898,-0.07537516955423895,0.18421389505561386,-0.0005229320818466991,-0.0003506064825747303,0.0006517077966698566,-0.00019241441268872392,-3.809886643385326e-07,-0.008725209002818576,-0.06379754351070785,0.1559186407750716,-0.0004426097140750461,-0.022935549607369304,0.0633367745087233,-0.14428799366799883,-0.07563910425400858,-0.0374226811184184,-0.05542601466408662,0.008137555092231546,-0.015342826799269862,-0.007862959038281733,-0.005726855106569094,-0.0010445019936705783,-5.033237401021231e-06
319.68000000000006,0.92,0.025,0.009797958971132711,0.5248792922602417,0.5278473586035246,-0.010364631459082445,-0.07527094338979735,0.18418292683196213,-0.0005230215618940965,-0.0003496399132983857,0.0006511192346279809,-0.00019189414125703563,-3.79790716092815e-07,-0.008772624066967381,-0.06370932648512448,0.15589242927057276,-0.0004426854499871633,-0.022848739733790768,0.06327811304928681,-0.14426381062431837,-0.07562624981823145,-0.03741618131638679,-0.0553239529889258,0.008115538474933733,-0.015301348231914915,-0.007861660420866183,-0.005727616883775573,-0.0010418528942624326,-5.020564392254894e-06
319.84000000000003,0.92,0.025,0.009797958971132711,0.5248792922602417,0.5278473586035246,-0.010420496636625871,-0.07516681140686755,0.18415204374669022,-0.0005231108241232705,-0.0003486750981684947,0.0006505305280309422,-0.0001913751693028602,-3.785961955022738e-07,-0.008819908353240138,-0.0636211891747727,0.1558662898271986,-0.0004427610015379362,-0.022762089754312407,0.06321946184625997,-0.144239694076717,-0.07561343070005225,-0.03740959627418012,-0.055222025604784945,0.008093576883119392,-0.015259973246872142,-0.007860357134822405,-0.00572837819238997,-0.0010392094799184489,-5.007915764691066e-06
320.0,0.92,0.025,0.009797958971132711,0.5248792922602417,0.5278473586035246,-0.010476207583933375,-0.0750627736284545,0.18412124560014792,-0.0005231998686849454,-0.00034771203498243846,0.000649941678425929,-0.0001908574966100675,-3.7740510021010446e-07,-0.00886706209904121,-0.06353313159912388,0.1558402222759652,-0.0004428363688549378,-0.02267559945849694,0.06316082103310192,-0.14421564386911215,-0.07560064681693249,-0.03740292620810926,-0.055120232400397304,0.008071670307494021,-0.015218701826988932,-0.007859049169619624,-0.005729139022018407,-0.0010365717571162072,-4.995291577666191e-06
320.15999999999997,0.92,0.025,0.009797958971132711,0.5248792922602417,0.5278473586035246,-0.010531764581139857,-0.07495883007731599,0.18409053219239982,-0.0005232886957294416,-0.0003467507215389513,0.0006493526873561683,-0.00019034112295795728,-3.7621742785425756e-07,-0.008914085541476775,-0.06344515377744026,0.15581422644764722,-0.0004429115520653994,-0.022589268636081596,0.06310219074293302,-0.14419165984519813,-0.0755878980862163,-0.03739617133411127,-0.05501857326443804,0.008049818738570143,-0.015177533954748098,-0.007857736514725872,-0.00572989936221867,-0.0010339397322871933,-4.982691890243448e-06
320.32000000000005,0.92,0.025,0.009797958971132711,0.5248792922602417,0.5278473586035246,-0.01058716790802812,-0.07485498077596317,0.18405990332322522,-0.0005233773054066984,-0.00034579115563812177,0.0006487635563609317,-0.00018982604812117868,-3.7503317606768415e-07,-0.008960978917355,-0.06335725572877524,0.15578830217277784,-0.00044298655129622956,-0.022503097076978146,0.06304357110853538,-0.14416774184844597,-0.07557518442513032,-0.03738933186774984,-0.054917048085524535,0.008028022166663937,-0.015136469612261448,-0.007856419159608146,-0.005730659202500114,-0.0010313134118163376,-4.970116761212466e-06
320.48,0.92,0.025,0.009797958971132711,0.5248792922602417,0.5278473586035246,-0.010642417844029084,-0.07475122574666124,0.18402935879211993,-0.0005234656978662153,-0.00034483333508139423,0.0006481742869755422,-0.0001893122718696539,-3.738523424776433e-07,-0.009007742463186218,-0.06326943747197407,0.1557624492816503,-0.00044306136667396465,-0.02241708457127304,0.06298496226235346,-0.1441438897221047,-0.07556250575078449,-0.03738240802421572,-0.05481565675221684,0.008006280581891961,-0.015095508781263709,-0.007855097093732536,-0.005731418532323535,-0.0010286928020415609,-4.957566249083444e-06
320.64,0.92,0.025,0.009797958971132711,0.5248792922602417,0.5278473586035246,-0.010697514668222012,-0.07464756501143006,0.18399889839829486,-0.000523553873257183,-0.0003438772576715696,0.0006475848807313796,-0.00018879979396849256,-3.726749247057968e-07,-0.009054376415183111,-0.06318169902567441,0.1557366676043168,-0.0004431359983248797,-0.02233123090922745,0.06292636433649473,-0.14412010330920055,-0.07554986198017141,-0.0373754000183272,-0.054714399153017915,0.007984593974167556,-0.0150546514431057,-0.007853770306564346,-0.005732177341101067,-0.0010260779092532927,-4.9450404120866326e-06
320.80000000000007,0.92,0.025,0.009797958971132711,0.5248792922602417,0.5278473586035246,-0.010752458659334722,-0.07454399859204482,0.18396852194067856,-0.0005236418317283377,-0.000342922921212807,0.0006469953391558879,-0.00018828861417791778,-3.7150092036810656e-07,-0.00910088100926091,-0.06309404040830674,0.15571095697059034,-0.00044321044637486506,-0.02224553588127743,0.0628677774627301,-0.1440963824525386,-0.07553725303016744,-0.03736830806453057,-0.054613275176374106,0.00796296233319772,-0.01501389757874843,-0.007852438787568267,-0.005732935618196068,-0.0010234687396940279,-4.932539308169177e-06
320.96000000000004,0.92,0.025,0.009797958971132711,0.5248792922602417,0.5278473586035246,-0.010807250095743804,-0.07444052651003655,0.18393822921791686,-0.0005237295734281306,-0.00034197032351062517,0.0006464056637725802,-0.00018777873225318568,-3.703303270741542e-07,-0.009147256481037556,-0.06300646163809494,0.15568531721004483,-0.0004432847109495698,-0.022159999278033908,0.06280920177249466,-0.1440727269947028,-0.07552467881753246,-0.0373611323769005,-0.05451228471067548,0.007941385648479665,-0.0149732471687567,-0.00785110252620848,-0.005733693352923018,-0.0010208652995578658,-4.920062994990625e-06
321.12,0.92,0.025,0.009797958971132711,0.5248792922602417,0.5278473586035246,-0.010861889255474847,-0.07433714878669292,0.1839080200283734,-0.0005238170985045987,-0.0003410194623719031,0.000645815856101046,-0.0001872701479445082,-3.6916314242734905e-07,-0.009193503065833912,-0.06291896273305689,0.15565974815201525,-0.00044335879217429234,-0.022074620890282847,0.06275063739688813,-0.14404913677805617,-0.07551213925891018,-0.03735387316914056,-0.05441142764425612,0.007919863909297577,-0.014932700193292937,-0.007849761511948801,-0.005734450534547386,-0.0010182675949900622,-4.9076115299216075e-06
321.28,0.92,0.025,0.009797958971132711,0.5248792922602417,0.5278473586035246,-0.010916376416202649,-0.07423386544305871,0.18387789417013098,-0.0005239044071054751,-0.00034007033560488176,0.0006452259176569569,-0.00018676286099697344,-3.6799936402463567e-07,-0.009239620998673922,-0.0628315437110049,0.15563424962559888,-0.0004434326901740742,-0.02198940050898529,0.06269208446667553,-0.14402561164474195,-0.0754996342708286,-0.03734653065458362,-0.05431070386539456,0.007898397104719242,-0.014892256632110846,-0.00784841573425284,-0.005735207152285547,-0.0010156756320865636,-4.895184970041058e-06
321.44000000000005,0.92,0.025,0.009797958971132711,0.5248792922602417,0.5278473586035246,-0.010970711855251423,-0.07413067649993656,0.1838478514409916,-0.0005239914993781348,-0.0003391229410191651,0.0006446358499520733,-0.0001862568711504687,-3.668389894561478e-07,-0.009285610514284805,-0.0627442045895463,0.1556088214596553,-0.0004435064050736533,-0.021904337925277493,0.06263354311228773,-0.14400215143668374,-0.07548716376970012,-0.037339105046192325,-0.054210113262314154,0.007876985223592774,-0.014851916464549277,-0.007847065182584117,-0.0057359631953046485,-0.0010130894168935618,-4.882783372132313e-06
321.6,0.92,0.025,0.009797958971132711,0.5248792922602417,0.5278473586035246,-0.011024895849595042,-0.0740275819778875,0.1838178916384785,-0.0005240783754696174,-0.00033817727642572156,0.0006440456544942498,-0.000185752178139606,-3.6568201630517923e-07,-0.009331471847097244,-0.06265694538608399,0.15558346348280822,-0.0004435799369974842,-0.021819432930470985,0.06257501346382209,-0.1439787559955868,-0.07547472767182226,-0.037331596556559515,-0.05410965572318336,0.007855628254543471,-0.014811679669526292,-0.00784570984640621,-0.005736718652722516,-0.0010105089554070556,-4.870406792681344e-06
321.76,0.92,0.025,0.009797958971132711,0.5248792922602417,0.5278473586035246,-0.01107892867585724,-0.07392458189723163,0.18378801455983595,-0.0005241650355266793,-0.00033723333963688485,0.0006434553327874426,-0.00018524878169364053,-3.6452844214781753e-07,-0.00937720523124557,-0.06256976611781685,0.15555817552344517,-0.0004436532860697814,-0.02173468531605261,0.06251649565104286,-0.14395542516293822,-0.07546232589337762,-0.037324005397908706,-0.05400933113611616,0.007834326185970351,-0.014771546225532655,-0.007844349715182912,-0.005737473513607533,-0.00100793425357238,-4.8580552878732726e-06
321.91999999999996,0.92,0.025,0.009797958971132711,0.5248792922602417,0.5278473586035246,-0.011132810610311827,-0.07382167627804873,0.1837582200020308,-0.0005242514796957261,-0.00033629112846635535,0.0006428648863317143,-0.0001847466815363984,-3.6337826455276324e-07,-0.009422810900567931,-0.062482666801740444,0.15553295740971887,-0.0004437264524144626,-0.021650094873684717,0.06245798980338201,-0.14393215878000795,-0.07544995835043458,-0.03731633178209451,-0.053909139389172356,0.0078130790060431,-0.014731516110626095,-0.007842984778378342,-0.0057382277669785365,-0.001005365317283785,-4.845728913589335e-06
322.08000000000004,0.92,0.025,0.009797958971132711,0.5248792922602417,0.5278473586035246,-0.01118654192888293,-0.0737188651401789,0.18372850776175312,-0.0005243377081228868,-0.00033535064072920157,0.0006422743166232416,-0.00018424587738619764,-3.622314810812497e-07,-0.009468289088606512,-0.06239564745464743,0.15550780896954786,-0.0004437994361552114,-0.021565661395205125,0.06239949604993963,-0.1439089566878494,-0.07543762495894744,-0.037308575920603076,-0.053809080370358066,0.007791886702698728,-0.01469158930242498,-0.007841615025457119,-0.005738981401804706,-0.0010028021523839743,-4.833427725405083e-06
322.24,0.92,0.025,0.009797958971132711,0.5248792922602417,0.5278473586035246,-0.01124012290714517,-0.07361614850322314,0.18369887763541828,-0.0005244237209539862,-0.0003344118742418609,0.0006416836251543199,-0.00018374636895577542,-3.6108808928679637e-07,-0.009513640028607672,-0.062308708093128065,0.15548273003061805,-0.00044387223741545394,-0.021481384672627314,0.062341014519484525,-0.1438858187273009,-0.07542532563475736,-0.037300738024552554,-0.05370915396762584,0.007770749263638486,-0.014651765778102533,-0.007840240445884484,-0.005739734407005457,-0.001000244764663676,-4.82115177858718e-06
322.4,0.92,0.025,0.009797958971132711,0.5248792922602417,0.5278473586035246,-0.011293553820323942,-0.07351352638654397,0.18366932941916658,-0.0005245095183345861,-0.000333474826822141,0.0006410928134133712,-0.00018324815595221098,-3.599480867148668e-07,-0.009558863953522186,-0.06222184873357082,0.1554577204203826,-0.00044394485631839373,-0.02139726449814041,0.06228254534045485,-0.14386274473898567,-0.0754130602935921,-0.037292818304693554,-0.05360936006887531,0.007749666676324594,-0.014612045514380684,-0.00783886102912646,-0.005740486771450333,-0.000997693159861203,-4.808901128090075e-06
322.56000000000006,0.92,0.025,0.009797958971132711,0.5248792922602417,0.5278473586035246,-0.011346834943295565,-0.07341099880926615,0.183639862908866,-0.0005245951004099381,-0.0003325394962892212,0.0006405018828849484,-0.00018275123807684997,-3.5881147090286667e-07,-0.009603961096005366,-0.062135069392162866,0.1554327799660642,-0.0004440172929869716,-0.021313300664109372,0.06222408864095869,-0.1438397345633137,-0.0754008288510673,-0.03728481697140952,-0.05350969856195325,0.007728638927977054,-0.014572428487524046,-0.007837476764649976,-0.005741238483958884,-0.0009951473436620012,-4.796675828553943e-06
322.72,0.92,0.025,0.009797958971132711,0.5248792922602417,0.5278473586035246,-0.011399966550587561,-0.0733085657902771,0.18361047790011234,-0.0005246804673250525,-0.00033160588046365295,0.000639910835049743,-0.0001822556150252325,-3.5767823937976196e-07,-0.009648931688417312,-0.06204837008489054,0.1554079084946551,-0.0004440895475439244,-0.02122949296307497,0.062165644548774546,-0.14381678804048215,-0.07538863122268642,-0.03727673423471725,-0.053410169334654124,0.007707666005570576,-0.014532914673334172,-0.007836087641923041,-0.005741989533300582,-0.0009926073216982344,-4.7844759343013665e-06
322.88,0.92,0.025,0.009797958971132711,0.5248792922602417,0.5278473586035246,-0.011452948916378837,-0.07320622734822776,0.18358117418823153,-0.000524765619224667,-0.000330673977167362,0.0006393196713845912,-0.00018176128648701788,-3.565483896660035e-07,-0.009693775962823047,-0.061961750827539984,0.15538310583291917,-0.0004441616201117582,-0.021145841187753953,0.06210721319135201,-0.14379390501047684,-0.07537646732384166,-0.037268570304267355,-0.053310772274720426,0.007686747895831419,-0.01449350404714356,-0.007834693650414868,-0.00574273990819469,-0.000990073099548342,-4.772301499334986e-06
323.03999999999996,0.92,0.025,0.009797958971132711,0.5248792922602417,0.5278473586035246,-0.01150578231449993,-0.07310398350153302,0.1835519515682797,-0.000524850556253289,-0.00032974378422364877,0.0006387283933624786,-0.00018126825214591062,-3.5542191927331007e-07,-0.009738494150992741,-0.06187521163569755,0.15535837180739193,-0.0004442335108127838,-0.021062345131039068,0.0620487946958123,-0.14377108531307264,-0.0753643370698141,-0.0372603253893446,-0.0532115072698429,0.007665884585234245,-0.01445419658380975,-0.00783329477959603,-0.005743489597310173,-0.000987544682736611,-4.760152577334905e-06
323.20000000000005,0.92,0.025,0.009797958971132711,0.5248792922602417,0.5278473586035246,-0.011558467018433204,-0.07300183426837241,0.18352280983504587,-0.0005249352785551634,-0.0003288152994571898,0.0006381370024525482,-0.00018077651167958787,-3.542988257043548e-07,-0.009783086484401864,-0.06178875252475041,0.15533370624438284,-0.0004443052197690904,-0.020979004585999182,0.06199038918894881,-0.14374832878783533,-0.07535224037577472,-0.037251999698868464,-0.05311237420766105,0.007645076059999033,-0.014414992257709551,-0.007831891018938612,-0.005744238589265577,-0.0009850220767327466,-4.748029221655072e-06
323.36,0.92,0.025,0.009797958971132711,0.5248792922602417,0.5278473586035246,-0.011611003301313082,-0.07289977966669069,0.18349374878305336,-0.0005250197862742943,-0.0003278885206940387,0.0006375455001201052,-0.00018028606475962707,-3.531791064528108e-07,-0.009827553194231392,-0.061702373509887,0.15530910896997638,-0.0004443767471025627,-0.020895819345879335,0.06193199679722768,-0.1437256352741228,-0.075340177156785,-0.03724359344139349,-0.05301337297576337,0.007624322306088047,-0.014375891042733256,-0.007830482357916347,-0.005744986872628928,-0.0009825052869514486,-4.735931485321981e-06
323.52,0.92,0.025,0.009797958971132711,0.5248792922602417,0.5278473586035246,-0.011663391435926275,-0.0727978197141985,0.1834647682065603,-0.00052510407955449,-0.0003269634457616277,0.0006369538878266235,-0.00017979691105143264,-3.520627590028883e-07,-0.009871894511368,-0.061616074606097616,0.15528457981003263,-0.0004444480929349204,-0.02081278920410085,0.061873617646788455,-0.14370300461108548,-0.0753281473277971,-0.03723510682510979,-0.05291450346168776,0.0076036233092026985,-0.014336892912278822,-0.007829068786004784,-0.00574573443591763,-0.0009799943187519878,-4.723859421030738e-06
323.68000000000006,0.92,0.025,0.009797958971132711,0.5248792922602417,0.5278473586035246,-0.01171563169471199,-0.07269595442837296,0.18343586789956184,-0.0005251881585393118,-0.00032604007248876823,0.0006363621670297527,-0.00017930905021416532,-3.5094978082930714e-07,-0.00991611066640423,-0.06152985582817487,0.15526011859018915,-0.0004445192573876735,-0.020729913954261367,0.06181525186344455,-0.14368043663766794,-0.07531615080365481,-0.037226540057843496,-0.05281576555292185,0.007582979054780576,-0.014297997839246216,-0.00782765029268142,-0.005746481267598346,-0.0009774891774377904,-4.711813081142956e-06
323.84000000000003,0.92,0.025,0.009797958971132711,0.5248792922602417,0.5278473586035246,-0.011767724349762145,-0.07259418382645824,0.18340704765579252,-0.0005252720233721378,-0.0003251183987056525,0.0006357703391833225,-0.00017882248190067025,-3.4984016939702445e-07,-0.00996020188963868,-0.06144371719071426,0.15523572513586278,-0.00044459024058217747,-0.020647193390134978,0.06175689957268386,-0.14365793119261097,-0.07530418749909445,-0.037217893347057114,-0.05271715913690331,0.007562389527992382,-0.014259205796031698,-0.007826226867425862,-0.005747227356086908,-0.0009749898682560108,-4.6997925176839284e-06
324.0,0.92,0.025,0.009797958971132711,0.5248792922602417,0.5278473586035246,-0.011819669672821616,-0.07249250792546623,0.18337830726872706,-0.0005253556741961304,-0.0003241984222438543,0.0006351784057373507,-0.00017833720575740535,-3.487339221610367e-07,-0.010004168411076216,-0.06135765870811462,0.15521139927225058,-0.0004446610426396048,-0.02056462730567225,0.061698560899669345,-0.14363548811445198,-0.0752922573287453,-0.03720916689985009,-0.052618684101020316,0.0075418547137389115,-0.014220516754522109,-0.007824798499719983,-0.005747972689748197,-0.0009724963963971203,-4.687797782339734e-06
324.15999999999997,0.92,0.025,0.009797958971132711,0.5248792922602417,0.5278473586035246,-0.01187146793528842,-0.07239092674217709,0.18334964653158226,-0.0005254391111542527,-0.0003232801409363303,0.000634586368138048,-0.00017785322142437252,-3.4763103656634184e-07,-0.010048010460428119,-0.06127168039457869,0.15518714082433122,-0.00044473166368095955,-0.02048221549500033,0.061640235969239565,-0.14361310724152665,-0.0752803602071303,-0.03720036092295916,-0.05252034033261175,0.007521374596648146,-0.014181930686089373,-0.00782336517904806,-0.005748717256896053,-0.0009700087669945001,-4.675828926455506e-06
324.32000000000005,0.92,0.025,0.009797958971132711,0.5248792922602417,0.5278473586035246,-0.011923119408213976,-0.07228944029313993,0.18332106523731884,-0.0005255223343892879,-0.00032236355261742105,0.0006339942278278243,-0.0001773705285350451,-3.4653151004759647e-07,-0.01009172826711231,-0.061185782264113635,0.15516294961686666,-0.0004448021038270933,-0.020399957752423044,0.061581924905909295,-0.14359078841197026,-0.07526849604866681,-0.03719147562275884,-0.05242212771896763,0.0075009491610721615,-0.014143447561584735,-0.007821926894896941,-0.005749461045793148,-0.0009675269851240179,-4.663886001031972e-06
324.48,0.92,0.025,0.009797958971132711,0.5248792922602417,0.5278473586035246,-0.011974624362303307,-0.07218804859467333,0.18329256317864417,-0.0005256053440438549,-0.00032144865512285213,0.0006334019862452957,-0.00017688912671630247,-3.4543534002876554e-07,-0.01013532206025352,-0.06109996433053151,0.15513882547440444,-0.0004448723631987188,-0.020317853872420907,0.06152362783387005,-0.14356853146371987,-0.0752566647676677,-0.037182511205261844,-0.05232404614732941,0.0074805783910843636,-0.014105067351333548,-0.007820483636756196,-0.005750204044650913,-0.0009650510558036398,-4.651969056722044e-06
324.64,0.92,0.025,0.009797958971132711,0.5248792922602417,0.5278473586035246,-0.012025983067915245,-0.07208675166286606,0.1832641401480127,-0.0005256881402603988,-0.00032053544628973525,0.0006328096448252894,-0.00017640901558835587,-3.4434252392336795e-07,-0.010178792068683464,-0.06101422660744983,0.15511476822127795,-0.0004449424419164016,-0.02023590364965128,0.06146534487699066,-0.14354633623451468,-0.0752448662783416,-0.03717346787611953,-0.05222609550489041,0.007460262270476358,-0.014066790025129335,-0.007819035394118264,-0.0057509462416294,-0.0009625809839930037,-4.640078143830453e-06
324.80000000000007,0.92,0.025,0.009797958971132711,0.5248792922602417,0.5278473586035246,-0.012077195795062695,-0.07198554951357754,0.1832357959376288,-0.0005257707231811876,-0.00031962392395656897,0.0006322172049988503,-0.0001759301947646846,-3.4325305913400817e-07,-0.010222138520941065,-0.06092856910829203,0.155090777681609,-0.0004450123401005572,-0.020154106878948374,0.06140707615881785,-0.14352420256189827,-0.07523310049479402,-0.03716434584062237,-0.05212827567879599,0.007440000782755247,-0.01402861555222873,-0.007817582156478623,-0.005751687624837204,-0.0009601167745930386,-4.628213312309602e-06
324.96000000000004,0.92,0.025,0.009797958971132711,0.5248792922602417,0.5278473586035246,-0.012128262813412815,-0.07188444216243858,0.18320753033944925,-0.0005258530929483573,-0.00031871408596324054,0.0006316246681932473,-0.00017545266385196313,-3.4216694305208075e-07,-0.010265361645272607,-0.06084299184628802,0.15506685367930986,-0.00044508205787148963,-0.020072463355323387,0.061348821802576815,-0.14350213028322045,-0.07522136733102842,-0.037155145303700336,-0.052030586556144086,0.007419793911140519,-0.013990543901345657,-0.007816123913335934,-0.005752428182331347,-0.0009576584324455379,-4.616374611756501e-06
325.12,0.92,0.025,0.009797958971132711,0.5248792922602417,0.5278473586035246,-0.012179184392287266,-0.07178342962485196,0.18317934314518453,-0.0005259352497038849,-0.00031780593015102613,0.0006310320358319791,-0.00017497642244999954,-3.4108417305788674e-07,-0.010308461669631943,-0.0607574948344747,0.1550429960380842,-0.0004451515953493682,-0.01999097287396453,0.061290581931171775,-0.1434801192356384,-0.07520966670094661,-0.03714586646992341,-0.05193302802398541,0.007399641638561472,-0.013952575040646426,-0.007814660654192203,-0.005753167902117172,-0.0009552059623328001,-4.604562091411784e-06
325.28,0.92,0.025,0.009797958971132711,0.5248792922602417,0.5278473586035246,-0.012229960800662423,-0.0716825119159929,0.18315123414630116,-0.0005260171935896012,-0.0003168994543625925,0.0006304393093347803,-0.00017450147015166245,-3.4000474652024095e-07,-0.010351438821680676,-0.06067207808569639,0.15501920458142932,-0.0004452209526542385,-0.019909635230237102,0.061232356667186474,-0.14345816925611843,-0.07519799851834987,-0.03713650954350195,-0.05183559996932387,0.007379543947654101,-0.013914708937743912,-0.007813192368552943,-0.005753906772148259,-0.0009527593689771999,-4.592775800155944e-06
325.44000000000005,0.92,0.025,0.009797958971132711,0.5248792922602417,0.5278473586035246,-0.012280592307169593,-0.07158168905080983,0.18312320313402347,-0.0005260989247472337,-0.00031599465644199765,0.0006298464901176277,-0.0001740278065428171,-3.3892866079629693e-07,-0.010394293328788344,-0.060586741612605445,0.15499547913263748,-0.0004452901299060586,-0.01982845021968362,0.06117414613288487,-0.14343628018143736,-0.07518636269693957,-0.037127074728287204,-0.05173830227911682,0.007359500820758394,-0.01387694555969245,-0.007811719045927328,-0.005754644780326299,-0.0009503186570408149,-4.581015786507082e-06
325.6,0.92,0.025,0.009797958971132711,0.5248792922602417,0.5278473586035246,-0.012331079180095253,-0.07148096104402496,0.18309524989933726,-0.0005261804433183732,-0.000315091534234692,0.0006292535795927457,-0.0001735554312022609,-3.378559132315243e-07,-0.010437025418032623,-0.06050148542766273,0.15497181951479908,-0.0004453591272246711,-0.019747417638023814,0.06111595045021162,-0.1434144518481854,-0.07517475915031868,-0.037117562227771704,-0.05164113484027549,0.007339512239915608,-0.013839284872982712,-0.007810240675828351,-0.005755381914501003,-0.0009478838311250411,-4.569282098619014e-06
325.76,0.92,0.025,0.009797958971132711,0.5248792922602417,0.5278473586035246,-0.01238142168738125,-0.07138032791013474,0.18306737423299116,-0.0005262617494444897,-0.00031419008558751965,0.0006286605791686132,-0.00017308434370165402,-3.367865011593128e-07,-0.01047963531619949,-0.06041630954313804,0.15494822555080373,-0.00044542794472981616,-0.01966653728115476,0.061057769740792585,-0.14339268409276731,-0.07516318779199238,-0.03710797224508971,-0.051544097539665316,0.00731957818686532,-0.013801726843536154,-0.007808757247772999,-0.005756118162470013,-0.0009454548957701889,-4.557574784277594e-06
325.91999999999996,0.92,0.025,0.009797958971132711,0.5248792922602417,0.5278473586035246,-0.012431620096625049,-0.07127978966341066,0.18303957592549774,-0.0005263428432669626,-0.0003132903083487191,0.0006280674902499691,-0.00017261454360545898,-3.3572042190093906e-07,-0.010522123249783442,-0.060331213971110784,0.1549246970633413,-0.00044549658254115716,-0.019585808945150916,0.06099960412593555,-0.14337097675140306,-0.07515164853536849,-0.03709830498301767,-0.0514471902641062,0.0072996986430428745,-0.01376427143670023,-0.007807268751282387,-0.005756853511978774,-0.0009430318554551354,-4.545893890899276e-06
326.08000000000004,0.92,0.025,0.009797958971132711,0.5248792922602417,0.5278473586035246,-0.012481674675079938,-0.07117934631789968,0.1830118547671383,-0.0005264237249270659,-0.0003123922003679242,0.0006274743142378184,-0.00017214603047086954,-3.3465767276531384e-07,-0.01056448944498766,-0.06024619872347029,0.15490123387490587,-0.0004455650407782686,-0.019505232426264205,0.06094145372663062,-0.1433493296601318,-0.07514014129375939,-0.03708856064397465,-0.051350412900372885,0.007279873589576369,-0.013726918617242697,-0.007805775175881948,-0.005757587950720454,-0.0009406147145968962,-4.534239465527912e-06
326.24,0.92,0.025,0.009797958971132711,0.5248792922602417,0.5278473586035246,-0.01253158568965527,-0.07107899788742497,0.18298421054796365,-0.0005265043945659681,-0.00031149575949616557,0.0006268810525294382,-0.0001716788038477559,-3.3359825104898257e-07,-0.010606734127724221,-0.0601612638119165,0.15487783580779643,-0.00044563331956063546,-0.019424807520924094,0.06088331866355092,-0.14332774265481232,-0.07512866598038244,-0.03707873943002275,-0.051253765335195316,0.007260103007284344,-0.01368966834934726,-0.007804276511101576,-0.0057583214663358365,-0.0009382034775503086,-4.52261155483343e-06
326.4,0.92,0.025,0.009797958971132711,0.5248792922602417,0.5278473586035246,-0.012581353406916664,-0.07097874438558635,0.18295664305779727,-0.0005265848523247747,-0.00031060098358587135,0.0006262877065183843,-0.00017121286327859118,-3.3254215403559546e-07,-0.010648857523614264,-0.06007640924796029,0.15485450268411963,-0.0004457014190076894,-0.019344534025737645,0.060825199057053025,-0.1433062155711256,-0.07511722250836117,-0.03706884154286761,-0.051157247455259,0.007240386876672647,-0.013652520596607712,-0.0078027727464758095,-0.005759054046413228,-0.0009357981486076018,-4.511010205107463e-06
326.56000000000006,0.92,0.025,0.009797958971132711,0.5248792922602417,0.5278473586035246,-0.012630978093086236,-0.07087858582576105,0.1829291520862375,-0.0005266650983445089,-0.00030970787049086813,0.000625694277594496,-0.00017074820829839676,-3.314893789960847e-07,-0.010690859857988191,-0.05999163504292416,0.15483123432579143,-0.0004457693392387924,-0.019264411737489603,0.06076709502717762,-0.14328474824457654,-0.07510581079072624,-0.03705886718385875,-0.05106085914720519,0.007220725177932138,-0.013615475322023575,-0.007801263871543966,-0.005759785678488339,-0.0009333987319980719,-4.499435462262838e-06
326.72,0.92,0.025,0.009797958971132711,0.5248792922602417,0.5278473586035246,-0.012680460014042846,-0.07077852222110416,0.1829017374226603,-0.0005267451327661088,-0.00030881641806638203,0.0006251007671439035,-0.00017028483843467424,-3.304399231883377e-07,-0.010732741355885865,-0.059906941207942564,0.15480803055453968,-0.00044583708037323447,-0.019184440453142448,0.060709006693650015,-0.14326334051049608,-0.07509443074041658,-0.03704881655399012,-0.05096460029763139,0.007201117890935797,-0.013578532487994677,-0.007799749875850342,-0.00576051635004421,-0.0009310052318876872,-4.4878873718301955e-06
326.88,0.92,0.025,0.009797958971132711,0.5248792922602417,0.5278473586035246,-0.012729799435322271,-0.0706785535845493,0.18287439885622214,-0.0005268249557304792,-0.0003079266241690399,0.0006245071765490327,-0.00016982275320734697,-3.293937838569524e-07,-0.01077450224205677,-0.05982232775396253,0.15478489119190642,-0.00044590464253027763,-0.019104619969836475,0.06065093417588067,-0.14324199220404346,-0.07508308227028053,-0.03703868985390044,-0.05086847079309161,0.007181564995236249,-0.013541692056316492,-0.007798230748944354,-0.005761246048511097,-0.0009286176523787395,-4.476365978955457e-06
327.03999999999996,0.92,0.025,0.009797958971132711,0.5248792922602417,0.5278473586035246,-0.01277899662211749,-0.07057867992880924,0.18284713617586162,-0.000526904567378452,-0.00030703848665687,0.0006239135071886124,-0.0001693619521286975,-3.283509582332272e-07,-0.010816142740960244,-0.059737794691744145,0.1547618160592493,-0.00044597202582912176,-0.01902495008488987,0.06059287759296583,-0.14322070316020744,-0.07507176529307652,-0.03702848728387371,-0.050772470520096695,0.007162066470063115,-0.01350495398817516,-0.007796706480380712,-0.005761974761266377,-0.0009262359975094849,-4.464871328398121e-06
327.20000000000005,0.92,0.025,0.009797958971132711,0.5248792922602417,0.5278473586035246,-0.012828051839278855,-0.0704789012663764,0.18281994917030414,-0.000526983967850812,-0.00030615200338930296,0.0006233197604376791,-0.00016890243470330513,-3.273114435348539e-07,-0.010857663076765623,-0.05965334203186099,0.15473880497774542,-0.00044603923038892735,-0.01894543059579876,0.06053483706368803,-0.14319947321381013,-0.07506047972147505,-0.03701820904383961,-0.05067659936511465,0.007142622294320367,-0.013468318244142494,-0.007795177059719598,-0.00576270247563445,-0.0009238602712537662,-4.453403464528141e-06
327.36,0.92,0.025,0.009797958971132711,0.5248792922602417,0.5278473586035246,-0.012876965351314362,-0.07037921760952351,0.18279283762806217,-0.0005270631572883086,-0.0003052671722271731,0.0006227259376675833,-0.00016844420042799152,-3.262752369659755e-07,-0.010899063473352476,-0.0595689697847007,0.15471585776839183,-0.0004461062563288244,-0.018866061300237283,0.06047681270651664,-0.14317830219950706,-0.0750492254680587,-0.03700785533337391,-0.05058085721457098,0.007123232446584035,-0.013431784784171659,-0.007793642476526805,-0.005763429178886645,-0.0009214904775207061,-4.4419624313250385e-06
327.52,0.92,0.025,0.009797958971132711,0.5248792922602417,0.5278473586035246,-0.012925737422389833,-0.07027962897030413,0.1827658013374412,-0.0005271421358316702,-0.0003043839910327189,0.0006221320402459962,-0.0001679872487917522,-3.2524233571665665e-07,-0.010940344154310755,-0.059484677960465415,0.15469297425201023,-0.0004461731037679257,-0.018786841996057638,0.060418804639608414,-0.14315718995179175,-0.07503800244532464,-0.036997426351699,-0.05048524395484902,0.007103896905099285,-0.01339535356759171,-0.007792102720373952,-0.005764154858241124,-0.0009191266201542915,-4.430548272373368e-06
327.68000000000006,0.92,0.025,0.009797958971132711,0.5248792922602417,0.5278473586035246,-0.012974368316329176,-0.0701801353605534,0.18273884008653882,-0.0005272209036215845,-0.00030350245766958445,0.0006215380695369149,-0.00016753157927570507,-3.242127369630319e-07,-0.010981505342941015,-0.059400466569172396,0.15467015424924646,-0.00044623977282530914,-0.018707772481290224,0.06036081298080817,-0.14313613630499536,-0.07502681056568429,-0.036986922297684265,-0.050389759472290276,0.00708461564777825,-0.013359024553103489,-0.0077905577808385995,-0.005764879500862768,-0.0009167687029330877,-4.419161030862259e-06
327.84000000000003,0.92,0.025,0.009797958971132711,0.5248792922602417,0.5278473586035246,-0.013022858296614578,-0.0700807367918884,0.18271195366325077,-0.0005272994607987238,-0.0003026225700028199,0.0006209440269006686,-0.0001670771913530293,-3.2318643786693956e-07,-0.01102254726225458,-0.05931633562065435,0.15464739758057547,-0.00044630626362003985,-0.018628852554143607,0.06030283784764912,-0.14311514109329096,-0.07501564974146566,-0.036976343369846496,-0.0502944036531947,0.007065388652197438,-0.01332279769877475,-0.007789007647504471,-0.005765603093863107,-0.0009144167295698663,-4.407800749581967e-06
328.0,0.92,0.025,0.009797958971132711,0.5248792922602417,0.5278473586035246,-0.013071207626386762,-0.06998143327570891,0.1826851418552724,-0.0005273778075037612,-0.0003017443258988831,0.0006203499136939247,-0.000166624084488906,-3.221634355759965e-07,-0.011063470134973755,-0.059232285124560025,0.15462470406630258,-0.0004463725762711835,-0.018550082013004638,0.060244879357353606,-0.143094204150695,-0.07500451988491409,-0.03696568976635039,-0.0501991763838211,0.007046215895595236,-0.013286672962035428,-0.0077874523099615905,-0.0057663256243002175,-0.0009120707037112641,-4.396467470922982e-06
328.15999999999997,0.92,0.025,0.009797958971132711,0.5248792922602417,0.5278473586035246,-0.013119416568445199,-0.06988222482319789,0.18265840445010234,-0.0005274559438773608,-0.0003008677232256395,0.0006197557312696944,-0.00016617225814046372,-3.2114372722308677e-07,-0.011104274183532017,-0.059148315090354696,0.15460207352656663,-0.0004464387108977982,-0.018471460656438506,0.06018693762683356,-0.14307332531106998,-0.07499342090819372,-0.03695496168500895,-0.05010407755038735,0.007027097354869561,-0.013250650299673306,-0.0077858917578064665,-0.005767047079178613,-0.0009097306289374597,-4.385161236871796e-06
328.32000000000005,0.92,0.025,0.009797958971132711,0.5248792922602417,0.5278473586035246,-0.013167485385248309,-0.06978311144532219,0.1826317412350445,-0.0005275338700601946,-0.00029999275985236415,0.000619161480977339,-0.00016572171175671826,-3.201273099266899e-07,-0.01114495963007417,-0.059064425527320705,0.15457950578134166,-0.00044650466761894875,-0.01839298828318884,0.06012901277269112,-0.14305250440812622,-0.07498235272338828,-0.03694415932328392,-0.05000910703907085,0.007008033006575367,-0.013214729667829203,-0.007784325980642267,-0.005767767445449159,-0.0009073965087618263,-4.373882089011397e-06
328.48,0.92,0.025,0.009797958971132711,0.5248792922602417,0.5278473586035246,-0.01321541433891373,-0.06968409315283296,0.18260515199721292,-0.0005276115861929256,-0.00029911943364974207,0.0006185671641625757,-0.00016527244477852044,-3.19114180790145e-07,-0.011185526696456581,-0.05898061644455782,0.154557000650441,-0.0004465704465536922,-0.018314664692177678,0.0600711049112191,-0.14303174127542548,-0.07497131524250314,-0.03693328287828623,-0.049914264736008705,0.0069890228269223805,-0.013178911021992827,-0.007782754968078987,-0.005768486710008987,-0.000905068346630617,-4.362630068515769e-06
328.64,0.92,0.025,0.009797958971132711,0.5248792922602417,0.5278473586035246,-0.013263203691218512,-0.06958516995626642,0.18257863652353276,-0.0005276890924162742,-0.00029824774248986903,0.0006179727821674833,-0.00016482445663849787,-3.181043369019139e-07,-0.01122597560424735,-0.058896887850983896,0.15453455795351814,-0.0004466360478211345,-0.018236489682505665,0.060013214158401655,-0.14301103574638188,-0.07496030837746563,-0.03692233254677645,-0.04981955052729819,0.006970066791772657,-0.013143194316998133,-0.007781178709733626,-0.005769204859701384,-0.0009027461459226337,-4.351405216150342e-06
328.80000000000007,0.92,0.025,0.009797958971132711,0.5248792922602417,0.5278473586035246,-0.013310853703599364,-0.06948634186594423,0.1825521946007452,-0.0005277663888709479,-0.0002973776842462528,0.0006173783363305085,-0.00016437774676100004,-3.1709777533531327e-07,-0.011266306574726503,-0.058813239755335193,0.15451217751007074,-0.0004467014715403703,-0.01815846305345194,0.05995534062991464,-0.14299038765426558,-0.07494933204012716,-0.03691130852516521,-0.049724964298996935,0.00695116487663826,-0.01310757950701892,-0.007779597195230368,-0.00576992188131572,-0.0009004299099488979,-4.340207572268767e-06
328.96000000000004,0.92,0.025,0.009797958971132711,0.5248792922602417,0.5278473586035246,-0.01335836463715285,-0.0693876088919743,0.18252582601540956,-0.0005278434756977116,-0.000296509256793814,0.0006167838279864718,-0.00016393231456204608,-3.1609449314834656e-07,-0.011306519828886172,-0.058729672166167056,0.15448985913944266,-0.00044676671783054313,-0.01808058460447439,0.059897484441126365,-0.14296979683220454,-0.07493838614226402,-0.0369002110095136,-0.04963050593712337,0.00693231705667904,-0.013072066545564698,-0.007778010414200749,-0.005770637761587332,-0.0008981196419523482,-4.329037176811076e-06
329.12,0.92,0.025,0.009797958971132711,0.5248792922602417,0.5278473586035246,-0.013405736752635658,-0.06928897104425123,0.1824995305539075,-0.0005279203530373616,-0.0002956424580088868,0.0006161892584665731,-0.00016348815944926902,-3.150944873834647e-07,-0.011346615587430822,-0.05864618509185424,0.15446760266082732,-0.00044683178681082284,-0.018002854135209585,0.059839645707098064,-0.14294926311318784,-0.0749274705955791,-0.036889040195533664,-0.04953617532765694,0.006913523306700271,-0.013036655385476242,-0.007776418356283841,-0.005771352487197453,-0.000895815345107512,-4.31789406930086e-06
329.28,0.92,0.025,0.009797958971132711,0.5248792922602417,0.5278473586035246,-0.013452970310464784,-0.06919042833245687,0.18247330800244516,-0.0005279970210307439,-0.0002947772857692199,0.0006155946290983975,-0.00016304528082186273,-3.140977550676223e-07,-0.011386594070777394,-0.05856277854059149,0.15444540789326958,-0.00044689667860042164,-0.017925271445472846,0.05978182454258437,-0.14292878633006723,-0.0749165853117028,-0.036877796278588816,-0.04944197235653849,0.006894783601150411,-0.013001345978921344,-0.00777482101112643,-0.005772066044773109,-0.0008935170225201991,-4.306778288844398e-06
329.44000000000005,0.92,0.025,0.009797958971132711,0.5248792922602417,0.5278473586035246,-0.013500065570717782,-0.06909198076606099,0.18244715814705753,-0.0005280734798187473,-0.0002939137379539775,0.0006149999412059221,-0.00016260367807053114,-3.1310429321189506e-07,-0.011426455499055532,-0.05847945252039403,0.1544232746556695,-0.0004469613933185878,-0.017847836335258372,0.05972402106203396,-0.14290836631556073,-0.07490573020219488,-0.03686647945369425,-0.04934789690967057,0.006876097914118941,-0.01296613827739078,-0.00777321836838318,-0.005772778420887027,-0.0008912246772271989,-4.295689874127217e-06
329.6,0.92,0.025,0.009797958971132711,0.5248792922602417,0.5278473586035246,-0.013547022793132997,-0.06899362835432181,0.18242108077361152,-0.000528149729542337,-0.0002930518124437402,0.0006144051961095205,-0.00016216335057743476,-3.12114098811582e-07,-0.01146620009210777,-0.05839620703909798,0.1544012027667848,-0.00044702593108463407,-0.017770548604739228,0.05966623537959007,-0.1428880029022548,-0.07489490517854562,-0.036855089915517385,-0.04925394887291774,0.006857466219334118,-0.01293103223169405,-0.007771610417716829,-0.005773489602057551,-0.0008889383121959723,-4.284628863413527e-06
329.76,0.92,0.025,0.009797958971132711,0.5248792922602417,0.5278473586035246,-0.013593842237109764,-0.06889537110628655,0.18239507566780883,-0.0005282257703425345,-0.0002921915071205056,0.00061381039512597,-0.00016172429771614058,-3.111271688457306e-07,-0.011505828069489705,-0.05831304210436093,0.1543791920452334,-0.00044709029201792116,-0.017693408054267456,0.05960846760909099,-0.1428676959226068,-0.07488411015217701,-0.03684362785837835,-0.04916012813210688,0.0068388884901608195,-0.012896027791955372,-0.007769997148798369,-0.00577419957474855,-0.0008866579303243577,-4.273595294542284e-06
329.91999999999996,0.92,0.025,0.009797958971132711,0.5248792922602417,0.5278473586035246,-0.013640524161708658,-0.06879720903079205,0.18236914261519013,-0.0005283016023604458,-0.0002913328198676894,0.0006132155395684569,-0.00016128651885156977,-3.1014350027732503e-07,-0.011545339650470209,-0.05822995772366239,0.15435724230949693,-0.0004471544762378814,-0.017616414484374104,0.059550717864070714,-0.14284744520894824,-0.0748733450344446,-0.03683209347625034,-0.049066434573027534,0.006820364699598363,-0.012861124907609527,-0.007768378551307218,-0.005774908325369326,-0.000884383534440265,-4.262589204927052e-06
330.08000000000004,0.92,0.025,0.009797958971132711,0.5248792922602417,0.5278473586035246,-0.013687068825651714,-0.06869914213646536,0.18234328140113823,-0.0005283772257372508,-0.0002904757485701263,0.0006126206307465818,-0.00016085001333994897,-3.091630900529525e-07,-0.011584735054031611,-0.05814695390430428,0.1543353533779234,-0.0004472184838640091,-0.01753956769576931,0.059492986257759374,-0.14282725059348705,-0.07486260973663858,-0.03682048696276007,-0.048972868081432204,0.0068018948202784235,-0.012826323527397973,-0.007766754614931396,-0.005775615840274525,-0.0008821151273013918,-4.251610631552913e-06
330.24,0.92,0.025,0.009797958971132711,0.5248792922602417,0.5278473586035246,-0.01373347648732265,-0.06860117043172421,0.18231749181088178,-0.0005284526406142281,-0.0002896202911140705,0.0006120256699663667,-0.00016041478052876253,-3.08185935102715e-07,-0.011624014498869892,-0.058064030653411376,0.15431352506873033,-0.0004472823150158827,-0.017462867489342317,0.05943527290308385,-0.14280711190831077,-0.07485190416998555,-0.03680880851118827,-0.04887942854303667,0.006783478824463014,-0.012791623599365028,-0.007765125329367727,-0.0057763221057640516,-0.0008798527115949431,-4.24065961097489e-06
330.4,0.92,0.025,0.009797958971132711,0.5248792922602417,0.5278473586035246,-0.013779747404767112,-0.06850329392477772,0.1822917736294981,-0.0005285278471327344,-0.00028876644538719705,0.0006114306585302599,-0.00015998081975670004,-3.0721203234008126e-07,-0.011663178203394884,-0.057981187977931864,0.1542917572000072,-0.00044734596981314644,-0.01738631366616157,0.05937757791266828,-0.14278702898538853,-0.0748412282456495,-0.036797058314470055,-0.04878611584352031,0.006765116684042264,-0.012757025070853707,-0.0077634906843220075,-0.005777027108082978,-0.0008775962899373306,-4.229736179315797e-06
330.56000000000006,0.92,0.025,0.009797958971132711,0.5248792922602417,0.5278473586035246,-0.013825881835692876,-0.06840551262362686,0.18226612664191782,-0.0005286028454342446,-0.0002879142092786022,0.0006108355977371421,-0.00015954813035361153,-3.0624137866170536e-07,-0.01170222638573045,-0.057898425884637776,0.15427004958971927,-0.00044740944837554466,-0.01730990602747476,0.059319901398834626,-0.1427670016565748,-0.07483058187473379,-0.036785236565195355,-0.048692929868526365,0.006746808370532514,-0.012722527888502136,-0.007761850669509193,-0.005777730833421462,-0.0008753458648739053,-4.218840372264249e-06
330.72,0.92,0.025,0.009797958971132711,0.5248792922602417,0.5278473586035246,-0.013871880037470074,-0.06830782653606508,0.18224055063292782,-0.000528677635660332,-0.00028706358067880474,0.0006102404888823324,-0.0001591167116404591,-3.0527397094740374e-07,-0.011741159263714671,-0.05781574438012549,0.1542484020557101,-0.00044747275082290496,-0.017233644374708892,0.0592622434736032,-0.14274702975361175,-0.07481996496828236,-0.03677334345560937,-0.04859987050366235,0.006728553855074284,-0.012688131998239698,-0.007760205274653581,-0.005778433267914651,-0.0008731014388786801,-4.207972225073265e-06
330.88,0.92,0.025,0.009797958971132711,0.5248792922602417,0.5278473586035246,-0.013917742267131472,-0.06821023566967888,0.18221504538717598,-0.0005287522179526999,-0.0002862145574797463,0.0006096453332575942,-0.00015868656292926855,-3.043098060598539e-07,-0.011779977054900078,-0.057733143470816206,0.15422681441570577,-0.0004475358772751652,-0.017157528509470305,0.059204604248693185,-0.14272711310813277,-0.07480937743728168,-0.03676137917761304,-0.04850693763450029,0.006710353108430202,-0.012653837345283197,-0.0077585544894890075,-0.005779134397642609,-0.0008708630143540427,-4.197131772557526e-06
331.03999999999996,0.92,0.025,0.009797958971132711,0.5248792922602417,0.5278473586035246,-0.013963468781372623,-0.06811274003184829,0.18218961068917264,-0.0005288265924531503,-0.00028536713757479245,0.0006090501321511404,-0.00015825768352308714,-3.0334888084463165e-07,-0.011818679976553788,-0.057650623162956396,0.15420528648731574,-0.0004475988278523464,-0.01708155823354476,0.059146983835523234,-0.14270725155166375,-0.0747988191926613,-0.036749343922763376,-0.048414131146577014,0.006692206100983233,-0.012619643874133458,-0.007756898303759014,-0.005779834208630218,-0.0008686305936305207,-4.186319049092429e-06
331.20000000000005,0.92,0.025,0.009797958971132711,0.5248792922602417,0.5278473586035246,-0.014009059836552158,-0.06801533962974762,0.18216424632329695,-0.0005289007593036397,-0.00028452131885873345,0.0006084548868476402,-0.0001578300727159331,-3.0239119213003245e-07,-0.011857268245657747,-0.05756818346261839,0.15418381808803855,-0.0004476616026746007,-0.017005733348897493,0.059089382345211924,-0.14268744491562815,-0.07478829014529659,-0.03673723788227401,-0.04832145092539453,0.006674112802734534,-0.012585551528571333,-0.0077552367072170544,-0.005780532686847098,-0.0008664041789664768,-4.175534088612049e-06
331.36,0.92,0.025,0.009797958971132711,0.5248792922602417,0.5278473586035246,-0.014054515688691965,-0.06791803447034585,0.18213895207379846,-0.0005289747186462493,-0.00028367709922778514,0.000607859598628224,-0.00015740372979275688,-3.014367367267135e-07,-0.01189574207890888,-0.057485824375700725,0.15416240903526301,-0.00044772420186218537,-0.01693005365767327,0.05903179988857839,-0.14266769303134796,-0.07477779020600925,-0.036725061247015536,-0.04822889685642028,0.006656073183301793,-0.012551560251654601,-0.007753569689626664,-0.00578122981820752,-0.0008641837725478927,-4.1647769246060835e-06
331.52,0.92,0.025,0.009797958971132711,0.5248792922602417,0.5278473586035246,-0.014099836593477466,-0.06782082456040726,0.18211372772480305,-0.0005290484706232036,-0.00028283447657958963,0.0006072642687704897,-0.000156978654029391,-3.0048551142799594e-07,-0.011934101692719327,-0.05740354590792871,0.15414105914627332,-0.0004477866255354795,-0.016854518962196415,0.05897423657614279,-0.14264799573004866,-0.07476731928556983,-0.03671281420751598,-0.04813646882508747,0.006638087211917149,-0.012517669985713971,-0.007751897240761666,-0.005781925588570332,-0.0008619693764880696,-4.1540475901203155e-06
331.68000000000006,0.92,0.025,0.009797958971132711,0.5248792922602417,0.5278473586035246,-0.014145022806257802,-0.06772370990649201,0.18208857306031434,-0.0005291220153768579,-0.0002819934488132161,0.000606668898548509,-0.00015655484469251116,-2.995375130093253e-07,-0.011972347303216604,-0.057321348064854845,0.15411976823825008,-0.00044784887381497257,-0.01677912906497089,0.05891669251812684,-0.14262835284286005,-0.07475687729469832,-0.036700496953961256,-0.04804416671679543,0.006620154857425493,-0.012483880672349979,-0.00775021935040635,-0.005782619983738865,-0.0008597609928274138,-4.143346117752658e-06
331.84000000000003,0.92,0.025,0.009797958971132711,0.5248792922602417,0.5278473586035246,-0.014190074582046089,-0.06762669051495669,0.18206348786422008,-0.0005291953530497765,-0.0002811540138291617,0.0006060734892328317,-0.0001561323010395907,-2.9859273822847185e-07,-0.01201047912624381,-0.05723923085185935,0.15409853612827587,-0.00044791094682133085,-0.016703883768680334,0.058859167824454425,-0.14260876420082144,-0.0747464641440667,-0.03668810967619553,-0.04795199041690977,0.00660227608828258,-0.012450192252429364,-0.007748536008355663,-0.005783312989460855,-0.0008575586235331616,-4.132672539653407e-06
332.0,0.92,0.025,0.009797958971132711,0.5248792922602417,0.5278473586035246,-0.014234992175519637,-0.06752976639195488,0.1820384719202941,-0.0005292684837846242,-0.0002803161695293521,0.0006054780420904929,-0.00015571102231886136,-2.976511838250803e-07,-0.012048497377359822,-0.05715719427415061,0.15407736263333693,-0.0004479728446753059,-0.016628782876188127,0.05880166260475203,-0.14258922963488307,-0.07473607974429983,-0.03667565256372169,-0.04785993981076287,0.006584450872553336,-0.012416604666081944,-0.007746847204415398,-0.005784004591428359,-0.0008553622704991609,-4.122026887521308e-06
332.15999999999997,0.92,0.025,0.009797958971132711,0.5248792922602417,0.5278473586035246,-0.014279775841020163,-0.06743293754343771,0.18201352501220122,-0.0005293414077242825,-0.0002794799138171425,0.0006048825583850184,-0.00015529100776926898,-2.9671284652085254e-07,-0.012086402271839467,-0.05707523833676568,0.15405624757032713,-0.00044803456749783273,-0.01655382619053744,0.058744176968349375,-0.14256974897591007,-0.0747257240059774,-0.03666312580570182,-0.04776801478365403,0.0065666791779100024,-0.012383117852697075,-0.0077451529284024,-0.005784694775277672,-0.0008531719355456113,-4.111409192603973e-06
332.32000000000005,0.92,0.025,0.009797958971132711,0.5248792922602417,0.5278473586035246,-0.014324425832554059,-0.06733620397515445,0.1819886469235008,-0.0005294141250117779,-0.0002786452445973183,0.0006042870393764301,-0.00015487225662043415,-2.9577772301915323e-07,-0.012124194024673756,-0.056993363044570734,0.1540351907560511,-0.00044809611540996884,-0.016479013514951284,0.05868671102427988,-0.1425503220546851,-0.07471539683963552,-0.036650529590957534,-0.04767621522084988,0.006548960971630448,-0.012349731750920532,-0.007743453170144736,-0.005785383526589251,-0.0008509876204188394,-4.1008194856943875e-06
332.48,0.92,0.025,0.009797958971132711,0.5248792922602417,0.5278473586035246,-0.014368942403792573,-0.06723956569265303,0.1819638374376516,-0.0005294866357903337,-0.00027781215977609584,0.0006036914863212522,-0.0001544547680926135,-2.948458100052363e-07,-0.012161872850570035,-0.05691156840226153,0.15401419200722832,-0.00044815748853293847,-0.01640434465283255,0.058629264881281215,-0.14253094870191219,-0.07470509815576848,-0.036637864107970486,-0.04758454100758464,0.0065312962205965625,-0.012316446298651392,-0.007741747919481907,-0.00578607083088763,-0.0008488093267910712,-4.090257797131364e-06
332.64,0.92,0.025,0.009797958971132711,0.5248792922602417,0.5278473586035246,-0.014413325808072084,-0.0671430227012806,0.18193909633801422,-0.0005295589402033677,-0.0002769806572611231,0.0006030959004725169,-0.00015403854139665817,-2.939171041457362e-07,-0.012199438963952213,-0.0568298544143639,0.15399325114049525,-0.00044821868698813046,-0.01632981940776407,0.058571838647795846,-0.14251162874821877,-0.07469482786483002,-0.03662512954488276,-0.047492992029060405,0.0065136848912924535,-0.012283261433038768,-0.007740037166265033,-0.005786756673641347,-0.0008466370562602005,-4.079724156795757e-06
332.80000000000007,0.92,0.025,0.009797958971132711,0.5248792922602417,0.5278473586035246,-0.014457576298394292,-0.06704657500618412,0.18191442340785668,-0.0005296310383944869,-0.0002761507349614807,0.0006025002830797698,-0.00015362357573397656,-2.929916020888082e-07,-0.012236892578960929,-0.056748221085234245,0.1539723679724099,-0.0004482797108970938,-0.016255437583508673,0.05851443243197156,-0.14249236202415985,-0.07468458587723548,-0.03661232608949731,-0.047401568170447494,0.006496126949802902,-0.0122501770904788,-0.007738320900357049,-0.005787441040262858,-0.0008444708103495677,-4.069218594110185e-06
332.96000000000004,0.92,0.025,0.009797958971132711,0.5248792922602417,0.5278473586035246,-0.01450169412742648,-0.0669502226123109,0.18188981843035804,-0.0005297029305074937,-0.00027532239078768226,0.0006019046353890762,-0.00015320987029649618,-2.920693004639391e-07,-0.012274233909453773,-0.05666666841905995,0.15395154231945504,-0.0004483405603815427,-0.016181198984009226,0.05845704634166202,-0.14247314836022104,-0.07467437210336327,-0.03659945392927843,-0.047310269316884715,0.006478622361811725,-0.012217193206611642,-0.0077365991116329,-0.005788123916108457,-0.0008423105905077439,-4.058741138037077e-06
333.12,0.92,0.025,0.009797958971132711,0.5248792922602417,0.5278473586035246,-0.014545679547501711,-0.0668539655244092,0.18186528118861192,-0.0005297746166864156,-0.00027449562265167537,0.0006013089586430264,-0.00015279742426662623,-2.9115019588187636e-07,-0.012311463169005448,-0.05658519641985995,0.15393077399804114,-0.0004484012355633822,-0.0161071034133887,0.05839968048442723,-0.14245398758682112,-0.0746641864535564,-0.03658651325135206,-0.04721909535347966,0.006461171092600212,-0.012184309716318465,-0.007734871789979739,-0.005788805286478204,-0.0008401563981083179,-4.0482918170774655e-06
333.28,0.92,0.025,0.009797958971132711,0.5248792922602417,0.5278473586035246,-0.014589532810619088,-0.06675780374702862,0.18184081146563177,-0.0005298460970754787,-0.00027367042846684257,0.0006007132540807419,-0.00015238623681722153,-2.9023428493437703e-07,-0.012348580570907996,-0.05650380509148503,0.15391006282451075,-0.00044846173656468515,-0.01603315067595016,0.058342334967534104,-0.14243487953431636,-0.07465402883812462,-0.036573504242506376,-0.04712804616530905,0.006443773107045564,-0.012151526553718591,-0.007733138925297126,-0.005789485136615857,-0.0008380082344496855,-4.037870659268533e-06
333.44000000000005,0.92,0.025,0.009797958971132711,0.5248792922602417,0.5278473586035246,-0.014633254168443967,-0.06666173728452093,0.18181640904435376,-0.0005299173718191506,-0.00027284680614800125,0.0006001175229378804,-0.00015197630711154684,-2.8932156419426405e-07,-0.012385586328170974,-0.05642249443761852,0.15388940861514103,-0.0004485220635077291,-0.015959340576176907,0.058285009897957055,-0.14241582403300254,-0.07464389916734561,-0.0365604270891921,-0.04703712163741896,0.0064264283696194155,-0.012118843652166646,-0.0077314005074972155,-0.005790163451708768,-0.0008358661007548518,-4.027477692183233e-06
333.6,0.92,0.025,0.009797958971132711,0.5248792922602417,0.5278473586035246,-0.014676843872308176,-0.06656576614104037,0.18179207370764203,-0.0005299884410620981,-0.0002720247536114054,0.0005995217664466425,-0.00015156763430324116,-2.884120302152354e-07,-0.012422480653521641,-0.05634126446177657,0.15386881118614823,-0.0004485822165149599,-0.01588567291873246,0.0582277053823784,-0.1423968209131194,-0.07463379735146711,-0.03654728197752299,-0.046946321654825214,0.006409136844386296,-0.01208626094424971,-0.007729656526504974,-0.005790840216887832,-0.0008337299981712216,-4.017112942928095e-06
333.76,0.92,0.025,0.009797958971132711,0.5248792922602417,0.5278473586035246,-0.014720302173210284,-0.06646989032054434,0.18176780523829264,-0.0005300593049492494,-0.00027120426877474567,0.0005989259858357763,-0.00015116021753628392,-2.8750567953176925e-07,-0.012459263759405185,-0.056260115167308736,0.1538482703536909,-0.0004486421957090447,-0.015812147508460606,0.058170421527189015,-0.14237787000485333,-0.07462372330070857,-0.036534069093276215,-0.046855646102513575,0.006391898495002211,-0.01205377836178463,-0.007727906972258357,-0.005791515417227406,-0.0008315999277704096,-4.00677643814213e-06
333.91999999999996,0.92,0.025,0.009797958971132711,0.5248792922602417,0.5278473586035246,-0.014763629321815783,-0.06637410982679391,0.18174360341903742,-0.000530129963625773,-0.00027038534955715015,0.0005983301823305844,-0.00015075405594496116,-2.8660250865907335e-07,-0.012495935857984879,-0.05617904655739837,0.15382778593387328,-0.0004487020012128543,-0.01573876415038547,0.05811315843848873,-0.14235897113834073,-0.07461367692526277,-0.036520788621892855,-0.046765094865440164,0.00637471328471321,-0.012021395835815327,-0.007726151834708527,-0.005792189037745233,-0.0008294758905480492,-3.996468203995585e-06
334.08000000000004,0.92,0.025,0.009797958971132711,0.5248792922602417,0.5278473586035246,-0.014806825568457357,-0.06627842466335437,0.1817194680325487,-0.0005302004172370861,-0.0002695679938791851,0.0005977343571529285,-0.00015034914865383258,-2.857025140928955e-07,-0.012532497161142308,-0.05609805863506315,0.15380735774274923,-0.0004487616331494697,-0.015665522649711546,0.058055916222086994,-0.14234012414367148,-0.07460365813529768,-0.036507440748478275,-0.046674667828531594,0.0063575811763539785,-0.011989113296610156,-0.00772439110382004,-0.00579286106340236,-0.000827357887423604,-3.986188266188074e-06
334.24,0.92,0.025,0.009797958971132711,0.5248792922602417,0.5278473586035246,-0.014849891163135082,-0.06618283483359581,0.18169539886144315,-0.0005302706659288343,-0.0002687521996628558,0.0005971385115212356,-0.00014994549477770022,-2.8480569230940526e-07,-0.012568947880477535,-0.056017151403155496,0.15378698559632548,-0.0004488210916421654,-0.015592422811823768,0.05799869498350332,-0.14232132885089208,-0.07459366684095815,-0.03649402565780256,-0.04658436487668542,0.006340502132346516,-0.011956930673659431,-0.0077226247695710674,-0.005793531479103081,-0.000825245919240193,-3.975936649947028e-06
334.4,0.92,0.025,0.009797958971132711,0.5248792922602417,0.5278473586035246,-0.014892826355516682,-0.06608734034069362,0.1816713956882872,-0.0005303407098469547,-0.00026793796483160707,0.0005965426466505035,-0.00014954309342157587,-2.83912039765313e-07,-0.01260528822730932,-0.055936324864363084,0.1537666693105663,-0.00044888037681446247,-0.015519464442287495,0.057941494827967774,-0.14230258509000984,-0.07458370295236805,-0.03648054353430092,-0.04649418589477037,0.006323476114698764,-0.011924847895672809,-0.007720852821953567,-0.005794200269694853,-0.0008231399867644003,-3.96571338002776e-06
334.56000000000006,0.92,0.025,0.009797958971132711,0.5248792922602417,0.5278473586035246,-0.014935631394937744,-0.06599194118762908,0.18164745829559972,-0.0005304105491376294,-0.000267125287310324,0.0005959467637523069,-0.00014914194368065027,-2.8302155289738924e-07,-0.012641518412675306,-0.05585557902120925,0.1537464087013956,-0.00044893948879008955,-0.015446647346848643,0.057884315860421635,-0.14228389269099498,-0.07457376637963141,-0.036466994562074195,-0.0464041307676266,0.006306503085003279,-0.011892864890576844,-0.007719075250973519,-0.005794867419968226,-0.0008210400906861112,-3.955518480709862e-06
334.72,0.92,0.025,0.009797958971132711,0.5248792922602417,0.5278473586035246,-0.014978306530401933,-0.06589663737718987,0.18162358646585833,-0.000530480183947345,-0.0002663141650253328,0.0005953508640348025,-0.00014874204464026378,-2.821342281228409e-07,-0.012677638647332196,-0.05577491387605351,0.1537262035847025,-0.0004489984276930329,-0.015373971331433655,0.05782715818551774,-0.14226525148378552,-0.07456385703283501,-0.03645337892488919,-0.046314199380066055,0.006289583004436021,-0.011860981585512652,-0.007717292046651109,-0.005795532914656778,-0.0008189462316183373,-3.9453519757987075e-06
334.88,0.92,0.025,0.009797958971132711,0.5248792922602417,0.5278473586035246,-0.01502085201058127,-0.06580142891197067,0.18159977998150145,-0.000530549614422837,-0.0002655045959044009,0.0005947549487027354,-0.00014834339537587814,-2.8125006183876296e-07,-0.012713649141755988,-0.05569432943109198,0.15370605377634283,-0.00044905719364748926,-0.01530143620214958,0.057770021907621164,-0.14224666129828908,-0.07455397482204927,-0.03643969680617917,-0.04622439161687273,0.006272715833755118,-0.011829197906833653,-0.007715503199020942,-0.0057961967384370355,-0.0008168584100970693,-3.935213888621508e-06
335.03999999999996,0.92,0.025,0.009797958971132711,0.5248792922602417,0.5278473586035246,-0.01506326808381632,-0.06570631579437365,0.1815760386249351,-0.0005306188407111377,-0.00026469657787673846,0.0005941590189574437,-0.00014794599495304527,-2.803690504223077e-07,-0.012749550106142133,-0.05561382568835786,0.15368595909214508,-0.00044911578677790697,-0.015229041765284114,0.05771290713080967,-0.14222812196438792,-0.07454411965733095,-0.036425948389044234,-0.04613470736280295,0.0062559015332995715,-0.011797513780103092,-0.007713708698132241,-0.005796858875928413,-0.0008147766265810922,-3.92510424202759e-06
335.20000000000005,0.92,0.025,0.009797958971132711,0.5248792922602417,0.5278473586035246,-0.015105554998116439,-0.06561129802660906,0.1815523621785361,-0.0005306878629595878,-0.00026389010887299804,0.0005935630759968653,-0.00014754984242738088,-2.7949119023061287e-07,-0.012785341750405754,-0.05553340264972191,0.15366591934791296,-0.00044917420720899507,-0.015156787827305637,0.057655813958874244,-0.14220963331194159,-0.07453429144872457,-0.03641213385625178,-0.04604514650258566,0.006239140062988136,-0.01176592913009194,-0.007711908534049058,-0.005797519311693134,-0.0008127008814518434,-3.9150230583873755e-06
335.36,0.92,0.025,0.009797958971132711,0.5248792922602417,0.5278473586035246,-0.015147713001160005,-0.06551637561069572,0.1815287504246561,-0.000530756681315803,-0.00026308518682527637,0.0005929671210155429,-0.00014715493684453934,-2.7861647760057915e-07,-0.012821024284181828,-0.05545306031689286,0.15364593435942894,-0.00044923245506569567,-0.015084674194863236,0.05759874249531958,-0.14219119517079015,-0.07452449010626401,-0.03639825339023689,-0.04595570892092276,0.006222431382318239,-0.01173444388077687,-0.007710102696850478,-0.005798178030236177,-0.0008106311750132757,-3.904970359590344e-06
335.52,0.92,0.025,0.009797958971132711,0.5248792922602417,0.5278473586035246,-0.015189742340294644,-0.06542154854846162,0.18150520314562746,-0.000530825295927724,-0.00026228180966711385,0.00059237115520463,-0.000146761277240184,-2.7774490884884175e-07,-0.012856597916825387,-0.05537279869141792,0.1536260039424591,-0.00044929053047322565,-0.015012700674786812,0.05754169284336466,-0.14217280737075869,-0.07451471553997496,-0.036384307173102835,-0.04586639450248934,0.006205775450364732,-0.011703057955337921,-0.007708291176630839,-0.005798835016005192,-0.0008085675074916867,-3.8949461670443e-06
335.68000000000006,0.92,0.025,0.009797958971132711,0.5248792922602417,0.5278473586035246,-0.015231643262537465,-0.06532681684154441,0.1814817201237668,-0.0005308937069435968,-0.00026147997533349616,0.0005917751797518963,-0.0001463688626399632,-2.768764802717119e-07,-0.012892062857411712,-0.055292617774683195,0.1536061279127562,-0.0004493484335570604,-0.014940867074087044,0.057484665105943265,-0.14215446974166004,-0.07450496765987633,-0.036370295386621405,-0.04577720313193401,0.006189172225778877,-0.011671771276156566,-0.007706473963499918,-0.005799490253390453,-0.0008065098790355907,-3.884950501674332e-06
335.84000000000003,0.92,0.025,0.009797958971132711,0.5248792922602417,0.5278473586035246,-0.015273416014575289,-0.06523218049139203,0.1814583011413793,-0.0005309619145119786,-0.0002606796817608543,0.0005911791958417329,-0.0001459776920594864,-2.760111881450565e-07,-0.012927419314736524,-0.05521251756791421,0.15358630608606347,-0.00044940616444293866,-0.014869173199955484,0.057427659385704447,-0.14213618211329837,-0.07449524637598211,-0.03635621821223334,-0.045688134693879105,0.006172621666787325,-0.011640583764813816,-0.0077046510475831465,-0.005800143726724764,-0.0008044582897155882,-3.874983383921547e-06
336.0,0.92,0.025,0.009797958971132711,0.5248792922602417,0.5278473586035246,-0.015315060842764884,-0.0651376394992631,0.18143494598076412,-0.0005310299187817686,-0.0002598809268870653,0.0005905832046551592,-0.00014558776450429852,-2.751490287242687e-07,-0.0129626674973162,-0.05513249807217629,0.15356653827811875,-0.00044946372325688894,-0.014797618859764562,0.05737067578501308,-0.1421179443154731,-0.07448555159830349,-0.03634207583104886,-0.04559918907292111,0.006156123731191035,-0.011609495342088176,-0.007702822419021845,-0.005800795420283426,-0.0008024127395242231,-3.865044833742342e-06
336.15999999999997,0.92,0.025,0.009797958971132711,0.5248792922602417,0.5278473586035246,-0.015356577993133197,-0.0650431938662276,0.1814116544242184,-0.0005310977199021839,-0.0002590837086514529,0.0005899872073698273,-0.00014519907896985652,-2.742899982440876e-07,-0.012997807613387938,-0.05505255928837505,0.15354682430465846,-0.00044952111012520847,-0.014726203861067653,0.057313714405950386,-0.14209975617798226,-0.07447588323685064,-0.03632786842384797,-0.04551036615363081,0.006139678376364278,-0.011578505927953784,-0.0077009880679733975,-0.005801445318284151,-0.0008003732283758562,-3.855134870606689e-06
336.32000000000005,0.92,0.025,0.009797958971132711,0.5248792922602417,0.5278473586035246,-0.015397967711377573,-0.06494884359316734,0.18138842625404178,-0.0005311653180227786,-0.00025828802499478843,0.0005893912051600282,-0.00014481163444150864,-2.7343409291861586e-07,-0.013032839870909979,-0.05497270121725684,0.15352716398142097,-0.0004495783251744798,-0.014654928011599105,0.05725677535031441,-0.1420816175306261,-0.07446624120163445,-0.03631359617108095,-0.045421665820553674,0.0061232855592537536,-0.011547615441578743,-0.00769914798461149,-0.005802093404887005,-0.0007983397561065534,-3.845253513497746e-06
336.48,0.92,0.025,0.009797958971132711,0.5248792922602417,0.5278473586035246,-0.015439230242866002,-0.06485458868077652,0.18136526125254127,-0.0005312327132934756,-0.00025749387385929083,0.0005887951991966969,-0.00014442542989447118,-2.7258130894124107e-07,-0.013067764477561784,-0.054892923859409255,0.15350755712415093,-0.00044963536853159775,-0.014583791119274289,0.05719985871962064,-0.14206352820321058,-0.07445662540266856,-0.03629925925286875,-0.04533308795821005,0.006106945236377617,-0.011516823801323288,-0.007697302159126303,-0.005802739664194343,-0.0007963123224739607,-3.8354007809109336e-06
336.64,0.92,0.025,0.009797958971132711,0.5248792922602417,0.5278473586035246,-0.015480365832637344,-0.06476042912956227,0.18134215920203553,-0.0005312999058644995,-0.0002567012531886279,0.0005881991906474193,-0.00014404046429380749,-2.717316424844548e-07,-0.013102581640744248,-0.05481322721526151,0.15348800354860287,-0.00044969224032371234,-0.014512792992189633,0.05714296461510239,-0.14204548802555106,-0.07444703574997122,-0.03628485784900341,-0.04524463245109554,0.00609065736382457,-0.011486130924738101,-0.007695450581724744,-0.005803384080250753,-0.0007942909271571911,-3.8255766908520925e-06
336.80000000000007,0.92,0.025,0.009797958971132711,0.5248792922602417,0.5278473586035246,-0.015521374725401563,-0.06466636493984514,0.18131911988486002,-0.0005313668958864909,-0.00025591016092791637,0.0005876031806764359,-0.0001436567365944077,-2.70885089700022e-07,-0.013137291567579883,-0.05473361128508493,0.15346850307054552,-0.0004497489406783259,-0.014441933438622627,0.05708609313771139,-0.14202749682747612,-0.07443747215356726,-0.036270392138948525,-0.04515629918368123,0.006074421897253023,-0.01145553672856269,-0.007693593242630641,-0.005804026637042986,-0.0007922755697567159,-3.815781260838338e-06
336.96000000000004,0.92,0.025,0.009797958971132711,0.5248792922602417,0.5278473586035246,-0.015562257165539965,-0.06457239611175968,0.1812961430833714,-0.0005314336835104094,-0.00025512059502372274,0.0005870071704446489,-0.00014327424574097025,-2.700416467185945e-07,-0.013171894464913026,-0.05465407606899339,0.15344905550576557,-0.00044980546972321053,-0.014371212267031912,0.057029244388118266,-0.14200955443883112,-0.07442793452349004,-0.03625586230183962,-0.04506808804041394,0.006058238791890288,-0.011425041128723935,-0.007691730132084968,-0.005804667318499905,-0.0007902662497942674,-3.8060145078950003e-06
337.12,0.92,0.025,0.009797958971132711,0.5248792922602417,0.5278473586035246,-0.015603013397105408,-0.06447852264525498,0.18127322857995146,-0.0005315002688876051,-0.000254332553424064,0.0005864111611096274,-0.00014289299066798082,-2.6920130964986373e-07,-0.013206390539310019,-0.05457462156694382,0.1534296606700709,-0.00044986182758646894,-0.014300629286057309,0.056972418466713144,-0.14199166068948116,-0.07441842276978294,-0.0362412685164846,-0.044979998905716634,0.006042108002531704,-0.0113946440403344,-0.007689861240346065,-0.005805306108492415,-0.0007882629667127314,-3.796276448556241e-06
337.28,0.92,0.025,0.009797958971132711,0.5248792922602417,0.5278473586035246,-0.015643643663822555,-0.06438474454009516,0.18125037615701373,-0.000531566652169795,-0.0002535460340784078,0.0005858151538256126,-0.00014251297029969649,-2.6836407458245766e-07,-0.01324077999705941,-0.054495247778736544,0.15341031837929642,-0.00044991801439651447,-0.01423018430451982,0.056915615473606004,-0.14197381540931636,-0.07440893680250223,-0.036226610961364175,-0.04489203166398853,0.006026029483539956,-0.011364345377691067,-0.007687986557689849,-0.005805942990833418,-0.0007862657198760571,-3.786567098863862e-06
337.44000000000005,0.92,0.025,0.009797958971132711,0.5248792922602417,0.5278473586035246,-0.0156841482090881,-0.06429106179585997,0.18122758559700552,-0.0005316328335090755,-0.0002527610349376733,0.0005852191497435235,-0.00014213418355012657,-2.675299375837708e-07,-0.013275063044172168,-0.05441595470401588,0.1533910284493055,-0.00044997403028208154,-0.014159877131421727,0.056858835508627366,-0.14195601842825342,-0.07439947653171775,-0.03621188981463222,-0.044804186199605495,0.0060100031888442595,-0.011334145054273824,-0.007686106074410011,-0.005806577949277728,-0.0007842745085691683,-3.7768864743659933e-06
337.6,0.92,0.025,0.009797958971132711,0.5248792922602417,0.5278473586035246,-0.015724527275971,-0.06419747441194522,0.18120485668241476,-0.0005316988130579525,-0.00025197755395423195,0.0005846231500109631,-0.0001417566293230189,-2.666988947000952e-07,-0.013309239886381856,-0.054336742342270435,0.15337179069599585,-0.00045002987537225104,-0.014089707575946539,0.05680207867132864,-0.14193826957624092,-0.07439004186751584,-0.03619710525411633,-0.04471646239692031,0.005994029071939788,-0.011304042982744344,-0.007684219780818276,-0.005807210967522056,-0.0007822893319978855,-3.767234590117458e-06
337.76,0.92,0.025,0.009797958971132711,0.5248792922602417,0.5278473586035246,-0.015764781107212713,-0.06410398238756342,0.18118218919577436,-0.0005317645909693065,-0.00025119558908190734,0.0005840271557722228,-0.00014138030651184065,-2.658709419564051e-07,-0.01334331072914484,-0.05425761069283368,0.15335260493530342,-0.00045008554979642103,-0.01401967544745913,0.05674534506098279,-0.14192056868326292,-0.0743806327200011,-0.03618225745731807,-0.044628860140262884,0.005978107085886856,-0.011274039074944588,-0.007682327667244574,-0.005807842029204911,-0.0007803101892888296,-3.7576114606779456e-06
337.91999999999996,0.92,0.025,0.009797958971132711,0.5248792922602417,0.5278473586035246,-0.015804909945227423,-0.0640105857217442,0.18115958291966522,-0.0005318301673964194,-0.0002504151382759764,0.0005834311681682892,-0.0001410052139997654,-2.650460753562448e-07,-0.013377275777640491,-0.054178559754884295,0.15333347098320466,-0.0004501410536843294,-0.01394978055550568,0.0566886347765847,-0.14190291557934095,-0.07437124899929763,-0.036167346601413554,-0.04454137931394062,0.00596223718331035,-0.011244133241895764,-0.007680429724037296,-0.005808471117906569,-0.0007783370794893648,-3.748017100111176e-06
338.08000000000004,0.92,0.025,0.009797958971132711,0.5248792922602417,0.5278473586035246,-0.01584491403210226,-0.06391728441333498,0.18113703763672387,-0.0005318955424929922,-0.0002496361994931701,0.0005828351883368488,-0.00014063135065965846,-2.642242908819414e-07,-0.013411135236771354,-0.05409958952744673,0.15331438865572308,-0.00045019638716606856,-0.013880022709813797,0.05663194791685184,-0.14188531009454042,-0.07436189061555218,-0.03615237286325376,-0.04445401980223865,0.005946419316399146,-0.011214325393797141,-0.007678525941563487,-0.005809098217149013,-0.0007763700015675137,-3.738451521985633e-06
338.24,0.92,0.025,0.009797958971132711,0.5248792922602417,0.5278473586035246,-0.015884793609597575,-0.06382407846100134,0.1811145531296446,-0.000531960716413114,-0.00024885877069167315,0.0005822392174122938,-0.00014025871535406332,-2.63405584494226e-07,-0.013444889311163388,-0.054020700009391534,0.15329535776893122,-0.0004502515503720597,-0.013810401720292482,0.05657528458022461,-0.14186775205897204,-0.07435255747893502,-0.03613733641936501,-0.04436678148942009,0.005930653436905495,-0.011184615440025004,-0.007676616310209086,-0.0058097233103958775,-0.0007744089544119029,-3.728914739372041e-06
338.4,0.92,0.025,0.009797958971132711,0.5248792922602417,0.5278473586035246,-0.015924548919147123,-0.06373096786322764,0.18109212918118556,-0.0005320256893113429,-0.0002480828498311251,0.0005816432565257277,-0.00013988730693518885,-2.62589952132457e-07,-0.013478538205166125,-0.053941891199435876,0.15327637813895545,-0.00045030654343312064,-0.013740917397032183,0.056518644864866956,-0.14185024130279653,-0.0743432494996424,-0.036122237445949355,-0.04427966425972633,0.0059149394961445076,-0.011155003289131596,-0.007674700820379134,-0.005810346381052395,-0.0007724539368316968,-3.7194067648445294e-06
338.56000000000006,0.92,0.025,0.009797958971132711,0.5248792922602417,0.5278473586035246,-0.01596418020185832,-0.06363795261831756,0.18106976557417315,-0.0005320904613426133,-0.00024730843487262105,0.0005810473068049705,-0.00013951712424489698,-2.6177738971444504e-07,-0.013512082122852882,-0.05386316309614399,0.15325744958198015,-0.00045036136648038795,-0.013671569550304881,0.05646202886866688,-0.1418327776562283,-0.0743339665878985,-0.03610707611888501,-0.044192667997377325,0.005899277444993613,-0.011125488848844164,-0.007672779462497996,-0.00581096741246534,-0.0007705049475565394,-3.7099276104789186e-06
338.72,0.92,0.025,0.009797958971132711,0.5248792922602417,0.5278473586035246,-0.016003687698512476,-0.06354503272439453,0.1810474620915072,-0.000532155032662341,-0.00024653552377871174,0.0005804513693745653,-0.00013914816611469214,-2.609678931362117e-07,-0.013545521268020961,-0.05378451569792753,0.15323857191425172,-0.00045041601964540545,-0.013602357990564027,0.056405436689236844,-0.14181536094953928,-0.0743247086539574,-0.03609185261372678,-0.0441057925865719,0.00588366723389211,-0.01109607202606412,-0.007670852227009598,-0.00581158638792299,-0.0007685619852365077,-3.700477287851507e-06
338.88,0.92,0.025,0.009797958971132711,0.5248792922602417,0.5278473586035246,-0.016043071649565036,-0.06345220817940236,0.18102521851616507,-0.0005322194034263075,-0.00024576411451340433,0.0005798554453557821,-0.00013878043136571222,-2.6016145827237484e-07,-0.013578855844191847,-0.05370594900304616,0.15321974495208213,-0.00045047050306002665,-0.013533282528444653,0.05634886842391445,-0.14179799101306223,-0.07431547560810492,-0.036076567105706475,-0.04401903791148793,0.005868108812840798,-0.011066752726866295,-0.007668919104377627,-0.005812203290655066,-0.000766625048442074,-3.6910558080404326e-06
339.03999999999996,0.92,0.025,0.009797958971132711,0.5248792922602417,0.5278473586035246,-0.016082332295145788,-0.06335947898110572,0.1810030346312072,-0.0005322835737908249,-0.00024499420504216283,0.0005792595358666248,-0.00013841391880871443,-2.5935808097578554e-07,-0.013612086054611396,-0.053627463009607884,0.15320096851185377,-0.00045052481685655424,-0.013464342974763385,0.056292324169762764,-0.14178066767719513,-0.07430626736066075,-0.03606121976973332,-0.0439324038562827,0.005852602131401367,-0.011037530856497833,-0.007666980085085777,-0.0058128181038326785,-0.0007646941356640363,-3.6816631816239744e-06
339.20000000000005,0.92,0.025,0.009797958971132711,0.5248792922602417,0.5278473586035246,-0.016121469875059115,-0.06326684512709063,0.18098091021978097,-0.0005323475439125968,-0.00024422579333190856,0.0005786636420218357,-0.00013804862724407161,-2.5855775707751074e-07,-0.013645212102250035,-0.05354905771556951,0.15318224241002262,-0.00045057896116762193,-0.013395539140518454,0.05623580402357096,-0.14176339077240407,-0.07429708382198016,-0.03604581078039437,-0.043845890305093095,0.005837147138696238,-0.011008406319377897,-0.007665035159637949,-0.005813430810568287,-0.0007627692453135163,-3.672299418679708e-06
339.36,0.92,0.025,0.009797958971132711,0.5248792922602417,0.5278473586035246,-0.016160484628784232,-0.06317430661476504,0.18095884506512724,-0.0005324113139488105,-0.00024345887735102064,0.0005780677649329021,-0.00013768455546176136,-2.577604823869323e-07,-0.013678234189802975,-0.05347073311873714,0.1531635664631237,-0.00045063293612627325,-0.013326870836889743,0.056179308081854715,-0.1417461601292285,-0.07428792490245668,-0.036030340311954984,-0.04375949714203597,0.005821743783408103,-0.010979379019096798,-0.007663084318558508,-0.005814041393915645,-0.0007608503757219027,-3.662964528785083e-06
339.52,0.92,0.025,0.009797958971132711,0.5248792922602417,0.5278473586035246,-0.016199376795475402,-0.06308186344135931,0.1809368389505826,-0.0005324748840571192,-0.00024269345506933672,0.0005774719057080604,-0.00013732170224135787,-2.569662526916959e-07,-0.013711152519690382,-0.05339248921676652,0.15314494048777313,-0.0004506867418659457,-0.013258337875238821,0.05612283644085682,-0.14172897557828285,-0.07427879051252292,-0.03601480853835915,-0.04367322425120833,0.005806392013779591,-0.01095044885841534,-0.007661127552392476,-0.0058146498368697635,-0.0007589375251408324,-3.6536585210168945e-06
339.68000000000006,0.92,0.025,0.009797958971132711,0.5248792922602417,0.5278473586035246,-0.016238146613962178,-0.06298951560392675,0.18091489165958635,-0.0005325382543956374,-0.00024192952445815325,0.0005768760654523026,-0.00013696006635202757,-2.561750637573127e-07,-0.013743967294057588,-0.053314326007163605,0.1531263643006739,-0.0004507403785204675,-0.013189940067108977,0.05606638919654759,-0.14171183695026213,-0.0742696805626536,-0.03599921563322996,-0.04358707151668768,0.005791091777613042,-0.010921615739264494,-0.007659164851705778,-0.005815256122366854,-0.0007570306917421698,-3.644381403948807e-06
339.84000000000003,0.92,0.025,0.009797958971132711,0.5248792922602417,0.5278473586035246,-0.01627679432274965,-0.0628972630993441,0.18089300297568472,-0.0005326014251229403,-0.0002411670834902259,0.0005762802452673817,-0.00013659964655252313,-2.553869113277756e-07,-0.013776678714775305,-0.05323624348728485,0.15310783771861955,-0.00045079384622405665,-0.013121677224225229,0.05600996644462544,-0.14169474407594518,-0.07426059496336714,-0.035983561769870075,-0.043501038822532215,0.005775843022270311,-0.010892879562744893,-0.00765719620708547,-0.005815860233284292,-0.0007551298736179926,-3.6351331856545796e-06
340.0,0.92,0.025,0.009797958971132711,0.5248792922602417,0.5278473586035246,-0.016315320160018656,-0.06280510592431211,0.1808711726825351,-0.0005326643963981213,-0.00024040613013977038,0.0005756844462518169,-0.00013624044159117542,-2.546017911248934e-07,-0.01380928698343979,-0.05315824165433777,0.15308936055849773,-0.0004508471451113699,-0.013053549158494378,0.05595356828051732,-0.14167769678619796,-0.07425153362522754,-0.03596784712126203,-0.043415126052781146,0.005760645694672367,-0.010864240229126213,-0.007655221609139956,-0.0058164621524405625,-0.0007532350687805634,-3.6259138737044075e-06
340.15999999999997,0.92,0.025,0.009797958971132711,0.5248792922602417,0.5278473586035246,-0.016353724363626015,-0.06271304407535602,0.18084940056391222,-0.0005327271683807417,-0.0002396466623824624,0.0005750886695008987,-0.0001358824502058928,-2.538196988487264e-07,-0.013841792301373059,-0.05308032050538134,0.15307093263729532,-0.0004509002753174598,-0.012985555682005033,0.05589719479937927,-0.1416606949119784,-0.07424249645884681,-0.035952071860068734,-0.04332933309145493,0.00574549974129931,-0.01083569763784711,-0.00765324104849922,-0.005817061862595223,-0.0007513462751623381,-3.616723475166973e-06
340.32000000000005,0.92,0.025,0.009797958971132711,0.5248792922602417,0.5278473586035246,-0.016392007171104794,-0.06262107754882609,0.1808276864037111,-0.0005327897412308668,-0.00023888867819543867,0.0005744929161066953,-0.00013552567112415552,-2.5304063017727246e-07,-0.013874194869623099,-0.05300248003732641,0.15305255377210109,-0.0004509532369778057,-0.012917696607027627,0.05584084609609691,-0.14164373828433874,-0.07423348337488628,-0.03593623615863385,-0.04324365982255558,0.005730405108190097,-0.01080725168751477,-0.0076512545158150605,-0.005817659346448861,-0.0007494634906159564,-3.6075619966077387e-06
340.48,0.92,0.025,0.009797958971132711,0.5248792922602417,0.5278473586035246,-0.0164301688196645,-0.06252920634089809,0.18080602998595366,-0.000532852115109062,-0.00023813217555729703,0.0005738971871580574,-0.00013517010306301455,-2.5226458076649033e-07,-0.013906494888964034,-0.05292472024693615,0.1530342237801112,-0.00045100603022831014,-0.012849971746014465,0.05578452226528593,-0.1416268267344306,-0.07422449428405918,-0.035920340188982255,-0.04315810613006688,0.0057153617409425065,-0.010778902275904825,-0.007649262001761317,-0.005818254586643054,-0.0007475867129142489,-3.598429444088916e-06
340.64,0.92,0.025,0.009797958971132711,0.5248792922602417,0.5278473586035246,-0.016468209546191343,-0.06243743044757381,0.18078443109479256,-0.0005329142901763851,-0.00023737715244809689,0.0005733014837406236,-0.00013481574472908611,-2.5149154625041934e-07,-0.013938692559896354,-0.05284704113082648,0.15301594247863243,-0.00045105865520529237,-0.012782380911599722,0.05572822340129254,-0.14160996009350818,-0.07421552909713244,-0.035904384122820404,-0.043072671897954676,0.00570036958471291,-0.010750649299960913,-0.007647263497034109,-0.005818847565760326,-0.000745715939750224,-3.5893258231699413e-06
340.80000000000007,0.92,0.025,0.009797958971132711,0.5248792922602417,0.5278473586035246,-0.016506129587248453,-0.06234574986468165,0.18076288951451627,-0.0005329762665944282,-0.00023662360684935995,0.0005727058069368266,-0.0001344625948185564,-2.507215222410231e-07,-0.01397078808264709,-0.05276944268546655,0.15299770968508658,-0.00045111111204552403,-0.012714923916599504,0.0556719495981941,-0.141593138192932,-0.07420658772492857,-0.03588836813153679,-0.042987357010167156,0.005685428584216458,-0.010722492655795052,-0.007645258992352041,-0.005819438266324106,-0.000743851168737115,-3.5802511389068096e-06
340.96000000000004,0.92,0.025,0.009797958971132711,0.5248792922602417,0.5278473586035246,-0.016543929179076128,-0.06225416458787703,0.1807414050295547,-0.0005330380445253036,-0.0002358715367440703,0.0005721101578258976,-0.00013411065201717485,-2.4995450432819156e-07,-0.014002781657170036,-0.052691924907179125,0.1529795252170151,-0.000451163400886217,-0.012647600574011864,0.055615700949799465,-0.14157636086417347,-0.07419767007832809,-0.035872292386202355,-0.04290216135063509,0.005670538683726803,-0.010694432238687115,-0.0076432484784564715,-0.005820026670798688,-0.0007419923974083564,-3.5712053958518127e-06
341.12,0.92,0.025,0.009797958971132711,0.5248792922602417,0.5278473586035246,-0.016581608557592054,-0.06216267461264298,0.18071997742448248,-0.0005330996241316486,-0.00023512094011667525,0.0005715145374838719,-0.00013375991500025764,-2.491904880797001e-07,-0.014034673483145915,-0.05261448779214102,0.15296138889208197,-0.0004512155218650274,-0.012580410697016823,0.05555947754964962,-0.14155962793881738,-0.0741887760682708,-0.03585615705757082,-0.04281708480327209,0.005655699827076239,-0.0106664679430851,-0.007641231946111708,-0.005820612761589204,-0.0007401396232176292,-3.562188598053394e-06
341.28,0.92,0.025,0.009797958971132711,0.5248792922602417,0.5278473586035246,-0.016619167958391537,-0.06207127993429059,0.18069860648402508,-0.0005331610055766163,-0.00023437181495308544,0.0005709189469835955,-0.00013341038243268807,-2.484294690412918e-07,-0.014066463759982597,-0.05253713133638356,0.15294330052807883,-0.00045126747512004806,-0.012513354098976406,0.05550327949101806,-0.14154293924856667,-0.07417990560575846,-0.03583996231607926,-0.042732127251974915,0.005640911957655722,-0.010638599662605164,-0.0076392093861052815,-0.005821196521041578,-0.0007382928435388785,-3.5532007490564782e-06
341.44000000000005,0.92,0.025,0.009797958971132711,0.5248792922602417,0.5278473586035246,-0.016656607616747768,-0.06197998054795958,0.1806772919930635,-0.0005332221890239376,-0.00023362415924067537,0.0005703233873947291,-0.00013306205296891995,-2.476714427364953e-07,-0.014098152686815312,-0.052459855535792986,0.15292525994292896,-0.00045131926078986084,-0.012446430593434662,0.05544710686691138,-0.14152629462524632,-0.07417105860185653,-0.035823708331848385,-0.042647288580623666,0.0056261750184150045,-0.010610827290031894,-0.0076371807892481386,-0.005821777931442486,-0.0007364520556663515,-3.5442418519017354e-06
341.6,0.92,0.025,0.009797958971132711,0.5248792922602417,0.5278473586035246,-0.01669392776761202,-0.06188877644861875,0.1806560337366385,-0.0005332831746378252,-0.0002328779709682838,0.0005697278597837543,-0.00013271492525297748,-2.4691640466692e-07,-0.014129740462506814,-0.05238266038611091,0.15290726695469084,-0.00045137087901345527,-0.012379639994117675,0.05539095977006969,-0.1415096939008062,-0.07416223496769603,-0.03580739527468303,-0.042562568673082106,0.005611488951862649,-0.010583150717318298,-0.007635146146374906,-0.005822356975019334,-0.0007346172568146223,-3.5353119091268074e-06
341.76,0.92,0.025,0.009797958971132711,0.5248792922602417,0.5278473586035246,-0.01673112864561391,-0.06179766763106654,0.18063483149995632,-0.0005333439625831218,-0.00023213324812621422,0.0005691323652139785,-0.00013236899791845908,-2.4616435031169916e-07,-0.014161227285647615,-0.05230554588293472,0.15288932138156303,-0.0004514223299303543,-0.012312982114933613,0.055334838292967176,-0.1414931369073261,-0.07415343461447582,-0.03579102331407252,-0.04247796741319787,0.005596853700066145,-0.010555569835586115,-0.007633105448344113,-0.005822933633940217,-0.0007327884441186297,-3.5264109227638283e-06
341.91999999999996,0.92,0.025,0.009797958971132711,0.5248792922602417,0.5278473586035246,-0.0167682104850616,-0.0617066540899315,0.18061368506839276,-0.0005334045530251856,-0.00023138998870623543,0.0005685369047455404,-0.0001320242695885441,-2.454152751281861e-07,-0.01419261335455614,-0.05222851202171802,0.15287142304188764,-0.0004514736136805171,-0.012246456769972774,0.055278742527812556,-0.14147662347701845,-0.0741446574534644,-0.03577459261919109,-0.04239348468480278,0.005582269204652255,-0.010528084535126339,-0.0076310586860384244,-0.005823507890313879,-0.0007309656146337397,-3.5175388943429277e-06
342.08000000000004,0.92,0.025,0.009797958971132711,0.5248792922602417,0.5278473586035246,-0.01680517351994206,-0.06161573581967282,0.18059259422749877,-0.0005334649461299293,-0.0002306481907015814,0.0005679414794354167,-0.00013168073887599333,-2.4466917455132575e-07,-0.014223898867278961,-0.05215155879777108,0.15285357175415495,-0.00045152473040437215,-0.012180063773507544,0.05522267256654958,-0.14146015344223303,-0.07413590339600207,-0.035758103358898397,-0.04230912037171308,0.00556773540680697,-0.010500694705399279,-0.007629005850364902,-0.0058240797261896946,-0.0007291487653357683,-3.5086958248888756e-06
342.24,0.92,0.025,0.009797958971132711,0.5248792922602417,0.5278473586035246,-0.016842017983921317,-0.06152491281458082,0.1805715587630046,-0.0005335251420638688,-0.00022990785210695228,0.0005673460903374248,-0.000131338404383159,-2.4392604399400627e-07,-0.014255084021591003,-0.05207468620626121,0.1528357673370071,-0.0004515756802428586,-0.012113802939992467,0.055166628500857545,-0.14144372663546,-0.07412717235350269,-0.03574155570173976,-0.04222487435772966,0.005553252247275978,-0.01047340023503534,-0.0076269469322551965,-0.005824649123557631,-0.0007273378931210622,-3.4998817149233994e-06
342.4,0.92,0.025,0.009797958971132711,0.5248792922602417,0.5278473586035246,-0.016878744110344627,-0.06143418506877746,0.18055057846082476,-0.0005335851409940711,-0.00022916897091851453,0.0005667507385022307,-0.0001309972647019887,-2.431858788469268e-07,-0.014286169014995694,-0.051997894242213245,0.15281800960924208,-0.00045162646333738176,-0.012047674084064285,0.055110610422151755,-0.14142734288933392,-0.0741184642374558,-0.035724949815946726,-0.04214074652663835,0.005538819666364805,-0.010446201011835342,-0.007624881922665831,-0.005825216064348213,-0.0007255329948065442,-3.4910965644643e-06
342.56000000000006,0.92,0.025,0.009797958971132711,0.5248792922602417,0.5278473586035246,-0.01691535213223678,-0.06134355257621685,0.18052965310706365,-0.000533644943088204,-0.00022843154513390118,0.0005661554249773532,-0.00013065731841403134,-2.4244867447865076e-07,-0.01431715404472521,-0.05192118290050994,0.15280029838981868,-0.0004516770798298559,-0.011981677020541903,0.055054618421584024,-0.1414110020366381,-0.07410977895942886,-0.03570828586943741,-0.04205673676221019,0.005524437603939072,-0.010419096922771006,-0.0076228108125784115,-0.005825780530432508,-0.000723734067129767,-3.4823403730260186e-06
342.72,0.92,0.025,0.009797958971132711,0.5248792922602417,0.5278473586035246,-0.0169518422823023,-0.06125301533068575,0.1805087824880195,-0.0005337045485145136,-0.00022769557275221258,0.0005655601508071694,-0.00013031856409044824,-2.4171442623548514e-07,-0.014348039307740668,-0.05184455217589242,0.1527826334978597,-0.00045172752986268435,-0.011915811564426471,0.05499865259004319,-0.1413947039103076,-0.0741011164310688,-0.035691564029816936,-0.04197284494820165,0.005510105999424957,-0.010392087853985819,-0.0076207335929998786,-0.005826342503622082,-0.000721941106749003,-3.4736131396190972e-06
342.88,0.92,0.025,0.009797958971132711,0.5248792922602417,0.5278473586035246,-0.01698821479292568,-0.061162573325804055,0.1804879663901897,-0.0005337639574418545,-0.00022696105177401625,0.0005649649170329201,-0.00012998100029201846,-2.4098312944178644e-07,-0.014378825000732297,-0.051768002062960554,0.15276501475265658,-0.0004517778135787856,-0.011850077530901372,0.05494271301815556,-0.14137844834343366,-0.07409247656410445,-0.035674784464377815,-0.041889070968354904,0.005495824791809447,-0.010365173690795475,-0.007618650254962743,-0.005826901965668989,-0.0007201541102432967,-3.4649148627520797e-06
343.03999999999996,0.92,0.025,0.009797958971132711,0.5248792922602417,0.5278473586035246,-0.017024469896171623,-0.06107222655502535,0.18046720460027496,-0.0005338231700396629,-0.00022622798020134786,0.0005643697246927155,-0.00012964462556915124,-2.4025477939948e-07,-0.014409511320119663,-0.05169153255617346,0.15274744197367274,-0.0004518279311215707,-0.011784474735332263,0.05488679979628546,-0.14136223516926655,-0.07408385927034797,-0.0356579473401004,-0.0418054147063981,0.005481593919640812,-0.010338354317688862,-0.0076165607895253215,-0.005827458898265726,-0.000718373074112563,-3.456245540428988e-06
343.20000000000005,0.92,0.025,0.009797958971132711,0.5248792922602417,0.5278473586035246,-0.017060607823785264,-0.06098197501163733,0.18044649690518547,-0.0005338821864780262,-0.00022549635603771108,0.0005637745748215398,-0.0001293094384618916,-2.3952937138864187e-07,-0.014440098462051848,-0.051615143649849836,0.152729914980549,-0.00045187788263500143,-0.011719002993267084,0.05483091301453566,-0.14134606422122087,-0.07407526446169757,-0.0356410528236533,-0.041721876046045575,0.005467413321028899,-0.01031162961832851,-0.0076144651877719915,-0.005828013283045226,-0.0007165979947776385,-3.4476051701529e-06
343.36,0.92,0.025,0.009797958971132711,0.5248792922602417,0.5278473586035246,-0.01709662880719244,-0.06089181868876237,0.1804258430920441,-0.0005339410069275953,-0.0002247661772880784,0.0005631794684512572,-0.0001289754374999374,-2.3880690066689443e-07,-0.014470586622407682,-0.05153883533816847,0.15271243359310613,-0.0004519276682635167,-0.011653662120436071,0.054775052762747904,-0.14132993533287766,-0.07406669205013883,-0.03562410108139371,-0.04163845487099814,0.005453282933645793,-0.010284999475551953,-0.007612363440813418,-0.00582856510158083,-0.0007148288685804091,-3.4389937489226122e-06
343.52,0.92,0.025,0.009797958971132711,0.5248792922602417,0.5278473586035246,-0.017132533077499883,-0.060801757579357976,0.18040524294819263,-0.0005339996315596791,-0.00022403744195889088,0.0005625844066106171,-0.00012864262120264487,-2.3808736247001212e-07,-0.014500975996795902,-0.05146260761516859,0.15269499763135025,-0.0004519772881521124,-0.01158845193275181,0.054719219130503385,-0.14131384833798943,-0.07405814194774712,-0.03560709227936795,-0.041555151064943306,0.005439202694726109,-0.010258463771372168,-0.007610255539786805,-0.005829114335386249,-0.0007130656917838631,-3.4304112732364615e-06
343.68000000000006,0.92,0.025,0.009797958971132711,0.5248792922602417,0.5278473586035246,-0.017168320865495478,-0.06071179167621731,0.18038469626119524,-0.0005340580605461976,-0.00022331014805805917,0.000561989390325259,-0.00012831098807904412,-2.37370752011457e-07,-0.014531266780555373,-0.05138646047475034,0.15267760691547566,-0.0004520267424463017,-0.011523372246309215,0.05466341220712323,-0.14129780307048295,-0.07404961406668922,-0.03559002658331177,-0.041471964511555576,0.0054251725410675985,-0.010232022386978816,-0.007608141475856136,-0.005829660965915566,-0.0007113084605722102,-3.4218577390899065e-06
343.84000000000003,0.92,0.025,0.009797958971132711,0.5248792922602417,0.5278473586035246,-0.017203992401648483,-0.0606219209719697,0.18036420281884483,-0.0005341162940597043,-0.0002225842935949634,0.0005613944206177187,-0.00012798053662785286,-2.3665706448274503e-07,-0.014561459168755278,-0.051310393910675156,0.15266026126587026,-0.0004520760312921337,-0.011458422877385603,0.05460763208166899,-0.14128179936446406,-0.07404110831922577,-0.035572904158650845,-0.041388895094496655,0.005411192409031763,-0.010205675202739326,-0.007606021240212419,-0.005830204974563199,-0.0007095571710509797,-3.4133331419778735e-06
344.0,0.92,0.025,0.009797958971132711,0.5248792922602417,0.5278473586035246,-0.017239547916109793,-0.06053214545908108,0.1803437624091667,-0.000534174332273415,-0.00022185987658045387,0.0005607994985074328,-0.00012765126533748552,-2.3594629505319414e-07,-0.01459155335619533,-0.05123440791656623,0.1526429605031187,-0.0004521251548362185,-0.011393603642440644,0.05455187884294313,-0.1412658370542207,-0.07403262461771289,-0.03555572517050111,-0.041305942697415776,0.0053972622345442155,-0.010179422098199642,-0.007603894824073926,-0.005830746342663889,-0.0007078118192471042,-3.404837476893718e-06
344.15999999999997,0.92,0.025,0.009797958971132711,0.5248792922602417,0.5278473586035246,-0.017274987638712144,-0.06044246512985455,0.18032337482042313,-0.0005342321753611614,-0.00022113689502685082,0.0005602046250107442,-0.00012732317268607444,-2.3523843887005406e-07,-0.01462154953740596,-0.0511585024859089,0.15262570444800613,-0.00045217411322568703,-0.011328914358116452,0.05449615257948951,-0.14124991597422634,-0.074024162874604,-0.035538489783669226,-0.04122310720394978,0.005383381953095584,-0.01015326295208589,-0.007601762218686446,-0.005831285051492676,-0.0007060724011090678,-3.3963707383301774e-06
344.32000000000005,0.92,0.025,0.009797958971132711,0.5248792922602417,0.5278473586035246,-0.017310311798970374,-0.06035287997643083,0.1803030398411194,-0.0005342898234974545,-0.0002204153469479455,0.0005596098011409077,-0.0001269962571414787,-2.3453349105866016e-07,-0.014651447906648525,-0.051082677612051056,0.15260849292152345,-0.00045222290660824557,-0.011264354841237532,0.05444045337959386,-0.1412340359591448,-0.07401572300245234,-0.03552119816265295,-0.04114038849772358,0.0053695514997418965,-0.010127197642305106,-0.007599623415323518,-0.0058318210822648885,-0.0007043389125069799,-3.3879329202806586e-06
344.48,0.92,0.025,0.009797958971132711,0.5248792922602417,0.5278473586035246,-0.01734552062608162,-0.06026338999078877,0.18028275726000706,-0.0005343472768574367,-0.00021969523035899994,0.0005590150279080952,-0.0001266705171613061,-2.3383144672217367e-07,-0.014681248657915483,-0.05100693328820362,0.15259132574486997,-0.0004522715351321345,-0.011199924908810872,0.05438478133128427,-0.1412181968438328,-0.0740073049139123,-0.035503850471641604,-0.041057786462350275,0.0053557708091054885,-0.01010122604594697,-0.007597478405286693,-0.005832354416136117,-0.0007026113492327336,-3.379524016238082e-06
344.64,0.92,0.025,0.009797958971132711,0.5248792922602417,0.5278473586035246,-0.017380614348925606,-0.06017399516474584,0.18026252686609037,-0.0005344045356169638,-0.00021897654327674747,0.0005584203063194005,-0.0001263459511929238,-2.331323009418508e-07,-0.014710951984930633,-0.05093126950744088,0.1525742027394589,-0.0004523199989461982,-0.01113562437802591,0.05432913652233171,-0.14120239846334498,-0.07399890852174207,-0.03548644687451641,-0.04097530098143141,0.005342039815375461,-0.010075348039284658,-0.0075953271799057654,-0.005832885034202212,-0.000700889707000089,-3.371144019196912e-06
344.80000000000007,0.92,0.025,0.009797958971132711,0.5248792922602417,0.5278473586035246,-0.017415593196064838,-0.06008469548995862,0.1802423484486288,-0.000534461599952521,-0.00021825928371939303,0.0005578256373788455,-0.00012602255767347922,-2.324360487769013e-07,-0.014740558081149279,-0.05085568626270098,0.15255712372691943,-0.0004523682981998138,-0.011071453066254566,0.05427351904025045,-0.1411866406529358,-0.07399053373880465,-0.03546898753485095,-0.040892931938557274,0.0053283584523085735,-0.010049563497776526,-0.007593169730539029,-0.005833412917499258,-0.0006991739814448291,-3.362792921652536e-06
344.96000000000004,0.92,0.025,0.009797958971132711,0.5248792922602417,0.5278473586035246,-0.01745045739574486,-0.05999549095792329,0.18022222179714445,-0.0005345184700412698,-0.00021754344970661342,0.0005572310220873847,-0.00012570033502991914,-2.317426852647655e-07,-0.01477006713975845,-0.050780183546786276,0.15254008852910306,-0.00045241643304293075,-0.01100741079105126,0.05421792897229857,-0.14117092324806546,-0.07398218047807098,-0.03545147261591159,-0.04081067921730709,0.0053147266532300435,-0.010023872296067604,-0.007591006048573525,-0.005833938047003569,-0.0006974641681248882,-3.354470715603322e-06
345.12,0.92,0.025,0.009797958971132711,0.5248792922602417,0.5278473586035246,-0.01748520717589447,-0.05990638155997611,0.18020214670142445,-0.0005345751460610911,-0.00021682903925955777,0.0005566364614429107,-0.00012537928167900454,-2.3105220542070877e-07,-0.014799479353677078,-0.05070476135236378,0.15252309696808566,-0.0004524644036261075,-0.010943497370152938,0.054162366405478425,-0.14115524608440166,-0.07397384865262084,-0.03543390228065781,-0.040728542701249315,0.00530114435103416,-0.00999827430799081,-0.007588836125425289,-0.005834460403631673,-0.0006957602625204748,-3.346177392548943e-06
345.28,0.92,0.025,0.009797958971132711,0.5248792922602417,0.5278473586035246,-0.017519842764125968,-0.05981736728729395,0.18018212295152708,-0.0005346316281905291,-0.00021611605040084753,0.0005560419564402595,-0.00012505939602733393,-2.3036460423831447e-07,-0.01482879491555622,-0.0506294196719656,0.15250614886617253,-0.0004525122101004639,-0.010879712621479078,0.0541068314265372,-0.1411396089978245,-0.07396553817564538,-0.03541627669174271,-0.040646522273941825,0.0052876114781852945,-0.00997276940656879,-0.007586659952539591,-0.005834979968240296,-0.0006940622600342289,-3.3379129434933517e-06
345.44000000000005,0.92,0.025,0.009797958971132711,0.5248792922602417,0.5278473586035246,-0.01755436438773541,-0.05972844813089472,0.18016215033778563,-0.0005346879166088402,-0.00021540448115457713,0.0005554475080712164,-0.00012474067647136132,-2.2967987668924527e-07,-0.014858014017779251,-0.0505541584979893,0.15248924404590175,-0.00045255985261772236,-0.0108160563631317,0.054051324121967274,-0.14112401182442946,-0.07395724896044882,-0.035398596011513385,-0.040564617818932246,0.005274127966718646,-0.009947357464015358,-0.007584477521391208,-0.005835496721626368,-0.0006923701559913588,-3.32967735894407e-06
345.6,0.92,0.025,0.009797958971132711,0.5248792922602417,0.5278473586035246,-0.017588772273702792,-0.05963962408163793,0.18014222865081353,-0.000534744011495995,-0.000214694329546314,0.0005548531173245196,-0.0001244231213974179,-2.289980177233779e-07,-0.014887136852462044,-0.05047897782269834,0.1524723823300486,-0.0004526073313302102,-0.010752528413395423,0.053995844578006796,-0.14110845440053135,-0.0739489809204504,-0.03538086040201125,-0.040482829219758064,0.005260693748241158,-0.009922038351737222,-0.007582288823484644,-0.005836010644526992,-0.0006906839456397935,-3.321470628913421e-06
345.76,0.92,0.025,0.009797958971132711,0.5248792922602417,0.5278473586035246,-0.01762306664869236,-0.05955089513022507,0.18012235768150953,-0.0005347999130326241,-0.00021398559360309897,0.0005542587851858675,-0.0001241067291817346,-2.2831902226884664e-07,-0.014916163611453214,-0.0504038776382225,0.15245556354162967,-0.00045265464639081303,-0.0106891285907374,0.05394039288064012,-0.1410929365626685,-0.0739407339691866,-0.035363070024972625,-0.04040115635994703,0.005247308753932476,-0.009896811940335785,-0.007580093850354405,-0.005836521717619463,-0.0006890036241503396,-3.3132927429190285e-06
345.91999999999996,0.92,0.025,0.009797958971132711,0.5248792922602417,0.5278473586035246,-0.017657247739052775,-0.05946226126720023,0.18010253722106045,-0.0005348556214001386,-0.00021327827135344635,0.0005536645126379222,-0.00012379149819046202,-2.2764288523196683e-07,-0.014945094486334269,-0.05032885793655828,0.15243878750390558,-0.0004527017979530773,-0.010625856713807417,0.053884969115598265,-0.14107745814760472,-0.0739325080203123,-0.03534522504182896,-0.04031959912301725,0.00523397291454579,-0.009871678099608743,-0.0075778925935652405,-0.005837029921521236,-0.0006873291866168358,-3.3051436899843886e-06
346.08000000000004,0.92,0.025,0.009797958971132711,0.5248792922602417,0.5278473586035246,-0.017691315770817388,-0.05937372248295048,0.18008276706094845,-0.0005349111367806365,-0.0002125723608273446,0.0005530703006603157,-0.00012347742677969577,-2.269696014974225e-07,-0.014973929668419837,-0.050253918709569294,0.15242205404038678,-0.0004527487861711308,-0.01056271260143787,0.05382957336835945,-0.1410620189923352,-0.07392430298760372,-0.03532732561370734,-0.04023815739247753,0.005220686160408899,-0.009846636698552092,-0.007575685044712389,-0.005837535236789936,-0.0006856606280563182,-3.297023458640017e-06
346.24,0.92,0.025,0.009797958971132711,0.5248792922602417,0.5278473586035246,-0.017725270969704464,-0.05928527876770639,0.18006304699295378,-0.0005349664593569541,-0.00021186786005625624,0.0005524761502296551,-0.00012316451329549933,-2.2629916592824694e-07,-0.015002669348757859,-0.05017905994898669,0.1524053629748361,-0.00045279561119972595,-0.010499696072643762,0.0537742057241495,-0.14104661893408854,-0.07391611878495956,-0.0353093719014309,-0.04015683105182761,0.0052074484214251855,-0.009821687605361956,-0.0075734711954218445,-0.005838037643923358,-0.0006839979434091885,-3.288932036924119e-06
346.4,0.92,0.025,0.009797958971132711,0.5248792922602417,0.5278473586035246,-0.017759113561117413,-0.05919693011154252,0.1800433768091598,-0.0005350215893126627,-0.00021116476707311833,0.0005518820623195278,-0.00012285275607392798,-2.2563157336587022e-07,-0.015031313718129779,-0.05010428164640959,0.15238871413127286,-0.0004528422731942377,-0.010436806946622763,0.0537188662679424,-0.14103125781033066,-0.07390795532640307,-0.03529136406551921,-0.04007561998455835,0.005194259627074629,-0.009796830687436496,-0.007571251037350603,-0.005838537123359447,-0.000682341127539386,-3.2808694123833754e-06
346.56000000000006,0.92,0.025,0.009797958971132711,0.5248792922602417,0.5278473586035246,-0.017792843770145058,-0.0591086765043779,0.18002375630195783,-0.0005350765268320886,-0.00021046307991234246,0.0005512880379005058,-0.00012254215344105506,-2.2496681863019022e-07,-0.015059862967050778,-0.05002958379330546,0.1523721073339771,-0.0004528887723106798,-0.010374045042755168,0.053663555084460704,-0.1410159354587687,-0.07389981252608407,-0.03527330226618863,-0.03999452407415197,0.005181119706414905,-0.009772065811378005,-0.007569024562186911,-0.005839033655476317,-0.0006806901752345649,-3.2728355720739914e-06
346.72,0.92,0.025,0.009797958971132711,0.5248792922602417,0.5278473586035246,-0.01782646182156181,-0.05902051793597653,0.18000418526405185,-0.0005351312721002793,-0.00020976279660981528,0.0005506940779401525,-0.00012223270371299616,-2.2430489651957418e-07,-0.015088317285769917,-0.04995496638101053,0.1523555424074935,-0.00045293510870567636,-0.010311410180603987,0.05360827225817606,-0.1410006517173546,-0.07389169029828088,-0.035255186663352825,-0.03991354320408237,0.005168028588082421,-0.009747392842994834,-0.007566791761650525,-0.005839527220592229,-0.0006790450812062677,-3.264830502562133e-06
346.88,0.92,0.025,0.009797958971132711,0.5248792922602417,0.5278473586035246,-0.01785996793982797,-0.058932454395947784,0.17998466348846207,-0.0005351858253030615,-0.00020906391520289868,0.0005501001834030265,-0.00012192440519593808,-2.2364580181086658e-07,-0.015116676864270394,-0.04988042940073021,0.1523390191766343,-0.0004529812825365113,-0.01024890217991486,0.053553017873309634,-0.14098540642428797,-0.07388358855740174,-0.03523701741662307,-0.03983267725781529,0.0051549862002935225,-0.00972281164730371,-0.007564552627492961,-0.005840017798965614,-0.0006774058400901275,-3.2568541899248688e-06
347.03999999999996,0.92,0.025,0.009797958971132711,0.5248792922602417,0.5278473586035246,-0.017893362349089916,-0.05884448587374699,0.17996519076853157,-0.0005352401866270108,-0.00020836643373042986,0.0005495063552506879,-0.00012161725618616162,-2.229895292596982e-07,-0.015144941892269706,-0.04980597284353946,0.15232253746648514,-0.000453027293961102,-0.010186520860616152,0.053497792013832604,-0.14097019941802122,-0.07387550721798761,-0.03521879468530874,-0.03975192611880856,0.005141992470845492,-0.009698322088531535,-0.007562307151497766,-0.005840505370795061,-0.0006757724464460248,-3.248906619752258e-06
347.20000000000005,0.92,0.025,0.009797958971132711,0.5248792922602417,0.5278473586035246,-0.01792664527318037,-0.05875661235867588,0.17994576689792782,-0.000535294356259482,-0.0002076703502327218,0.0005489125944417023,-0.00012131125497007473,-2.223360736001538e-07,-0.015173112559219866,-0.04973159670038327,0.1523060971024061,-0.00045307314313802565,-0.010124266042818927,0.053442594763466696,-0.14095503053726074,-0.07386744619471275,-0.03520051862841761,-0.03967128967051239,0.005129047327117905,-0.009673924030118053,-0.00756005532548074,-0.005840989916219319,-0.000674144894758321,-3.240987777146434e-06
347.36,0.92,0.025,0.009797958971132711,0.5248792922602417,0.5278473586035246,-0.017959816935618607,-0.05866883383988301,0.1799263916706503,-0.0005353483343885977,-0.0002069756627515634,0.0005483189019316474,-0.00012100639982423675,-2.2168542954514356e-07,-0.01520118905430759,-0.04965730096207698,0.15228969791003844,-0.0004531188302265091,-0.010062137546816962,0.05338742620568453,-0.14093989962097297,-0.07385940540238789,-0.03518218940465641,-0.03959076779636953,0.00511615069607369,-0.009649617334717758,-0.007557797141290235,-0.0058414714153173135,-0.0006725231794360217,-3.2330976467241197e-06
347.52,0.92,0.025,0.009797958971132711,0.5248792922602417,0.5278473586035246,-0.01799287755961073,-0.058581150306364294,0.1799070648810324,-0.0005354021212032566,-0.00020628236933021955,0.0005477252786731172,-0.0001207026890153896,-2.2103759178636956e-07,-0.015229171566454524,-0.049583085619306744,0.15227333971530582,-0.00045316435538643636,-0.010000135193086764,0.05333228642371019,-0.1409248065083858,-0.07385138475596098,-0.03516380717243109,-0.039510360379815576,0.005103302504260439,-0.009625401864202401,-0.0075555325908073755,-0.005841949848108142,-0.0006709072948129981,-3.2252362126172534e-06
347.68000000000006,0.92,0.025,0.009797958971132711,0.5248792922602417,0.5278473586035246,-0.018025827368049856,-0.058493561746963504,0.17988778632374777,-0.0005354557168931429,-0.00020559046801343165,0.0005471317256157272,-0.00012040012080048715,-2.2039255499427393e-07,-0.015257060284317399,-0.04950895066262991,0.15225702234442012,-0.0004532097187783562,-0.009938258802287598,0.053277175500519684,-0.14090975103899356,-0.07384338417051986,-0.035145372089847284,-0.03943006730427914,0.005090502677811638,-0.009601277479663328,-0.007553261665946333,-0.00584242519455108,-0.0006692972351481844,-3.2174034584733635e-06
347.84000000000003,0.92,0.025,0.009797958971132711,0.5248792922602417,0.5278473586035246,-0.0180586665835164,-0.05840606815037268,0.17986855579381347,-0.0005355091216487619,-0.00020489995684741747,0.0005465382437061199,-0.00012009869342672525,-2.1975031381827146e-07,-0.015284855396288282,-0.049434896082475435,0.15224074562388373,-0.0004532549205635121,-0.009876508195261455,0.053222093518841385,-0.14089473305255948,-0.07383540356129346,-0.03512688431471073,-0.039349888453182116,0.005077751142447954,-0.009577244041413862,-0.007550984358654582,-0.0058428974345456,-0.0006676929946257891,-3.2095993674577303e-06
348.0,0.92,0.025,0.009797958971132711,0.5248792922602417,0.5278473586035246,-0.018091395428278288,-0.058318669505132634,0.1798493730865954,-0.0005355623356613699,-0.00020421083387987186,0.0005459448338879701,-0.00011979840513157346,-2.191108628866174e-07,-0.015312557090494743,-0.049360921869144266,0.15222450938049437,-0.00045329996090378346,-0.009814883193033091,0.05316704056115649,-0.1408797523891199,-0.07382744284365414,-0.03510834400452763,-0.03926982370993998,0.0050650478234785575,-0.00955330140899185,-0.007548700660913149,-0.0058433665479313696,-0.000666094567355509,-3.2018239222530966e-06
348.15999999999997,0.92,0.025,0.009797958971132711,0.5248792922602417,0.5278473586035246,-0.018124014124291175,-0.05823136579963343,0.17983023799781178,-0.0005356153591230877,-0.0002035230971599663,0.0005453514971019897,-0.00011949925414280625,-2.184741968067894e-07,-0.01534016555480005,-0.049287028012809736,0.1522083134413479,-0.0004533448399617815,-0.009753383616810048,0.05311201670969955,-0.14086480888898711,-0.07381950193311905,-0.03508975131650513,-0.039189872957961835,0.005052392645802473,-0.009529449441162132,-0.007546410564736893,-0.005843832514488266,-0.0006645019473727473,-3.194077105062965e-06
348.32000000000005,0.92,0.025,0.009797958971132711,0.5248792922602417,0.5278473586035246,-0.018156522893198725,-0.05814415702211488,0.17981115032353823,-0.0005356681922268042,-0.00020283674473834968,0.0005447582342859329,-0.00011920123867853527,-2.17840310165173e-07,-0.015367680976803402,-0.04921321450351804,0.15219215763384275,-0.00045338955790076715,-0.009692009287982646,0.053057022046458874,-0.14084990239275327,-0.07381158074535227,-0.03507110640755163,-0.039110036080650876,0.00503978553390991,-0.009505687995919134,-0.007544114062174735,-0.005844295313936391,-0.0006629151286388325,-3.1863588976102254e-06
348.48,0.92,0.025,0.009797958971132711,0.5248792922602417,0.5278473586035246,-0.01818892195633281,-0.05805704316066697,0.17979210986021202,-0.0005357208351662357,-0.00020215177466714824,0.0005441650463746016,-0.00011890435694724367,-2.1720919752741327e-07,-0.01539510354384009,-0.04913948133118853,0.15217604178568345,-0.0004534341148847019,-0.009630760028123983,0.05300205665317703,-0.14083503274129364,-0.07380367919616651,-0.035052409434277246,-0.039030312961404495,0.005027226411883731,-0.009482016930489594,-0.007541811145309943,-0.0058447549259360776,-0.0006613341050412513,-3.17866928114013e-06
348.64,0.92,0.025,0.009797958971132711,0.5248792922602417,0.5278473586035246,-0.018221211534713767,-0.057970024203230344,0.17977311640463578,-0.0005357732881359437,-0.00020146818499996557,0.0005435719342998502,-0.00011860860714781694,-2.1658085343835649e-07,-0.015422433442981734,-0.049065828485614166,0.15215996572488374,-0.00045347851107826277,-0.009569635658989968,0.05294712061135133,-0.1408201997757696,-0.07379579720152468,-0.03503366055299421,-0.03895070348361446,0.005014715203400763,-0.00945843610133502,-0.007539501806260373,-0.00584521133008791,-0.0006597588703938656,-3.1710082364207916e-06
348.80000000000007,0.92,0.025,0.009797958971132711,0.5248792922602417,0.5278473586035246,-0.018253391849050622,-0.05788310013759682,0.17975416975398298,-0.000535825551331299,-0.00020078597379188335,0.0005429788989905909,-0.0001183139874695805,-2.159552724221308e-07,-0.015449670861036447,-0.04899225595646195,0.1521439292797712,-0.0004535227466468115,-0.009508636002519326,0.05289221400223424,-0.14080540333763295,-0.07378793467754216,-0.03501485991971722,-0.03887120753066727,0.005002251831733369,-0.009434945364154687,-0.007537186037178744,-0.005845664505932736,-0.0006581894184371597,-3.1633757437443216e-06
348.96000000000004,0.92,0.025,0.009797958971132711,0.5248792922602417,0.5278473586035246,-0.01828546311974134,-0.057796270951409774,0.17973526970580095,-0.0005358776249485257,-0.0002001051390994609,0.0005423859413727993,-0.0001180204960923327,-2.1533244898227861e-07,-0.01547681598454907,-0.04891876373327324,0.15212793227898994,-0.0004535668217564322,-0.009447760880833564,0.05283733690683387,-0.14079064326862814,-0.07378009154048794,-0.03499600769016397,-0.03879182498594435,0.0049898362197508634,-0.009411544573888275,-0.007534863830252895,-0.00584611443295169,-0.0006566257428384727,-3.1557717829285584e-06
349.12,0.92,0.025,0.009797958971132711,0.5248792922602417,0.5278473586035246,-0.018317425566873054,-0.0577095366321647,0.17971641605801592,-0.0005359295091846831,-0.00019942567898073588,0.0005417930623695185,-0.00011772813118638003,-2.1471237760179474e-07,-0.015503868999801353,-0.048845351805464204,0.1521119745515047,-0.0004536107365739158,-0.009387010116237042,0.05278248940591449,-0.1407759194107964,-0.07377226770678684,-0.03497710401975539,-0.03871255573282221,0.004977468289920988,-0.009388233584718667,-0.007532535177706039,-0.005846561090566203,-0.0006550678371922348,-3.148196333318018e-06
349.28,0.92,0.025,0.009797958971132711,0.5248792922602417,0.5278473586035246,-0.018349279410222286,-0.05762289716720964,0.17969760860893735,-0.0005359812042376894,-0.0001987475914952239,0.0005412002629008649,-0.00011743689091257464,-2.1409505274319331e-07,-0.015530830092812144,-0.04877202016232624,0.15209605592660458,-0.00045365449126678035,-0.009326383531216956,0.05272767157999692,-0.14076123160647896,-0.07376446309302119,-0.034958149063616155,-0.03863339965467272,0.004965147964311506,-0.009365012250074948,-0.00753020007179703,-0.005847004458138021,-0.0006535156950202201,-3.1406493737852253e-06
349.44000000000005,0.92,0.025,0.009797958971132711,0.5248792922602417,0.5278473586035246,-0.01838102486925522,-0.05753635254374563,0.17967884715726162,-0.0005360327103063287,-0.00019807087470391935,0.0005406075438840333,-0.00011714677342234916,-2.1348046884865515e-07,-0.015557699449337619,-0.04869876879302631,0.15208017623390624,-0.00045369808600327665,-0.009265880948443314,0.05267288350935905,-0.14074657969832002,-0.07375667761593237,-0.03493914297657506,-0.03855435663486339,0.004952875164591678,-0.009341880422635175,-0.007527858504820632,-0.005847444514969239,-0.0006519693097717875,-3.133130882732409e-06
349.6,0.92,0.025,0.009797958971132711,0.5248792922602417,0.5278473586035246,-0.018412662163127896,-0.05744990274882719,0.17966013150207655,-0.0005360840275902198,-0.000197395526669295,0.0005400149062333022,-0.00011685777685775646,-2.1286862033993192e-07,-0.015584477254871451,-0.04862559768660734,0.15206433530335758,-0.000453741520952362,-0.009205502190768993,0.05261812527403626,-0.14073196352927034,-0.07374891119242269,-0.03492008591316545,-0.03847542655675751,0.004940649812033924,-0.009318837954329558,-0.007525510469107771,-0.005847881240302308,-0.0006504286748241445,-3.1256408380917725e-06
349.76,0.92,0.025,0.009797958971132711,0.5248792922602417,0.5278473586035246,-0.01844419151068649,-0.057363547769362803,0.17964146144286547,-0.0005361351562898878,-0.0001967215454553024,0.0005394223508600379,-0.0001165698993515051,-2.1225950161873198e-07,-0.015611163694645044,-0.04855250683198868,0.15204853296524135,-0.00045378479628376103,-0.0091452470812297,0.052563396953821916,-0.14071738294259029,-0.07374116373955707,-0.034900978027625526,-0.03839660930371441,0.00492847182751536,-0.009295884696343265,-0.007523155957025807,-0.005848314613320068,-0.0006488937834825915,-3.1181792173287546e-06
349.91999999999996,0.92,0.025,0.009797958971132711,0.5248792922602417,0.5278473586035246,-0.018475613130467514,-0.05727728759211535,0.17962283677951194,-0.0005361860966067089,-0.00019604892912737212,0.0005388298786727011,-0.00011628313902700035,-2.1165310706645472e-07,-0.015637758953627703,-0.04847949621796644,0.1520327690501789,-0.0004538279121679184,-0.009085115443044025,0.052508698628267826,-0.14070283778185363,-0.07373343517456495,-0.03488181947389888,-0.03831790475908974,0.004916341131519495,-0.009273020499119725,-0.007520794960978787,-0.00584874461314577,-0.0006473646289807939,-3.1107459974412906e-06
350.08000000000004,0.92,0.025,0.009797958971132711,0.5248792922602417,0.5278473586035246,-0.018506927240698072,-0.05719112220370262,0.1796042573123025,-0.0005362368487429506,-0.00019537767575241358,0.0005382374905768504,-0.0001159974939983799,-2.1104943104455126e-07,-0.01566426321652685,-0.0484065658332139,0.15201704338913286,-0.00045387086877603347,-0.009025107099613391,0.05245403037668467,-0.14068832789094973,-0.07372572541484144,-0.03486261040563478,-0.03823931280623557,0.004904257644137767,-0.009250245212363438,-0.007518427473407718,-0.005849171218843095,-0.0006458412044810305,-3.103341154962878e-06
350.24,0.92,0.025,0.009797958971132711,0.5248792922602417,0.5278473586035246,-0.018538134059296094,-0.05710505159059769,0.1795857228419322,-0.0005362874129017794,-0.0001947077833988156,0.0005376451874751488,-0.00011571296237055774,-2.1044846789455685e-07,-0.015690676667788214,-0.04833371566628189,0.15200135581341143,-0.0004539136662800661,-0.00896522187452211,0.0523993922781425,-0.14067385311408767,-0.0737180343779496,-0.03484335097618865,-0.03816083332850075,0.004892221285071398,-0.009227558685043501,-0.007516053486790835,-0.005849594409416199,-0.0006443235030744811,-3.0959646659637542e-06
350.4,0.92,0.025,0.009797958971132711,0.5248792922602417,0.5278473586035246,-0.018569233803870565,-0.057019075739129524,0.17956723316950754,-0.0005363377892872491,-0.00019403925013644616,0.000537052970267368,-0.00011542954223926112,-2.098502119380036e-07,-0.015716999491596047,-0.04826094570559923,0.1519857061546712,-0.00045395630485272763,-0.008905459591537374,0.05234478441147122,-0.1406594132957989,-0.07371036198162169,-0.03482404133862245,-0.038082466209231065,0.004880231973632937,-0.009204960765396546,-0.007513672993643852,-0.00585001416380972,-0.0006428115177814814,-3.088616506051306e-06
350.56000000000006,0.92,0.025,0.009797958971132711,0.5248792922602417,0.5278473586035246,-0.018600226691721768,-0.05693319463548326,0.17954878809655186,-0.0005363879781043128,-0.00019337207403665276,0.0005364608398503931,-0.00011514723169107274,-2.0925465747673646e-07,-0.015743231871873306,-0.04818825593947303,0.1519700942449215,-0.0004539987846674903,-0.008845820074609226,0.05229020685526093,-0.140645008280941,-0.07370270814376124,-0.034804681645705014,-0.038004211331769434,0.004868289628748071,-0.009182451300930098,-0.007511285986520239,-0.005850430460908825,-0.000641305241551802,-3.0812966503728257e-06
350.72,0.92,0.025,0.009797958971132711,0.5248792922602417,0.5278473586035246,-0.018631112939841522,-0.05684740826570084,0.1795303874250077,-0.0005364379795588383,-0.00019270625317226238,0.000535868797118229,-0.00011486602880347236,-2.086617987929485e-07,-0.015769373992281864,-0.04811564635608919,0.15195451991652653,-0.00045404110589860073,-0.008786303147870623,0.05223565968786258,-0.1406306379147,-0.07369507278244425,-0.03478527204991256,-0.0379260685794562,0.004856394168957374,-0.009160030138425904,-0.007508892458011486,-0.00585084327953923,-0.0006398046672649327,-3.0740050736168016e-06
350.88,0.92,0.025,0.009797958971132711,0.5248792922602417,0.5278473586035246,-0.018661892764913417,-0.05676171661568134,0.1795120309572421,-0.0005364877938576192,-0.00019204178561758187,0.000535276842962004,-0.00011458593164487757,-2.0807163014911263e-07,-0.015795426036222717,-0.04804311694351269,0.15193898300220973,-0.0004540832687210889,-0.008726908635637382,0.05218114298738821,-0.1406163020425942,-0.07368745581592114,-0.034765812703429,-0.0378480378356293,0.004844545512418027,-0.00913769712394317,-0.007506492400747364,-0.0058512525984672405,-0.0006383097877303529,-3.0667417500135257e-06
351.03999999999996,0.92,0.025,0.009797958971132711,0.5248792922602417,0.5278473586035246,-0.018692566383313052,-0.05667611967118153,0.17949371849604961,-0.0005365374212083552,-0.00019137866944839775,0.0005346849782699758,-0.00011430693827468806,-2.0748414578836827e-07,-0.015821388186836167,-0.04797066768968805,0.1519234833350564,-0.0004541252733107519,-0.008667636362408207,0.052126656831711575,-0.14060200051047667,-0.07367985716261817,-0.034746303758146385,-0.037770118983624534,0.004832743576905705,-0.009115452102822105,-0.007504085807396194,-0.005851658396399784,-0.0006368205956878307,-3.0595066533382435e-06
351.20000000000005,0.92,0.025,0.009797958971132711,0.5248792922602417,0.5278473586035246,-0.01872313401110826,-0.05659061741781627,0.1794754498446577,-0.0005365868618196732,-0.0001907169027419765,0.0005340932039275361,-0.00011402904674332753,-2.0689933993434936e-07,-0.015847260627002032,-0.04789829858243969,0.15190802074851828,-0.0004541671198441714,-0.00860848615286474,0.05207220129846854,-0.14058773316453932,-0.07367227674113955,-0.03472674536566529,-0.037692311906775716,0.004820988279816338,-0.009093294919687245,-0.0075016726706651216,-0.0058520606519844405,-0.0006353370838076982,-3.052299756911244e-06
351.36,0.92,0.025,0.009797958971132711,0.5248792922602417,0.5278473586035246,-0.01875359586405937,-0.05650520984105897,0.1794572248067279,-0.0005366361159011613,-0.00019005648357706467,0.0005335015208172159,-0.00011375225509228664,-2.0631720679145243e-07,-0.01587304353933985,-0.047826009609472316,0.1518925950764145,-0.000454208808498743,-0.008549457831871467,0.05201777646505751,-0.14057349985131412,-0.07366471447026796,-0.034707137677295205,-0.03761461648841495,0.004809279538167932,-0.0090712254184509,-0.007499252983300365,-0.005852459343809486,-0.0006338592446911515,-3.045121033600585e-06
351.52,0.92,0.025,0.009797958971132711,0.5248792922602417,0.5278473586035246,-0.01878395215761942,-0.05641989692624209,0.17943904318636272,-0.0005366851836633134,-0.00018939741003388884,0.0005329099298186901,-0.00011347656135417026,-2.0573774054482022e-07,-0.01589873710620908,-0.0477538007583713,0.15187720615293743,-0.00045425033945262845,-0.008490551224475788,0.05196338240863992,-0.14055930041767822,-0.07365717026896744,-0.03468748084405494,-0.037537032611872856,0.00479761726860257,-0.009049243442316897,-0.007496826738087508,-0.005852854450403924,-0.0006323870708705508,-3.037970455822828e-06
351.68000000000006,0.92,0.025,0.009797958971132711,0.5248792922602417,0.5278473586035246,-0.018814203106934404,-0.05633467865855756,0.17942090478810774,-0.0005367340653176007,-0.00018873968019415585,0.0005323184318087832,-0.00011320196355273714,-2.0516093536058306e-07,-0.01592434150970928,-0.04768167201660312,0.1518618538126544,-0.00045429171288481726,-0.00843176615590802,0.051909019206140716,-0.14054513471085564,-0.07364964405638409,-0.03466777501667304,-0.03745956016047872,0.004786001387388096,-0.009027348833783758,-0.007494393927851746,-0.0058532459502375275,-0.000630920554809699,-3.030847995545682e-06
351.84000000000003,0.92,0.025,0.009797958971132711,0.5248792922602417,0.5278473586035246,-0.018844348926843505,-0.05624955502305724,0.17940280941695572,-0.0005367827610764368,-0.00018808329214105293,0.000531727027661474,-0.00011292845970295019,-2.0458678538591816e-07,-0.015949856931680342,-0.047609623371515655,0.15184653789051133,-0.0004543329289750961,-0.008373102451581365,0.051854686934248724,-0.14053100257842058,-0.07364213575184797,-0.03464802034558817,-0.037382199017560826,0.004774431810420237,-0.009005541434648701,-0.007491954545458169,-0.005853633821720887,-0.0006294596889041694,-3.0237536242893592e-06
352.0,0.92,0.025,0.009797958971132711,0.5248792922602417,0.5278473586035246,-0.018874389831879345,-0.05616452600465338,0.17938475687835082,-0.0005368312711531826,-0.0001874282439592477,0.0005311357182479,-0.00011265604781102004,-2.0401528474893472e-07,-0.015975283553702677,-0.04753765481033862,0.15183125822183613,-0.00045437398790405375,-0.00831455993709193,0.05180038566941722,-0.14051690386830068,-0.07363464527487472,-0.03462821698094949,-0.03730494906644654,0.004762908453224432,-0.008983821086011123,-0.007489508583812021,-0.005854018043205446,-0.0006280044654815976,-3.0166873131270193e-06
352.15999999999997,0.92,0.025,0.009797958971132711,0.5248792922602417,0.5278473586035246,-0.018904326036268196,-0.05607959158811909,0.17936674697819135,-0.0005368795957622015,-0.0001867745337348881,0.0005305445044363638,-0.00011238472587444951,-2.0344642755920318e-07,-0.016000621557097403,-0.047465766320184004,0.15181601464234118,-0.00045441488985312737,-0.008256138438218734,0.05174611548786427,-0.1405028384287792,-0.07362717254516668,-0.034608365072617095,-0.03722781019046263,0.004751431230957749,-0.00896218762827613,-0.0074870560358589735,-0.005854398592983537,-0.0006265548768019846,-3.0096490326890134e-06
352.32000000000005,0.92,0.025,0.009797958971132711,0.5248792922602417,0.5278473586035246,-0.018934157753930245,-0.055994751758088775,0.1793487795228346,-0.0005369277351187948,-0.00018612215955560285,0.0005299533870923365,-0.00011211449188208437,-2.0288020790751805e-07,-0.01602587112292656,-0.04739395788804634,0.1518008069881272,-0.00045445563500454795,-0.0081978377809237,0.05169187646557328,-0.1404888061084986,-0.07361971748261491,-0.034588464770162385,-0.03715078227293544,0.004740000058411003,-0.0089406409011586,-0.007484596894585394,-0.0058547754492884446,-0.0006251109150580258,-3.002638753162505e-06
352.48,0.92,0.025,0.009797958971132711,0.5248792922602417,0.5278473586035246,-0.018963885198479816,-0.055910006499058564,0.17933085431909976,-0.0005369756894392636,-0.0001854711195105012,0.000529362367078464,-0.00011184534381415699,-2.023166198661148e-07,-0.016051032431993316,-0.04732222950080317,0.15178563509568604,-0.00045449622354139273,-0.008139657791351645,0.05163766867829336,-0.1404748067564632,-0.07361228000730038,-0.034568516222868446,-0.037073865197191115,0.0047286148500106095,-0.008919180743686647,-0.0074821311530186155,-0.0058551485902944385,-0.000623672572375408,-2.995656444293993e-06
352.64,0.92,0.025,0.009797958971132711,0.5248792922602417,0.5278473586035246,-0.018993508583225596,-0.055825355795386826,0.1793129711742721,-0.0005370234589408897,-0.00018482141169017297,0.0005287714452545713,-0.0001115772796423361,-2.0175565748883849e-07,-0.016076105664842143,-0.04725058114521541,0.15177049880190394,-0.0004545366556475691,-0.008081598295830324,0.051583492201539835,-0.14046084022204217,-0.07360486003949578,-0.03454851957973051,-0.03699705884655579,0.0047172755198207,-0.0088978069942056,-0.007479658804227209,-0.005855517994116822,-0.0006222398408131377,-2.9887020753913604e-06
352.80000000000007,0.92,0.025,0.009797958971132711,0.5248792922602417,0.5278473586035246,-0.019023028121170907,-0.05574079963129456,0.17929512989610608,-0.0005370710438419554,-0.00018417303418668906,0.0005281806224776678,-0.00011131029732977467,-2.0119731481117047e-07,-0.016101091001759056,-0.04717901280792772,0.1517553979440642,-0.0004545769315078311,-0.008023659120870361,0.0515293471105947,-0.14044690635497195,-0.07359745749966656,-0.034528474989456284,-0.036920363104355876,0.004705981981545143,-0.00887651949038182,-0.00747717984132125,-0.005855883638811995,-0.0006208127123638613,-2.981775615325265e-06
352.96000000000004,0.92,0.025,0.009797958971132711,0.5248792922602417,0.5278473586035246,-0.0190524440250139,-0.055656337990865876,0.17927733029282897,-0.0005371184443617314,-0.00018352598509360082,0.0005275898996019519,-0.0001110443948311591,-2.0064158585042334e-07,-0.016125988622771766,-0.04710752447546888,0.15174033235985043,-0.0004546170513077695,-0.007965840093165316,0.05147523348050702,-0.14043300500535927,-0.07359007230847271,-0.034508382600466375,-0.03684377785391817,0.00469473414852962,-0.008855318069206608,-0.007474694257452591,-0.00585624550237748,-0.0006193911789541909,-2.974877032531369e-06
353.12,0.92,0.025,0.009797958971132711,0.5248792922602417,0.5278473586035246,-0.01908175650714782,-0.05557197085804843,0.1792595721731449,-0.0005371656607205098,-0.00018288026250594082,0.0005269992774788165,-0.00011077957009275667,-2.000884646058076e-07,-0.016150798707649915,-0.047036116134252196,0.15172530188734984,-0.00045465701523383955,-0.007908141039591629,0.05142115138609341,-0.14041913602368425,-0.07358270438677025,-0.03448824256089469,-0.036767302978570164,0.004683531933763644,-0.008834202567000004,-0.007472202045815133,-0.005856603562752003,-0.0006179752324450209,-2.968006295011977e-06
353.28,0.92,0.025,0.009797958971132711,0.5248792922602417,0.5278473586035246,-0.01911096577966124,-0.055487698216653884,0.17924185534623774,-0.000537212693139573,-0.00018223586452022222,0.0005264087569568536,-0.00011051582105246768,-1.9953794505849454e-07,-0.016175521435905272,-0.04696478777057585,0.15171030636505564,-0.0004546968234733346,-0.007850561787208665,0.05136710090193851,-0.14040529926080253,-0.07357535365561246,-0.034468055018588815,-0.03669093836164019,0.0046723752498827546,-0.00881317281941494,-0.007469703199645096,-0.005856957797815527,-0.0006165648646318722,-2.961163370337538e-06
353.44000000000005,0.92,0.025,0.009797958971132711,0.5248792922602417,0.5278473586035246,-0.01914007205433829,-0.055403520050358354,0.17922417962177514,-0.0005372595418412381,-0.00018159278923443942,0.000525818338881859,-0.00011025314563987407,-1.9899002117197602e-07,-0.01620015698679193,-0.046893539370623315,0.15169534563187048,-0.000454736476214424,-0.007793102163258674,0.05131308210239539,-0.1403914945679486,-0.07356802003625151,-0.034447820121110424,-0.03661468388645767,0.004661264009170596,-0.008792228661441102,-0.007467197712221287,-0.005857308185389312,-0.0006151600672452162,-2.9543482256499883e-06
353.6,0.92,0.025,0.009797958971132711,0.5248792922602417,0.5278473586035246,-0.0191690755426589,-0.05531943634270285,0.1792065448099118,-0.0005373062070488486,-0.0001809510347480677,0.0005252280240968383,-0.00010999154177629043,-1.984446868918206e-07,-0.016224705539306494,-0.04682237092046369,0.15168041952710937,-0.0004547759736461455,-0.007735761995166815,0.05125909506158602,-0.1403777217967383,-0.07356070345013989,-0.03442753801573567,-0.03653853943635334,0.004650198123561047,-0.00877136992740902,-0.007464685576865383,-0.005857654703235976,-0.0006137608319508127,-2.947560827662595e-06
353.76,0.92,0.025,0.009797958971132711,0.5248792922602417,0.5278473586035246,-0.019197976455799032,-0.05523544707709372,0.17918895072129187,-0.0005373526889867701,-0.00018031059916206327,0.0005246378134420106,-0.00010973100737481582,-1.9790193614606797e-07,-0.0162491672721883,-0.04675128240605213,0.15166552789050144,-0.00045481531595840225,-0.007678541110541153,0.051205139853401714,-0.14036398079917062,-0.07355340381893127,-0.034407208849455584,-0.03646250489465937,0.004639177504640436,-0.008750596450994182,-0.007462166786942189,-0.005857997329059546,-0.0006123671503500556,-2.9408011426634292e-06
353.91999999999996,0.92,0.025,0.009797958971132711,0.5248792922602417,0.5278473586035246,-0.019226775004630912,-0.0551515522368031,0.17917139716705463,-0.0005373989878804269,-0.0001796714805788637,0.0005240477077548142,-0.00010947154034038444,-1.973617628453268e-07,-0.016273542363919605,-0.046680273813230144,0.15165067056219506,-0.00045485450334199334,-0.007621439337172634,0.051151216551503564,-0.14035027142763226,-0.07354612106448298,-0.03438683276897646,-0.03638658014470972,0.004628202063649685,-0.008729908065221075,-0.007459641335859921,-0.0058583360405055265,-0.0006109790139803019,-2.934069136517211e-06
354.08000000000004,0.92,0.025,0.009797958971132711,0.5248792922602417,0.5278473586035246,-0.01925547139972329,-0.05506775180496934,0.1791538839588351,-0.0005374451039562576,-0.00017903367710238742,0.0005234577078699114,-0.0001092131385698172,-1.9682416088278188e-07,-0.016297830992725793,-0.04660934512772605,0.15163584738275804,-0.00045489353598857644,-0.007564456503035104,0.0510973252293229,-0.14033659353489808,-0.07353885510885616,-0.03436640992072026,-0.03631076506984023,0.00461727171148648,-0.008709304602467301,-0.007457109217070474,-0.005858670815160954,-0.0006095964143152237,-2.9273647746665307e-06
354.24,0.92,0.025,0.009797958971132711,0.5248792922602417,0.5278473586035246,-0.01928406585134166,-0.054984045764597526,0.17913641090876944,-0.0005374910374417755,-0.00017839718683803393,0.0005228678146191934,-0.00010895579995187657,-1.9628912413435596e-07,-0.016322033336575583,-0.04653849633515535,0.15162105819318247,-0.00045493241409071876,-0.007507592436285296,0.05104346596006177,-0.14032294697413528,-0.07353160587431798,-0.034345940450824994,-0.03623505955338886,0.004606386358707597,-0.008688785894467954,-0.00745457042406969,-0.005859001630554457,-0.0006082193427651607,-2.920688022134221e-06
354.4,0.92,0.025,0.009797958971132711,0.5248792922602417,0.5278473586035246,-0.019312558569448475,-0.05490043409855979,0.17911897782949712,-0.0005375367885655418,-0.00017776200789268405,0.0005222780288317849,-0.00010869952236731703,-1.9575664645893e-07,-0.01634614957318119,-0.04646772742102101,0.15160630283488638,-0.00045497113784187456,-0.007450846965262834,0.05098963881669327,-0.14030933159890518,-0.0735243732833426,-0.03432542450514512,-0.03615946347869593,0.004595545915531045,-0.008668351772319628,-0.007452024950397647,-0.0058593284641563275,-0.0006068477906774603,-2.9140388435257724e-06
354.56000000000006,0.92,0.025,0.009797958971132711,0.5248792922602417,0.5278473586035246,-0.019340949763703444,-0.05481691678959587,0.1791015845341644,-0.0005375823575571846,-0.00017712813837469967,0.0005216883513340498,-0.00010844430368893814,-1.9522672169839905e-07,-0.016370179879998597,-0.04639703837071395,0.15159158114971674,-0.00045500970743640105,-0.007394219918490217,0.05093584387196216,-0.14029574726316582,-0.07351715725861256,-0.03430486222925196,-0.0360839767291043,0.004584750291838308,-0.00864800206648466,-0.0074494727896389085,-0.005859651293378581,-0.0006054817493368286,-2.9074172030309956e-06
354.72,0.92,0.025,0.009797958971132711,0.5248792922602417,0.5278473586035246,-0.0193692396434637,-0.05473349382031348,0.17908423083642733,-0.0005376277446474014,-0.00017649557639392373,0.0005210987829495954,-0.00010819014178164101,-1.9469934367778458e-07,-0.016394124434227674,-0.04632642916951333,0.1515768929799521,-0.00045504812306956056,-0.007337711124672825,0.05088208119838511,-0.14028219382127446,-0.07350995772302,-0.03428425376843406,-0.036008599187959574,0.00457399939717673,-0.008627736606795626,-0.007446913935422827,-0.005859970095575032,-0.0006041212099657004,-2.9008230644260284e-06
354.88,0.92,0.025,0.009797958971132711,0.5248792922602417,0.5278473586035246,-0.019397428417784083,-0.054650165173188804,0.17906691655045592,-0.0005376729500679632,-0.00017586432006168044,0.0005205093244992774,-0.00010793703450248069,-1.9417450620544547e-07,-0.016417983412812448,-0.04625589980258701,0.1515622381683059,-0.0004550863849375241,-0.007281320412698924,0.050828350868251354,-0.1402686711279907,-0.0735027745996684,-0.03426359926769758,-0.03593333073861032,0.00456329314076174,-0.008607555222459519,-0.007444348381423789,-0.005860284848041346,-0.0006027661637245846,-2.8942563910757877e-06
355.03999999999996,0.92,0.025,0.009797958971132711,0.5248792922602417,0.5278473586035246,-0.01942551629541738,-0.054566930830566886,0.1790496414909355,-0.0005377179740517404,-0.00017523436749077503,0.0005199199768012053,-0.00010768497970071947,-1.9365220307305764e-07,-0.01644175699244127,-0.046185450254991815,0.1515476165579278,-0.00045512449323739304,-0.0072250476116396175,0.05077465295362294,-0.1402551790384777,-0.07349560781187316,-0.03424289887176672,-0.03585817126440826,0.004552631431479101,-0.008587457742062005,-0.007441776121361501,-0.005860595528015123,-0.0006014166017124233,-2.8877171459353075e-06
355.20000000000005,0.92,0.025,0.009797958971132711,0.5248792922602417,0.5278473586035246,-0.01945350348481451,-0.0544837907746621,0.17903240547307114,-0.000537762816832669,-0.00017460571679549412,0.0005193307406707468,-0.00010743397521788381,-1.9313242805599886e-07,-0.016465445349547,-0.046115080511674005,0.15153302799240742,-0.0004551624481671711,-0.0071688925507489105,0.05072098752633531,-0.14024171740830546,-0.0734884572831633,-0.03422215272508409,-0.03578312064870851,0.004542014177887329,-0.008567443993571938,-0.007439197149001271,-0.005860902112675968,-0.00060007251496696,-2.8812052915531132e-06
355.36,0.92,0.025,0.009797958971132711,0.5248792922602417,0.5278473586035246,-0.019481390194124815,-0.054400744987558605,0.17901520831259035,-0.0005378074786457994,-0.00017397836609160504,0.0005187416169205329,-0.00010718401888782022,-1.9261517491322971e-07,-0.016489048660307246,-0.04604479055746961,0.15151847231577648,-0.0004552002499258046,-0.0071128550594636505,0.05066735465799766,-0.14022828609345306,-0.07348132293728277,-0.03420136097181111,-0.035708178774869745,0.004531441288220051,-0.008547513804345847,-0.0074366114581542785,-0.0058612045791455545,-0.0005987338944651108,-2.8747207900720986e-06
355.52,0.92,0.025,0.009797958971132711,0.5248792922602417,0.5278473586035246,-0.01950917663119629,-0.0543177934512107,0.17899804982574596,-0.0005378519597272726,-0.00017335231349635658,0.0005181526063604625,-0.00010693510853674804,-1.9210043738757607e-07,-0.01651256710064454,-0.04597458037710474,0.15150394937251138,-0.00045523789871316356,-0.0070569349674035175,0.05061375441999339,-0.14021488495031095,-0.07347420469819145,-0.034180523755828404,-0.0356333455262544,0.004520912670388239,-0.00852766700113212,-0.007434019042677833,-0.005861502904487713,-0.0005974007311233139,-2.8682636032323394e-06
355.68000000000006,0.92,0.025,0.009797958971132711,0.5248792922602417,0.5278473586035246,-0.01953686300357578,-0.05423493614744336,0.17898092982931907,-0.0005378962603143419,-0.00017272755712847843,0.0005175637097977079,-0.00010668724198331845,-1.915882092057862e-07,-0.016536000846226542,-0.04590444995519606,0.15148945900753566,-0.00045527539473005896,-0.007001132104371079,0.05056018688348063,-0.14020151383568308,-0.07346710249006648,-0.03415964122073615,-0.035558620786228914,0.004510428231982712,-0.00850790341007572,-0.007431419896475677,-0.005861797065708494,-0.0005960730157979176,-2.861833692372914e-06
355.84000000000003,0.92,0.025,0.009797958971132711,0.5248792922602417,0.5278473586035246,-0.019564449518509275,-0.054152173057952634,0.1789638481406218,-0.0005379403806454005,-0.00017210409510818152,0.000516974928036719,-0.00010644041703866972,-1.910784840787989e-07,-0.016559350072466252,-0.04583439927625111,0.1514750010662223,-0.00045531273817826703,-0.006945446300351705,0.050506652119392516,-0.14018817260678923,-0.07346001623730329,-0.03413871350985455,-0.03548400443816391,0.004499987880276475,-0.008488222856722578,-0.007428814013498239,-0.0058620870397562575,-0.0005947507392855446,-2.8554310184348636e-06
356.0,0.92,0.025,0.009797958971132711,0.5248792922602417,0.5278473586035246,-0.019591936382942102,-0.054069504164306045,0.1789468045775004,-0.0005379843209599003,-0.00017148192555715763,0.0005163862618792287,-0.00010619463150648455,-1.90571255701752e-07,-0.016582614954522196,-0.04576442832466864,0.15146057539439634,-0.0004553499292604596,-0.006889877385513614,0.05045315019843783,-0.14017486112126742,-0.073452945864517,-0.034117740766224154,-0.03540949636543439,0.004489591522227145,-0.008468625166024178,-0.0074262013877429145,-0.005862372803521739,-0.0005934338923234702,-2.8490555419623696e-06
356.15999999999997,0.92,0.025,0.009797958971132711,0.5248792922602417,0.5278473586035246,-0.01961932380351917,-0.05398692944794311,0.17892979895833863,-0.0005380280814985019,-0.00017086104659857964,0.0005157977121242574,-0.00010594988318304608,-1.900665177541142e-07,-0.016605795667298626,-0.04569453708473905,0.15144618183833783,-0.00045538696818033203,-0.006834425190207864,0.05039968119110125,-0.14016157923717645,-0.07344589129654372,-0.03409672313260629,-0.035335096451419946,0.004479239064479312,-0.008449110162342012,-0.007423582013254349,-0.005862654333838137,-0.0005921224655899894,-2.8427072231053586e-06
356.32000000000005,0.92,0.025,0.009797958971132711,0.5248792922602417,0.5278473586035246,-0.019646611986585225,-0.05390444889017564,0.17891283110205936,-0.0005380716625029328,-0.00017024145635710132,0.000515209279568118,-0.00010570616985729699,-1.8956426389999936e-07,-0.016628892385445734,-0.045624725540644666,0.15143182024478305,-0.00045542385514248237,-0.006779089544968305,0.05034624516764389,-0.14014832681299724,-0.07343885245844117,-0.03407566075148342,-0.03526080457950496,0.004468930413367063,-0.008429677669452296,-0.007420955884124705,-0.005862931607481204,-0.000590816449704809,-2.8363860216222648e-06
356.48,0.92,0.025,0.009797958971132711,0.5248792922602417,0.5278473586035246,-0.01967380113818508,-0.05382206247218834,0.1788959008281283,-0.0005381150642161033,-0.00016962315295885737,0.0005146209650044206,-0.00010546348931089763,-1.8906448778808046e-07,-0.01665190528335985,-0.045554993676460216,0.1514174904609278,-0.00045546059035250986,-0.0067238702805116225,0.05029284219810374,-0.14013510370763574,-0.07343182927549041,-0.03405455376505955,-0.03518662063307878,0.004458665474916419,-0.008410327510550602,-0.007418322994493934,-0.005863204601169309,-0.000589515835229427,-2.8300918968813383e-06
356.64,0.92,0.025,0.009797958971132711,0.5248792922602417,0.5278473586035246,-0.019700891464063845,-0.05373977017503909,0.17887900795655606,-0.0005381582868820614,-0.00016900613453146344,0.0005140327692240777,-0.00010522183931828234,-1.8856718305191973e-07,-0.01667483453518364,-0.04548534147615309,0.15140319233442906,-0.00045549717401697674,-0.006668767227737282,0.05023947235229606,-0.14012190978042455,-0.0734248216731964,-0.03403340231526063,-0.03511254449553597,0.004448444154847737,-0.00839105950825635,-0.007415683338550065,-0.005863473291563546,-0.0005882206126675071,-2.8238248078637596e-06
356.80000000000007,0.92,0.025,0.009797958971132711,0.5248792922602417,0.5278473586035246,-0.01972788316966715,-0.053657571979659445,0.1788621523079015,-0.0005382013307459883,-0.00016839039920401582,0.0005134446930153088,-0.00010498121764671878,-1.8807234331008573e-07,-0.016697680314806278,-0.04541576892358375,0.15138892571340784,-0.0004555336063434045,-0.006613780217727571,0.05018613569981382,-0.14010874489112546,-0.07341782957728965,-0.03401220654373493,-0.03503857605027648,0.004438266358578215,-0.008371873484617525,-0.007413036910529474,-0.005863737655267803,-0.0005869307724652658,-2.8175847131657235e-06
356.96000000000004,0.92,0.025,0.009797958971132711,0.5248792922602417,0.5278473586035246,-0.019754776460141427,-0.0535754678668551,0.1788453337032733,-0.000538244196054239,-0.0001677759451070918,0.0005128567371636452,-0.00010474162205636942,-1.8757996216611582e-07,-0.016720442795863703,-0.04534627600250616,0.15137469044645052,-0.0004555698875403079,-0.00655890908174754,0.050132832310028186,-0.1400956088999308,-0.07341085291372668,-0.033990966591853425,-0.03496471518070583,0.004428131991224485,-0.008352769261115608,-0.007410383704717157,-0.005863997668828861,-0.0005856463050118784,-2.811371570999884e-06
357.12,0.92,0.025,0.009797958971132711,0.5248792922602417,0.5278473586035246,-0.019781571540334095,-0.053493457817306245,0.17882855196433453,-0.0005382868830543457,-0.00016716277037274904,0.000512268902451935,-0.0001045030503003466,-1.870900332089336e-07,-0.016743122151738777,-0.045276862696568006,0.15136048638261276,-0.00045560601781719824,-0.006504153651245032,0.05007956225208889,-0.14008250166746705,-0.07340389160869198,-0.033969682600710205,-0.03489096177023534,0.004418040957604966,-0.00833374665866993,-0.0074077237154470035,-0.005864253308736479,-0.000584367200639838,-2.805185339199043e-06
357.28,0.92,0.025,0.009797958971132711,0.5248792922602417,0.5278473586035246,-0.01980826861479383,-0.053411541811568035,0.17881180691330245,-0.0005383293919950106,-0.00016655087313452617,0.0005116811896603475,-0.00010426550012477518,-1.866025500129142e-07,-0.0167657185555615,-0.045207528989311185,0.1513463133714192,-0.000455641997384577,-0.0064495137578506586,0.050026325594924696,-0.14006942305479445,-0.07339694558859788,-0.03394835471112281,-0.034817315702282296,0.004407993162242501,-0.008314805497642689,-0.007405056937102086,-0.005864504551423489,-0.0005830934496253736,-2.7990259752180882e-06
357.44000000000005,0.92,0.025,0.009797958971132711,0.5248792922602417,0.5278473586035246,-0.019834867887770804,-0.05332971983007102,0.17879509837295343,-0.0005383717231260935,-0.0001659402515274421,0.0005110935995663786,-0.00010402896926885134,-1.8611750613780054e-07,-0.01678823218020921,-0.045138274864172115,0.1513321712628678,-0.0004556778264539255,-0.006394989233377763,0.049973122407243845,-0.14005637292341105,-0.07339001478008664,-0.033926983063632704,-0.034743776860270165,0.004397988509366841,-0.008295945597843638,-0.007402383364114922,-0.005864751373265885,-0.0005818250421888299,-2.792893436134886e-06
357.6,0.92,0.025,0.009797958971132711,0.5248792922602417,0.5278473586035246,-0.019861369563216894,-0.05324799185312157,0.1787784261666245,-0.0005384138766986589,-0.00016533090368799641,0.0005105061329448555,-0.00010379345546490256,-1.856348951292664e-07,-0.01681066319830678,-0.0450691003044821,0.151318059907431,-0.00045571350523774493,-0.0063405799098224845,0.04991995275753444,-0.14004335113525396,-0.07338309911003106,-0.033905567798505606,-0.034670345127628795,0.0043880269029172025,-0.008277166778534843,-0.0073997029909677586,-0.005864993750582925,-0.0005805619684950638,-2.786787678655093e-06
357.76,0.92,0.025,0.009797958971132711,0.5248792922602417,0.5278473586035246,-0.019887773844785937,-0.05316635786090225,0.17876179011821502,-0.000538455852964951,-0.00016472282775416904,0.000509918790567941,-0.00010355895643844941,-1.851547105186645e-07,-0.016833011782226816,-0.04500000529346767,0.1513039791560572,-0.00045574903394953457,-0.00628628561936365,0.049866816714064933,-0.14003035755270046,-0.07337619850553509,-0.03388410905573186,-0.03459702038779461,0.004378108246544865,-0.008258468858435645,-0.007397015812192849,-0.005865231659637218,-0.0005793042186538524,-2.780708659112205e-06
357.91999999999996,0.92,0.025,0.009797958971132711,0.5248792922602417,0.5278473586035246,-0.019914080935833963,-0.05308481783347237,0.17874519005219036,-0.0005384976521784246,-0.00016411602186542008,0.0005093315732051389,-0.00010332546990826359,-1.8467694582353222e-07,-0.016855278104089867,-0.04493098981425101,0.15128992886017392,-0.0004557844128038186,-0.006232106194362871,0.049813714344884526,-0.140017392038571,-0.07336931289393546,-0.03386260697502688,-0.034523802524210764,0.004368232443615642,-0.008239851655727248,-0.007394321822372722,-0.0058654650766348255,-0.0005780517827202717,-2.7746563334719165e-06
358.08000000000004,0.92,0.025,0.009797958971132711,0.5248792922602417,0.5278473586035246,-0.019940291039419456,-0.05300337175076825,0.17872862579358362,-0.0005385392745937329,-0.00016351048416269012,0.0005087444816232982,-0.00010309299358643289,-1.842015945474711e-07,-0.016877462335764627,-0.044862053849850245,0.15127590887168918,-0.00045581964201613556,-0.006178041467364416,0.0497606457178236,-0.1400044544561307,-0.07336244220280232,-0.033841061695831495,-0.03445069142032741,0.004358399397212626,-0.00822131498805793,-0.007391621016140462,-0.00586569397772537,-0.0005768046506951215,-2.768630657333001e-06
358.24,0.92,0.025,0.009797958971132711,0.5248792922602417,0.5278473586035246,-0.019966404358303543,-0.052922019592603786,0.17871209716799769,-0.0005385807204667444,-0.00016290621278839968,0.0005081575165866185,-0.00010286152517841823,-1.8372865018045062e-07,-0.01689956464886812,-0.04479319738317985,0.15126191904299324,-0.0004558547218030525,-0.006124091271095306,0.04970761090049416,-0.13999154466909058,-0.07335558635994005,-0.03381947335731234,-0.034377686959601826,0.004348609010138598,-0.008202858672547567,-0.007388913388179991,-0.00586591833900212,-0.0005755628125253048,-2.762631585930522e-06
358.4,0.92,0.025,0.009797958971132711,0.5248792922602417,0.5278473586035246,-0.01999242109495027,-0.0528407613386708,0.1786956040016082,-0.0005386219900545173,-0.00016230320588644947,0.0005075706788566546,-0.00010263106238311935,-1.8325810619888524e-07,-0.01692158521476591,-0.04472442039705097,0.1512479592269612,-0.00045588965238214344,-0.006070255438465237,0.04965460996029029,-0.13997866254161032,-0.07334874529338863,-0.03379784209836229,-0.03430478902549865,0.004338861184918813,-0.008184482525792887,-0.0073861989332263366,-0.005866138136502106,-0.0005743262581042526,-2.756659074137766e-06
358.56000000000006,0.92,0.025,0.009797958971132711,0.5248792922602417,0.5278473586035246,-0.02001834145152682,-0.052759596968539456,0.17867914612116487,-0.0005386630836153733,-0.00016170146160221998,0.0005069839691923211,-0.00010240160289293261,-1.827899560659426e-07,-0.0169435242045723,-0.0446557228741718,0.15123402927695395,-0.000455924433972052,-0.006016533802566601,0.04960164296438849,-0.13996580793829894,-0.07334191893142394,-0.033776168057600774,-0.03423199750149006,0.004329155823803458,-0.008166186363872058,-0.0073834776460659154,-0.00586635334620622,-0.0005730949772723099,-2.7507130764696935e-06
358.72,0.92,0.025,0.009797958971132711,0.5248792922602417,0.5278473586035246,-0.020044165629903757,-0.05267852646165872,0.1786627233539946,-0.0005387040014088357,-0.00016110097808257168,0.0005063973883498971,-0.00010217314439381753,-1.8232419323147028e-07,-0.01696538178915054,-0.04458710479714795,0.15122012904682106,-0.0004559590667924386,-0.00596292619667444,0.04954870997974819,-0.13995298072421739,-0.07333510720255931,-0.03375445137337419,-0.03415931227105593,0.004319492828770447,-0.008147970002350013,-0.007380749521536805,-0.005866563944039321,-0.0005718689598171642,-2.744793547083928e-06
358.88,0.92,0.025,0.009797958971132711,0.5248792922602417,0.5278473586035246,-0.020069893831655264,-0.05259754979735676,0.1786463355280027,-0.0005387447436956665,-0.0001605017534758446,0.0005058109370830313,-0.0001019456845653556,-1.8186081113234632e-07,-0.016987158139113015,-0.04451856614848276,0.1512062583909015,-0.00045599355106401215,-0.005909432454246481,0.04949581107311217,-0.13994018076487955,-0.07332831003554577,-0.03373269218375633,-0.0340867332176841,0.004309872101527928,-0.008129833256283126,-0.007378014554529025,-0.005866769905870344,-0.0005706481954742389,-2.7389004397843535e-06
359.03999999999996,0.92,0.025,0.009797958971132711,0.5248792922602417,0.5278473586035246,-0.02009552625805937,-0.05251666695484136,0.1786299824716753,-0.0005387853107378886,-0.00015990378593185858,0.0005052246161427464,-0.00010171922108081374,-1.8139980319252736e-07,-0.017008853424821453,-0.044450106910577734,0.15119241716402598,-0.00045602788700854893,-0.0058560524089230764,0.049442946311006944,-0.13992740792625408,-0.07332152735937322,-0.0337108906265487,-0.034014260224870495,0.004300293543516961,-0.00811177594022427,-0.007375272739984807,-0.005866971207512411,-0.0005694326739271057,-2.73303370802302e-06
359.20000000000005,0.92,0.025,0.009797958971132711,0.5248792922602417,0.5278473586035246,-0.020121063110098203,-0.052435877913200375,0.17861366401408219,-0.0005388257027987401,-0.00015930707360191278,0.0005046384262774442,-0.00010149375160720835,-1.8094116282328046e-07,-0.017030467816387118,-0.0443817270657328,0.15117860522151916,-0.0004560620748488537,-0.005802785894527224,0.049390115759743225,-0.1399146620747666,-0.07331475910327155,-0.03368904683928095,-0.03394189317611934,0.004290757055914236,-0.008093797868227927,-0.007372524072898879,-0.005867167824722937,-0.0005682223848079023,-2.727193304902864e-06
359.36,0.92,0.025,0.009797958971132711,0.5248792922602417,0.5278473586035246,-0.020146504588458212,-0.0523551826514021,0.17859737998487712,-0.0005388659201427296,-0.00015871161463878588,0.0005040523682329103,-0.00010126927380536736,-1.804848834233653e-07,-0.01705200148367103,-0.04431342659614674,0.1511648224192,-0.00045609611480880636,-0.005749632745064537,0.04933731948541632,-0.13990194307729992,-0.0733080051967107,-0.03366716095921126,-0.033869631954943386,0.004281262539634702,-0.008075898853855129,-0.007369768548318737,-0.005867359733203752,-0.0005670173176977439,-2.7213791831805013e-06
359.52,0.92,0.025,0.009797958971132711,0.5248792922602417,0.5278473586035246,-0.020171850893530408,-0.05227458114829574,0.1785811302143015,-0.000538905963035653,-0.0001581174071967356,0.0005034664427523185,-0.00010104578532999391,-1.8003095837902658e-07,-0.01707345459628414,-0.04424520548391751,0.1511510686133848,-0.0004561300071133767,-0.005696592794723244,0.049284557553906615,-0.13988925080119707,-0.07330126556940221,-0.03364523312332669,-0.033797476444864014,0.004271809895334245,-0.008058078710178548,-0.0073670061613449215,-0.005867546908601199,-0.0005658174621271363,-2.7155912952677854e-06
359.68000000000006,0.92,0.025,0.009797958971132711,0.5248792922602417,0.5278473586035246,-0.020197102225410598,-0.052194073382611755,0.17856491453318502,-0.0005389458317445096,-0.00015752444943149888,0.0005028806505762358,-0.00010082328382972911,-1.7957938106437027e-07,-0.01709482732358753,-0.04417706371104259,0.1511373436608878,-0.00045616375198855296,-0.005643665877874154,0.04923183003087991,-0.13987658511426157,-0.07329454015129956,-0.03362326346834361,-0.0337254265294115,0.004262399023412369,-0.008040337249787479,-0.007364236907131301,-0.00586772932650627,-0.0005646228075763904,-2.7098295932352515e-06
359.84000000000003,0.92,0.025,0.009797958971132711,0.5248792922602417,0.5278473586035246,-0.020222258783899633,-0.05211365933296237,0.17854873277294805,-0.0005389855265376285,-0.00015693273950029174,0.0005022949924426273,-0.00010060176694721678,-1.791301448414415e-07,-0.01711611983469265,-0.044109001259419356,0.15112364741902323,-0.00045619734966144876,-0.005590851829070667,0.049179136981787885,-0.13986394588475956,-0.073287828872599,-0.03360125213070803,-0.03365348209212518,0.004253029824014928,-0.00802267428479301,-0.007361460780885338,-0.005867906962454713,-0.0005634333434760441,-2.7040940288145505e-06
360.0,0.92,0.025,0.009797958971132711,0.5248792922602417,0.5278473586035246,-0.020247320768503635,-0.052033338977841924,0.17853258476560366,-0.0005390250476845999,-0.00015634227556180893,0.0005017094690868605,-0.00010038123231916776,-1.786832430603114e-07,-0.017137332298461476,-0.044041018110845404,0.15110997974560694,-0.0004562308003602454,-0.005538150483048746,0.049126478471868594,-0.1398513329814211,-0.07328113166374052,-0.03357919924659604,-0.03358164301655364,0.004243702197036836,-0.008005089626833162,-0.007358677777868371,-0.005868079791927148,-0.0005622490592072832,-2.6983845534003222e-06
360.15999999999997,0.92,0.025,0.009797958971132711,0.5248792922602417,0.5278473586035246,-0.02027228837843423,-0.0519531122956273,0.17851647034375884,-0.0005390643954562765,-0.0001557530557762238,0.0005011240812417103,-0.0001001616775764215,-1.7823866905936092e-07,-0.017158464883506735,-0.043973114247018955,0.15109634049895748,-0.00045626410431419244,-0.005485561674726898,0.04907385456614675,-0.13983874627344148,-0.07327444845540829,-0.03355710495191415,-0.03350990918625486,0.004234416042124697,-0.00798758308707777,-0.007355887893395891,-0.005868247790349193,-0.0005610699441023476,-2.692701118053365e-06
360.32000000000005,0.92,0.025,0.009797958971132711,0.5248792922602417,0.5278473586035246,-0.0202971618126088,-0.051872979264578366,0.1785003893406168,-0.0005391035701248421,-0.0001551650783051883,0.0005005388296373637,-9.994310034401329e-05,-1.7779641616545046e-07,-0.01717951775819209,-0.04390528964953913,0.15108272953789806,-0.00045629726175366636,-0.005433085239206179,0.04902126532943427,-0.13982618563048263,-0.07326777917853151,-0.033534969382299704,-0.03343828048479649,0.004225171258679639,-0.007970154476233862,-0.0073530911228378145,-0.005868410933091585,-0.0005598959874449676,-2.6870436735034457e-06
360.48,0.92,0.025,0.009797958971132711,0.5248792922602417,0.5278473586035246,-0.020321941269650704,-0.05179293986283833,0.17848434158997786,-0.0005391425719637296,-0.00015457834131183285,0.0004999537150014245,-9.972549824123784e-05,-1.7735647769391165e-07,-0.017200491090632358,-0.04383754429990636,0.15106914672175728,-0.00045633027291010073,-0.005380721011770142,0.04896871082633062,-0.13981365092267412,-0.07326112376428505,-0.03351279267312127,-0.03336675679575593,0.004215967745859998,-0.007952803604550727,-0.007350287461618771,-0.005868569195470313,-0.000558727178470784,-2.6814121701506242e-06
360.64,0.92,0.025,0.009797958971132711,0.5248792922602417,0.5278473586035246,-0.02034662694788951,-0.05171299406843422,0.1784683269262422,-0.0005391814012477342,-0.00015399284296076604,0.0004993687380589178,-9.950886888171203e-05,-1.7691884694901505e-07,-0.017221385048693683,-0.04376987817952273,0.1510555919103714,-0.0004563631380160822,-0.0053284688278848686,0.048916191121223265,-0.13980114202061517,-0.07325448214409018,-0.03349057495947895,-0.033295338002720595,0.0042068054025840036,-0.007935530281824907,-0.007347476905218356,-0.005868722552746727,-0.000557563506367756,-2.6758065580697868e-06
360.80000000000007,0.92,0.025,0.009797958971132711,0.5248792922602417,0.5278473586035246,-0.020371219045361263,-0.051633141859277254,0.17845234518441042,-0.000539220058252893,-0.0001534085814180745,0.0004987838995322952,-9.929320987344382e-05,-1.7648351722381154e-07,-0.017242199799993772,-0.04370229126969227,0.15104206496408498,-0.0004563958573052487,-0.005276328523198916,0.048863706278288094,-0.13978865879537508,-0.0732478542496152,-0.033468316376204864,-0.03322402398928809,0.004197684127532658,-0.007918334317405698,-0.0073446594491714395,-0.005868870980127685,-0.0005564049602766122,-2.670226787011106e-06
360.96000000000004,0.92,0.025,0.009797958971132711,0.5248792922602417,0.5278473586035246,-0.02039571775980868,-0.05155338321316328,0.17843639620008547,-0.0005392585432566111,-0.00015282555485132273,0.0004981992001414385,-9.90785188188927e-05,-1.7605048180053424e-07,-0.017262935511902066,-0.043634783551621405,0.15102856574375234,-0.00045642843101239563,-0.005224299933543324,0.04881125636148984,-0.13977620111849492,-0.07324124001277595,-0.033446017057863466,-0.0331528146390663,0.004188603819152328,-0.007901215520199966,-0.007341835089068404,-0.005869014452765657,-0.0005552515292912501,-2.664672806404233e-06
361.12,0.92,0.025,0.009797958971132711,0.5248792922602417,0.5278473586035246,-0.020420123288681417,-0.05147371810777314,0.17842047980947456,-0.0005392968565375838,-0.00015224376142955307,0.0004976146406036659,-9.886479331503815e-05,-1.756197339506964e-07,-0.017283592351539954,-0.04356735500641919,0.15101509411073927,-0.0004564608593734109,-0.005172382894931577,0.04875884143458248,-0.13976376886198874,-0.07323463936573672,-0.03342367713875194,-0.03308170983567375,0.004179564375657627,-0.007884173698677603,-0.007339003820555456,-0.0058691529457588895,-0.0005541032024591779,-2.6591445653602887e-06
361.28,0.92,0.025,0.009797958971132711,0.5248792922602417,0.5278473586035246,-0.020444435829136305,-0.05139414652067312,0.17840459584938922,-0.0005393349983758438,-0.00015166319932328532,0.0004970302216337352,-9.865203095344361e-05,-1.751912669351737e-07,-0.017304170485780968,-0.04350000561509773,0.15100164992692305,-0.00045649314262531426,-0.0051205772435596,0.048706461561109665,-0.13975136189834386,-0.07322805224091022,-0.033401296752900614,-0.033010709462739624,0.0041705656950341225,-0.007867208660876632,-0.007336165639334879,-0.005869286434151514,-0.0005529599687819407,-2.6536420126741326e-06
361.44000000000005,0.92,0.025,0.009797958971132711,0.5248792922602417,0.5278473586035246,-0.020468655578037547,-0.051314668429315376,0.1783887441572489,-0.0005393729690527733,-0.00015108386670451674,0.0004964459439438493,-9.844022932032172e-05,-1.7476507400450303e-07,-0.017324670081250982,-0.04343273535857253,0.15098823305469547,-0.00045652528100626735,-0.00506888281580576,0.04865411680440516,-0.13973898010052357,-0.07322147857095908,-0.03337887603407327,-0.032939813403904,0.004161607675041108,-0.007850320214408395,-0.007333320541165313,-0.005869414892933681,-0.0005518218172155387,-2.648165096827656e-06
361.6,0.92,0.025,0.009797958971132711,0.5248792922602417,0.5278473586035246,-0.020492782731956996,-0.05123528381103827,0.17837292457108006,-0.0005394107688510566,-0.00015050576174672177,0.0004958618082436608,-9.822938599660074e-05,-1.743411483991526e-07,-0.017345091304328403,-0.043365544217662796,0.15097484335696218,-0.00045655727475553436,-0.0050172994482308155,0.04860180722759319,-0.13972662334196648,-0.07321491828879552,-0.03335641511576761,-0.032869021542818094,0.004152690213214422,-0.007833508166462855,-0.007330468521862044,-0.005869538297041716,-0.0005506887366708695,-2.6427137659928827e-06
361.76,0.92,0.025,0.009797958971132711,0.5248792922602417,0.5278473586035246,-0.02051681748717441,-0.05115599264306686,0.1783571369295194,-0.0005394483980547633,-0.00014992888262485172,0.0004952778152402761,-9.801949855798923e-05,-1.7391948334928345e-07,-0.017365434321144423,-0.043298432173091796,0.15096148069714524,-0.00045658912411355166,-0.004965826977577888,0.04854953289358897,-0.13971429149658895,-0.07320837132758258,-0.033333914131215565,-0.03279833376314432,0.004143813206869156,-0.007816772323813764,-0.00732760957729725,-0.005869656621358237,-0.0005495607160141455,-2.6372879680324796e-06
361.91999999999996,0.92,0.025,0.009797958971132711,0.5248792922602417,0.5278473586035246,-0.02054076003967761,-0.05107679490251328,0.17834138107181371,-0.0005394858569492835,-0.00014935322751533493,0.0004946939656382612,-9.781056457504367e-05,-1.7350007207536829e-07,-0.01738569929758313,-0.04323139920548724,0.15094814493918313,-0.0004566208293218736,-0.004914465240772534,0.048497293865099045,-0.1397019844387851,-0.07320183762073412,-0.033311373213383746,-0.03272774994855661,0.004134976553102549,-0.0078001124928240295,-0.007324743703400309,-0.0058697698407123005,-0.000548437744067339,-2.631887650504752e-06
362.08000000000004,0.92,0.025,0.009797958971132711,0.5248792922602417,0.5278473586035246,-0.020564610585162794,-0.05099769056637707,0.17832565683782148,-0.0005395231458213718,-0.00014877879459607626,0.0004941102601396449,-9.760258161323142e-05,-1.7308290778813e-07,-0.01740588639928179,-0.043164445295381555,0.1509348359475321,-0.0004566523906232091,-0.0048632140749225875,0.04844509020462166,-0.139689702043428,-0.07319531710191549,-0.03328879249497374,-0.032657269982740454,0.004126180148796639,-0.007783528479450747,-0.007321870896158053,-0.005869877929879555,-0.0005473198096085959,-2.626512760665045e-06
362.24,0.92,0.025,0.009797958971132711,0.5248792922602417,0.5278473586035246,-0.02058836931903473,-0.050918679611545725,0.17830996406801503,-0.000539560264959149,-0.00014820558204645698,0.0004935266994439246,-9.739554723300072e-05,-1.726679836888435e-07,-0.017425995791630997,-0.04309757042321231,0.1509215535871679,-0.00045668380826142376,-0.004812073317318272,0.04839292197444732,-0.13967744418587139,-0.0731888097050443,-0.03326617210842256,-0.03258689374939319,0.004117423890621237,-0.0077670200892507755,-0.007318991151615044,-0.005869980863582362,-0.0005462069013726862,-2.6211632454691503e-06
362.4,0.92,0.025,0.009797958971132711,0.5248792922602417,0.5278473586035246,-0.020612036436407015,-0.05083976201479499,0.17829430260347978,-0.0005395972146521144,-0.00014763358804733458,0.0004929432842480704,-9.718945898984381e-05,-1.7225529296925374e-07,-0.0174460276397749,-0.04303077456932248,0.1509082977235853,-0.00045671508248154965,-0.0047610428054321065,0.04834078923665907,-0.13966521074194904,-0.07318231536429029,-0.033243512185903004,-0.03251662113222412,0.004108707675036576,-0.0077505871273857805,-0.007316104465873856,-0.00587007861648996,-0.0005450990080514259,-2.6158390515745576e-06
362.56000000000006,0.92,0.025,0.009797958971132711,0.5248792922602417,0.5278473586035246,-0.0206356121321023,-0.050760937752789274,0.17827867228591698,-0.000539633995191117,-0.00014706281078104264,0.0004923600152465299,-9.698431443436417e-05,-1.71844828812216e-07,-0.017465982108611385,-0.04296405771396084,0.15089506822280013,-0.0004567462135297614,-0.004710122376918882,0.048288692053132964,-0.13965300158797686,-0.0731758340140763,-0.03322081285932402,-0.03244645201495473,0.0041000313982961995,-0.007734229398627569,-0.007313210835095348,-0.005870171163218604,-0.0005439961182941109,-2.6105401253456094e-06
362.72,0.92,0.025,0.009797958971132711,0.5248792922602417,0.5278473586035246,-0.020659096600652505,-0.05068220680208212,0.17826307295764424,-0.0005396706068684098,-0.0001464932484313904,0.0004917768931312327,-9.678011111234241e-05,-1.7143658439125728e-07,-0.017485859362792282,-0.04289741983728231,0.1508818649513501,-0.0004567772016534221,-0.004659311869615729,0.04823663048553849,-0.1396408166007535,-0.07316936558907855,-0.0331980742603311,-0.03237638628131881,0.004091394956449699,-0.00771794670736337,-0.007310310255498931,-0.005870258478331707,-0.0005428982207079488,-2.605266412852896e-06
362.88,0.92,0.025,0.009797958971132711,0.5248792922602417,0.5278473586035246,-0.02068249003629911,-0.050603569139116546,0.1782475044615961,-0.0005397070499776215,-0.00014592489918366296,0.0004911939185915953,-9.657684656480378e-05,-1.7103055287137515e-07,-0.017505659566723567,-0.04283086091934825,0.15086868777629495,-0.00045680804710105885,-0.004608611121541968,0.048184604595338916,-0.13962865565756064,-0.07316291002422685,-0.03317529652030665,-0.03230642381506271,0.004082798245345624,-0.0077017388576011946,-0.0073074027233628455,-0.005870340536340007,-0.0005418053038585019,-2.6000178598793614e-06
363.03999999999996,0.92,0.025,0.009797958971132711,0.5248792922602417,0.5278473586035246,-0.020705792632993342,-0.050525024740225445,0.17823196664132515,-0.0005397433248137691,-0.0001453577612246204,0.0004906110923145252,-9.637451832808477e-05,-1.7062672740876563e-07,-0.017525382884565566,-0.04276438094012682,0.1508555365652176,-0.00045683875012237415,-0.0045580199708992,0.04813261444379184,-0.13961651863616384,-0.07315646725470508,-0.033152479770370384,-0.032236564499945414,0.00407424116063427,-0.007685605652975154,-0.007304488235024441,-0.0058704173117016985,-0.0005407173562701206,-2.5947944119205023e-06
363.20000000000005,0.92,0.025,0.009797958971132711,0.5248792922602417,0.5278473586035246,-0.020729004584396426,-0.05044657358163202,0.17821645934100372,-0.0005397794316732648,-0.00014479183274249827,0.0004900284149844263,-9.617312393389826e-05,-1.7022510115119975e-07,-0.017545029480233135,-0.04269797987949334,0.15084241118622554,-0.00045686931096825136,-0.004507538256071218,0.048080660091949404,-0.139604405414814,-0.0731500372159519,-0.033129624141379696,-0.032166808219738816,0.0040657235977704445,-0.007669546896750652,-0.007301566786880442,-0.005870488778822605,-0.0005396343664263699,-2.5895960141881517e-06
363.36,0.92,0.025,0.009797958971132711,0.5248792922602417,0.5278473586035246,-0.020752126083879833,-0.05036821563945018,0.17820098240542315,-0.0005398153708539373,-0.00014422711192700683,0.0004894458872832027,-9.597266090940105e-05,-1.6982566723814528e-07,-0.01756459951739589,-0.04263165771723063,0.15082931150795015,-0.0004568997298907726,-0.004457165815624036,0.048028741600658904,-0.1395923158722467,-0.07314361984366034,-0.03310672976393001,-0.03209715485822786,0.004057245452016331,-0.007653562391829767,-0.00729863837538722,-0.005870554912056321,-0.0005385563227704735,-2.584422611612973e-06
363.52,0.92,0.025,0.009797958971132711,0.5248792922602417,0.5278473586035246,-0.020775157324525485,-0.05028995088968492,0.17818553567999665,-0.0005398511426550184,-0.0001436635969693312,0.0004888635098902637,-9.577312677726157e-05,-1.6942841880103157e-07,-0.01758409315947837,-0.042565414433029324,0.15081623739954916,-0.00045693000714320755,-0.004406902488305837,0.04797685903056306,-0.13958024988768447,-0.07313721507377914,-0.03308379676835522,-0.03202760429921068,0.004048806618444357,-0.007637651940756644,-0.0072957029970610685,-0.005870615685704374,-0.0005374832137057494,-2.5792741488475707e-06
363.68000000000006,0.92,0.025,0.009797958971132711,0.5248792922602417,0.5278473586035246,-0.020798098499126037,-0.050211779308232715,0.17817011901075752,-0.0005398867473771443,-0.00014310128606213088,0.0004882812834825283,-9.557451905572459e-05,-1.6903334896318855e-07,-0.017603510569660277,-0.04249925000648817,0.15080318873070517,-0.00045696014298001494,-0.004356748113046949,0.0479250124421005,-0.13956820734083533,-0.07313082284251185,-0.03306082528472798,-0.03195815642649882,0.0040404069919399216,-0.007621815345722669,-0.007292760648478476,-0.00587067107401639,-0.0005364150275960441,-2.5741505702678817e-06
363.84000000000003,0.92,0.025,0.009797958971132711,0.5248792922602417,0.5278473586035246,-0.020820949800185073,-0.05013370087088196,0.17815473224436248,-0.0005399221853223918,-0.0001425401773995395,0.0004876992087344301,-9.537683525868008e-05,-1.686404508403329e-07,-0.017622851910876647,-0.04243316441711449,0.15079016537162843,-0.0004569901376568725,-0.00430670252895984,0.04787320189550613,-0.13955618811189563,-0.07312444308631831,-0.03303781544286018,-0.03188881112391738,0.0040320464672043265,-0.007606052408571934,-0.007289811326276401,-0.005870721051190237,-0.0005353517527661705,-2.5690518199776843e-06
364.0,0.92,0.025,0.009797958971132711,0.5248792922602417,0.5278473586035246,-0.020843711419917362,-0.05005571555331332,0.1781393752280903,-0.0005399574567942339,-0.0001419802691771647,0.0004871172863179215,-9.51800728957288e-05,-1.6824971754063598e-07,-0.017642117345818057,-0.042367157644324395,0.15077716719305564,-0.0004570199914306396,-0.004256765575339107,0.047821427450811575,-0.13954419208154856,-0.07311807574191405,-0.03301476737230326,-0.0318195682753052,0.004023724938757557,-0.007590362930806482,-0.00728685502715254,-0.005870765591372205,-0.0005342933775023456,-2.5639778418105795e-06
364.15999999999997,0.92,0.025,0.009797958971132711,0.5248792922602417,0.5278473586035246,-0.02086638355024908,-0.04997782333110013,0.17812404780984367,-0.0005399925620976062,-0.0001414215595920879,0.0004865355169024781,-9.498422947224975e-05,-1.6786114216467311e-07,-0.017661307036930824,-0.04230122966744315,0.1507641940662517,-0.0004570497045594139,-0.004206937091661417,0.04776968916784554,-0.13953221913096603,-0.073111720746271,-0.032991681202348584,-0.031750427764515046,0.00401544230094111,-0.007574746713591686,-0.007283891747865593,-0.005870804668657163,-0.0005332398900526274,-2.5589285793316e-06
364.32000000000005,0.92,0.025,0.009797958971132711,0.5248792922602417,0.5278473586035246,-0.020888966382818078,-0.04990002417970885,0.17810874983814928,-0.0005400275015388566,-0.00014086404684286394,0.00048595390115510406,-9.478930248946721e-05,-1.6747471780600205e-07,-0.01768042114641722,-0.042235380465705574,0.15075124586300956,-0.0004570792773024882,-0.004157216917585503,0.047717987106234275,-0.13952026914180857,-0.07310537803661764,-0.032968557062027844,-0.031681389475413754,0.004007198447920867,-0.0075592035577615735,-0.007280921485235546,-0.005870838257088725,-0.0005321912786273527,-2.553903975842018e-06
364.48,0.92,0.025,0.009797958971132711,0.5248792922602417,0.5278473586035246,-0.02091146010897405,-0.0498223180744994,0.17809348116215776,-0.0005400622754258002,-0.00014030772912952084,0.0004853724397403358,-9.459528944451798e-05,-1.6709043755100742e-07,-0.017699459836235637,-0.04216961001825629,0.15073832245565033,-0.00045710870992039733,-0.004107604892952191,0.04766632132540196,-0.1395083419962252,-0.07309904755043883,-0.032945395080113446,-0.031612453291882406,0.003998993273689919,-0.007543733263824209,-0.007277944236143936,-0.005870866330659411,-0.0005311475313995802,-2.5489039743803806e-06
364.64,0.92,0.025,0.009797958971132711,0.5248792922602417,0.5278473586035246,-0.020933864919778847,-0.04974470499072553,0.17807824163164576,-0.000540096884067674,-0.00013975260465355966,0.00048479113332024714,-9.44021878305173e-05,-1.6670829447930023e-07,-0.017718423268100816,-0.04210391830415009,0.150725423717025,-0.0004571380026748793,-0.004058100857784276,0.04761469188457105,-0.1394964375768552,-0.0730927292254768,-0.03292219538511883,-0.03154361909781653,0.00399082667207137,-0.00752833563196693,-0.007274959997534119,-0.005870888863310837,-0.0005301086365055162,-2.543928517726268e-06
364.80000000000007,0.92,0.025,0.009797958971132711,0.5248792922602417,0.5278473586035246,-0.02095618100600667,-0.04966718490353532,0.178063031097015,-0.0005401313277751862,-0.00013919867161795392,0.00048420998255445353,-9.420999513662694e-05,-1.6632828166377786e-07,-0.017737311603484046,-0.042038305302352294,0.1507125495205135,-0.00045716715582891766,-0.004008704652286585,0.0475630988427628,-0.1394845557668273,-0.07308642299973063,-0.03289895810529891,-0.03147488677712622,0.003982698536721217,-0.007513010462061784,-0.007271968766411547,-0.005870905828933861,-0.0005290745820449634,-2.5389775484025474e-06
364.96000000000004,0.92,0.025,0.009797958971132711,0.5248792922602417,0.5278473586035246,-0.020978408558144316,-0.04958975778797146,0.1780478494092923,-0.0005401656068604961,-0.00013864592822714997,0.00048362898810011686,-9.401870884812212e-05,-1.6595039217080702e-07,-0.01775612500361335,-0.041972770991739045,0.150699699740025,-0.0004571961696467239,-0.003959416116845919,0.047511542258797584,-0.13947269644975974,-0.07308012881145635,-0.032875683368650405,-0.03140625621373638,0.003974608761131176,-0.007497757553670865,-0.0072689705398440285,-0.005870917201368776,-0.0005280453560817592,-2.5340510086780644e-06
365.12,0.92,0.025,0.009797958971132711,0.5248792922602417,0.5278473586035246,-0.0210005477663914,-0.049512423618971714,0.17803269642013192,-0.0005401997216372279,-0.00013809437268706587,0.00048304815061194975,-9.382832644645798e-05,-1.6557461906052516e-07,-0.01777486362947368,-0.04190731535109766,0.15068687424999966,-0.00045722504439374976,-0.0039102350920310405,0.04746002219129531,-0.139460859509762,-0.07307384659916788,-0.03285237130291225,-0.031337727291586806,0.0039665572386315155,-0.0074825767060516,-0.0072659653149620045,-0.00587092295440547,-0.0005270209466442052,-2.529148840571043e-06
365.28,0.92,0.025,0.009797958971132711,0.5248792922602417,0.5278473586035246,-0.021022598820660612,-0.049435182371369284,0.17801757198181384,-0.0005402336724204763,-0.00013754400320509184,0.00048246747074222036,-9.363884540933724e-05,-1.652009553868674e-07,-0.017793527641807142,-0.041841938359126966,0.15067407292540724,-0.0004572537803366911,-0.0038611614185926377,0.04740853869867583,-0.13944904483143367,-0.07306757630163627,-0.03282902203556592,-0.03126929989463243,0.003958543862393903,-0.007467467718162154,-0.007262953088958815,-0.005870923061783616,-0.0005260013417255141,-2.524270985851029e-06
365.44000000000005,0.92,0.025,0.009797958971132711,0.5248792922602417,0.5278473586035246,-0.021044561910577932,-0.04935803401989319,0.1780024759472448,-0.0005402674595268087,-0.00013699481799008957,0.00048188694914075666,-9.345026321077713e-05,-1.6482939419768005e-07,-0.017812117201113163,-0.0417766399944376,0.15066129564174802,-0.00045728237774349094,-0.0038121949374633085,0.04735709183915938,-0.13943725229986498,-0.07306131785789016,-0.03280563569383586,-0.031200973906843427,0.00395056852543424,-0.007452430388666766,-0.007259933859090971,-0.005870917497192842,-0.0005249865292842458,-2.5194173860412396e-06
365.6,0.92,0.025,0.009797958971132711,0.5248792922602417,0.5278473586035246,-0.021066437225482897,-0.0492809785391687,0.17798740816995895,-0.0005403010832742884,-0.00013644681525239204,0.00048130658645495104,-9.326257732117556e-05,-1.644599285352738e-07,-0.017830632467648724,-0.04171142023555239,0.15064854227505325,-0.0004573108368833577,-0.0037633354897575306,0.04730568167076692,-0.13942548180063755,-0.07305507120721604,-0.03278221240468985,-0.031132749212205425,0.003942631120615484,-0.007437464515941004,-0.007256907622678412,-0.005870906234272913,-0.0005239764972447387,-2.5145879824234337e-06
365.76,0.92,0.025,0.009797958971132711,0.5248792922602417,0.5278473586035246,-0.02108822495442879,-0.04920401590371767,0.17797236850411696,-0.0005403345439824374,-0.00013589999320380333,0.000480726383329765,-9.307578520737984e-05,-1.640925514362639e-07,-0.01784907360142853,-0.041646279060906635,0.1506358127018846,-0.00045733915802673506,-0.003714582916771654,0.047254308251320584,-0.13941373321982367,-0.07304883628915794,-0.03275875229483931,-0.031064625694719652,0.0039347315406505455,-0.0074225698980772675,-0.0072538743771047845,-0.005870889246613914,-0.0005229712334975607,-2.509782716038689e-06
365.9200000000001,0.92,0.025,0.009797958971132711,0.5248792922602417,0.5278473586035246,-0.02110992528618291,-0.04912714608795898,0.17795735680450694,-0.0005403678419722974,-0.0001353543500575982,0.0004801463404077335,-9.288988433275114e-05,-1.6372725593177567e-07,-0.017867440762225215,-0.04158121644884848,0.1506231067993347,-0.00045736734144535254,-0.0036659370599838666,0.04720297163844406,-0.13940200644398681,-0.07304261304351765,-0.03273525549073977,-0.030996603238403118,0.003926869678105006,-0.007407746332889907,-0.007250834119817702,-0.00587086650775643,-0.0005219707258999307,-2.505001527690396e-06
366.08000000000004,0.92,0.025,0.009797958971132711,0.5248792922602417,0.5278473586035246,-0.021131538409226804,-0.049050369066208854,0.17794237292654425,-0.0005404009775663725,-0.00013480988402852183,0.0004795664583289695,-9.270487215723513e-05,-1.633640350477851e-07,-0.01788573410956957,-0.04151623237763918,0.15061042444502706,-0.0004573953874121777,-0.003617397761054139,0.047151671889562985,-0.13939030136018174,-0.07303640141035482,-0.03271172211859121,-0.03092868172728877,0.00391904542540013,-0.0073929936179208695,-0.007247786848329022,-0.005870837991191748,-0.0005209749622761778,-2.5002443579478003e-06
366.24,0.92,0.025,0.009797958971132711,0.5248792922602417,0.5278473586035246,-0.02115306451175648,-0.04897368481268134,0.1779274167262717,-0.0005404339510887036,-0.00013426659333278963,0.0004789867377311685,-9.252074613742515e-05,-1.6300288180523869e-07,-0.017903953802750686,-0.04145132682545349,0.15059776551711637,-0.0004574232962014787,-0.00356896486182427,0.04710040906190535,-0.13937861785595448,-0.07303020132998692,-0.0326881523043384,-0.030860861045425646,0.003911258674815538,-0.007378311550444717,-0.007244732560215094,-0.005870803670362017,-0.000519983930418156,-2.4955111471485496e-06
366.4,0.92,0.025,0.009797958971132711,0.5248792922602417,0.5278473586035246,-0.021174503781682678,-0.04889709330148864,0.17791248806035914,-0.0005404667628648084,-0.00013372447618808665,0.0004784071792496129,-9.233750372663024e-05,-1.6264378922008175e-07,-0.01792210000081622,-0.04138649977037999,0.150585129894288,-0.00045745106808877387,-0.0035206382043177892,0.047049183212501955,-0.13936695581934222,-0.0730240127429891,-0.032664546173671295,-0.030793141076879058,0.0039035093184920664,-0.007363699927474064,-0.007241671253117045,-0.00587076351866046,-0.0005189976180856909,-2.490801835400439e-06
366.56000000000006,0.92,0.025,0.009797958971132711,0.5248792922602417,0.5278473586035246,-0.021195856406631082,-0.04882059450664149,0.1778975867861038,-0.0005404994132217303,-0.00013318353081356765,0.00047782778351717665,-9.215514237494387e-05,-1.6228675030371938e-07,-0.01794017286257255,-0.041321751190421356,0.15057251745575825,-0.0004574787033508726,-0.003472417630739962,0.04699799439818672,-0.1393553151388733,-0.07301783559019431,-0.032640903852025414,-0.030725521705730754,0.003895797248434707,-0.007349158545765046,-0.007238602924741023,-0.005870717509431554,-0.000518016013007025,-2.486116362585893e-06
366.72,0.92,0.025,0.009797958971132711,0.5248792922602417,0.5278473586035246,-0.021217122573942534,-0.04874418840204953,0.17788271276142958,-0.000540531902488037,-0.00013264375542985655,0.00047724855116433,-9.19736595293083e-05,-1.6193175806296003e-07,-0.017958172546584963,-0.041257081063494724,0.150559928081274,-0.00045750620226587456,-0.003424302983477771,0.046946842675597095,-0.1393436957035669,-0.07301166981269305,-0.03261722546458223,-0.030658002816079076,0.0038881223565153137,-0.007334687201822457,-0.007235527572858491,-0.0058706656159712356,-0.0005170391028792422,-2.481454668363341e-06
366.88,0.92,0.025,0.009797958971132711,0.5248792922602417,0.5278473586035246,-0.021238302470673324,-0.048667874961521786,0.17786786584488762,-0.0005405642309938147,-0.00013210514825904614,0.0004766694828191432,-9.179305263358198e-05,-1.6157880550031687e-07,-0.0179760992111779,-0.04119248936743204,0.15054736165111288,-0.00045753356511316474,-0.003376294105099891,0.04689572810117454,-0.13933209740293323,-0.0730055153518335,-0.03259351113626949,-0.030590584292039126,0.0038804845344754617,-0.0073202856919051115,-0.007232445195306457,-0.005870607811527074,-0.0005160668753687067,-2.4768166921706226e-06
367.03999999999996,0.92,0.025,0.009797958971132711,0.5248792922602417,0.5278473586035246,-0.021259396283595373,-0.048591654158766935,0.17785304589565581,-0.0005405963990706495,-0.0001315677075246978,0.00047609057910729183,-9.161331912860755e-05,-1.61227885614182e-07,-0.017993953014435123,-0.04112797607998034,0.1505348180460831,-0.00045756079217339776,-0.003328390838356637,0.04684465073116483,-0.13932052012697355,-0.07299937214922153,-0.03256976099176163,-0.030523266017742922,0.0038728836739293344,-0.007305953812031276,-0.007229355789987763,-0.0058705440692984855,-0.0005150993181115067,-2.472202373227667e-06
367.20000000000005,0.92,0.025,0.009797958971132711,0.5248792922602417,0.5278473586035246,-0.02128040419919651,-0.04851552596739374,0.17783825277353862,-0.0005406284070516886,-0.00013103143145184112,0.00047551184065206084,-9.143445645227587e-05,-1.6087899139885846e-07,-0.018011734114199925,-0.041063541178802065,0.1505222971475231,-0.00045758788372854924,-0.0032805930261799467,0.04679361062161853,-0.13930896376617957,-0.07299324014672032,-0.03254597515548015,-0.03045604787733958,0.003865319666366414,-0.0072916913579837705,-0.00722625935487134,-0.0058704743624369326,-0.0005141364187138751,-2.4676116505385347e-06
367.36,0.92,0.025,0.009797958971132711,0.5248792922602417,0.5278473586035246,-0.02130132640368066,-0.04843949036091144,0.17782348633896633,-0.0005406602552716103,-0.0001304963182669737,0.000474933268074349,-9.125646203959507e-05,-1.6053211584510133e-07,-0.018029442668075314,-0.04099918464147544,0.15050979883730112,-0.00045761484006189094,-0.0032329005116833935,0.0467426078283913,-0.13929742821153318,-0.07298711928645028,-0.032522153751593945,-0.030388929754995443,0.0038577924031544444,-0.007277498125315459,-0.007223155887992467,-0.005870398664046112,-0.0005131781647526407,-2.463044462896152e-06
367.52,0.92,0.025,0.009797958971132711,0.5248792922602417,0.5278473586035246,-0.021322163082968127,-0.04836354731273012,0.17780874645299505,-0.0005406919440666361,-0.00012996236619806074,0.00047435486199267355,-9.107933332275555e-05,-1.6018725193985501e-07,-0.018047078833424223,-0.04093490644549477,0.15049732299781501,-0.00045764166145800084,-0.003185313138162088,0.04669164240714436,-0.1392859133545064,-0.07298100951078895,-0.0324982969040197,-0.030321911534894278,0.0038503017755421396,-0.0072633739093544486,-0.007220045387453035,-0.0058703169471821665,-0.0005122245437756529,-2.4585007488825656e-06
367.68000000000006,0.92,0.025,0.009797958971132711,0.5248792922602417,0.5278473586035246,-0.02134291442269579,-0.0482876967961611,0.17779403297730675,-0.0005407234737745263,-0.00012942957347453468,0.0004737766230231744,-9.090306773119639e-05,-1.5984439266676412e-07,-0.018064642767369715,-0.04087070656827076,0.15048486951199244,-0.0004576683482027591,-0.003137830749092727,0.04664071441334489,-0.13927441908706129,-0.07297491076237109,-0.03247440473642229,-0.030254993101237405,0.003842847674662029,-0.007249318505209373,-0.007216927851421811,-0.005870229184853882,-0.0005112755433022158,-2.4539804468735194e-06
367.84000000000003,0.92,0.025,0.009797958971132711,0.5248792922602417,0.5278473586035246,-0.021363580608217383,-0.04821193878441729,0.17777934577420812,-0.0005407548447345708,-0.00012889793832729485,0.00047319855177961904,-9.0727662691673e-05,-1.5950353100612086e-07,-0.018082134626795195,-0.040806584987130794,0.15047243826328977,-0.00045769490058334073,-0.003090453188133486,0.04658982390226639,-0.1392629453016491,-0.07296882298408804,-0.032450477372215084,-0.030188174338243882,0.0038354299915332995,-0.007235331707774787,-0.007213803278134689,-0.005870135350022902,-0.0005103311508235304,-2.449483495039898e-06
368.0,0.92,0.025,0.009797958971132711,0.5248792922602417,0.5278473586035246,-0.021384161824603662,-0.048136273250613607,0.17776468470663026,-0.0005407860572876688,-0.00012836745898870723,0.0004726206488734064,-9.055311562832172e-05,-1.5916465993540328e-07,-0.018099554568344542,-0.04074254167931936,0.15046002913569187,-0.0004577213188882829,-0.003043180299124074,0.04653897092898905,-0.13925149189121022,-0.07296274611908778,-0.03242651493456036,-0.03012145513015065,0.003828048617064565,-0.007221413311736311,-0.007210671665894968,-0.0058700354156039245,-0.0005093913538031191,-2.4450098313526775e-06
368.15999999999997,0.92,0.025,0.009797958971132711,0.5248792922602417,0.5278473586035246,-0.0214046582566427,-0.04806070016776729,0.17775004963812874,-0.0005408171117762394,-0.000127838133692604,0.00047204291491357176,-9.037942396272529e-05,-1.5882777242886413e-07,-0.018116902748422384,-0.04067857662199824,0.15044764201371216,-0.00045774760340740905,-0.0029960119260856346,0.046488155548400224,-0.13924005874917394,-0.07295668011077482,-0.03240251754636971,-0.030054835361212687,0.003820703442056586,-0.0072075631115758616,-0.007207533013073602,-0.005869929354464928,-0.0005084561396772523,-2.440559393582056e-06
368.32000000000005,0.92,0.025,0.009797958971132711,0.5248792922602417,0.5278473586035246,-0.021425070088840106,-0.04798521950879839,0.1777354404328825,-0.0005408480085442677,-0.0001273099606742833,0.0004714653505067908,-9.020658511398229e-05,-1.58492861458381e-07,-0.018134179323194267,-0.04061468979224696,0.15043527678239177,-0.00045777375443186824,-0.0029489479132207615,0.04643737781519476,-0.13922864576945784,-0.07295062490280985,-0.0323784853303043,-0.029988314915703185,0.0038133943572052687,-0.00719378090157717,-0.0072043873181094386,-0.005869817139427358,-0.0005075254958554023,-2.436132119304166e-06
368.48,0.92,0.025,0.009797958971132711,0.5248792922602417,0.5278473586035246,-0.02144539750541925,-0.047909831246530026,0.17772085695569287,-0.0005408787479373248,-0.00012678293817050868,0.00047088795625738455,-9.003459649876932e-05,-1.581599199932159e-07,-0.018151384448586855,-0.04055088116706301,0.15042293332729845,-0.0004577997722541517,-0.002901988104913459,0.04638663778387542,-0.13921725284646677,-0.07294458043910917,-0.03235441840877536,-0.029921893677913695,0.003806121253104262,-0.00718006647583075,-0.0072012345795095176,-0.005869698743266366,-0.0005065994097206531,-2.431727945901439e-06
368.64,0.92,0.025,0.009797958971132711,0.5248792922602417,0.5278473586035246,-0.02146564069032148,-0.04783453535368883,0.17770629907198424,-0.0005409093303025591,-0.00012625706441950904,0.0004703107327673232,-8.9863455531408e-05,-1.5782894100022102e-07,-0.018168518280288103,-0.04048715072336223,0.15041061153452748,-0.00045782565716808604,-0.0028551323457291057,0.04633593550875322,-0.13920587987509364,-0.07293854666384517,-0.03233031690394445,-0.029855571532154294,0.0037988840202477984,-0.007166419628239234,-0.007198074795849296,-0.005869574138711003,-0.0005056778686301348,-2.42734681056546e-06
368.80000000000007,0.92,0.025,0.009797958971132711,0.5248792922602417,0.5278473586035246,-0.021485799827206418,-0.04775933180290531,0.17769176664780206,-0.0005409397559886762,-0.00012573233766097802,0.0004697336806362311,-8.969315962393206e-05,-1.5749991744420752e-07,-0.018185580973747513,-0.04042349843797905,0.15039831129069967,-0.0004578514094688156,-0.0028083804804144193,0.04628527104394791,-0.13919452675071772,-0.07293252352144532,-0.03230618093772394,-0.029789348362753713,0.0037916825490335506,-0.007152840152522724,-0.007194907965772919,-0.005869443298444459,-0.0005047608599154655,-2.4229886503007505e-06
368.96000000000004,0.92,0.025,0.009797958971132711,0.5248792922602417,0.5278473586035246,-0.02150587509945212,-0.0476842205667142,0.17767725954981256,-0.000540970025345968,-0.0001252087561360737,0.0004691568004613906,-8.952370618615036e-05,-1.5717284228797644e-07,-0.018202572684176275,-0.0403599242876669,0.15038603248296137,-0.00045787702945282736,-0.0027617323538974424,0.04623464444338831,-0.13918319336920437,-0.07292651095659217,-0.032282010631777255,-0.029723224054059545,0.00378451672976529,-0.007139327842223805,-0.007191734087993472,-0.005869306195104257,-0.0005038483708831643,-2.418653401926695e-06
369.12,0.92,0.025,0.009797958971132711,0.5248792922602417,0.5278473586035246,-0.021525866690155358,-0.0476092016175549,0.17766277764530242,-0.0005410001387263462,-0.00012468631808741827,0.00046858009283774695,-8.935509262571492e-05,-1.568477084925667e-07,-0.018219493566547496,-0.040296428249098466,0.15037377499898397,-0.00045790251741797944,-0.002715187811287533,0.04618405576081267,-0.13917187962690497,-0.07292050891422314,-0.032257806107519334,-0.02965719849043834,0.003777386452655767,-0.007125882490712979,-0.007188553161293236,-0.005869162801282489,-0.0005029403888150933,-2.4143410020807826e-06
369.28,0.92,0.025,0.009797958971132711,0.5248792922602417,0.5278473586035246,-0.02154577478213185,-0.04753427492777175,0.17764832080217743,-0.0005410300964832715,-0.0001241650217590977,0.0004680035583579124,-8.918731634818448e-05,-1.565245090173729e-07,-0.018236343775596398,-0.04023301029886601,0.15036153872696298,-0.000457927873663441,-0.002668746697875253,0.04613350504976913,-0.13916058542065565,-0.07291451733952997,-0.032233567486116964,-0.029591271556275812,0.0037702916078294086,-0.007112503891193726,-0.007185365184523944,-0.0058690130895260395,-0.0005020369009688763,-2.410051387220762e-06
369.44000000000005,0.92,0.025,0.009797958971132711,0.5248792922602417,0.5278473586035246,-0.02156559955791645,-0.047459440469614506,0.1776338888889619,-0.0005410598989718136,-0.00012364486539666124,0.0004674271976121709,-8.902037475708989e-05,-1.5620323682038507e-07,-0.018253123465820486,-0.04016967041348172,0.15034932355561736,-0.0004579530984897431,-0.002622408859132474,0.04608299236361608,-0.13914931064777697,-0.07290853617795856,-0.03220929488848917,-0.02952544313597697,0.0037632320853250834,-0.007099191836707716,-0.007182170156607038,-0.005868857032336798,-0.0005011378945783269,-2.4057844936278787e-06
369.6,0.92,0.025,0.009797958971132711,0.5248792922602417,0.5278473586035246,-0.021585341199763464,-0.04738469821523865,0.17761948177479722,-0.0005410895465486772,-0.0001231258472471211,0.000466851011188482,-8.885426525399959e-05,-1.5588388485832797e-07,-0.018269832791479798,-0.04010640856937799,0.1503371293741884,-0.00045797819219880044,-0.0025761741407121933,0.0460325177555225,-0.1391380552060728,-0.07290256537520823,-0.03218498843530753,-0.029459713113966265,0.003756207775098876,-0.0070859461201400265,-0.007178968076533909,-0.005868694602171892,-0.0005002433568538775,-2.401540257409456e-06
369.76,0.92,0.025,0.009797958971132711,0.5248792922602417,0.5278473586035246,-0.021604999889646807,-0.04731004813670576,0.177605099329442,-0.0005411190395721254,-0.00012260796555895216,0.0004662749996724858,-8.868898523858446e-05,-1.5556644608700707e-07,-0.01828647190659706,-0.04004322474290776,0.1503249560724397,-0.00045800315509384696,-0.002530042388448616,0.045982081278468444,-0.13912681899383034,-0.0728966048772319,-0.032160648246996604,-0.02939408137468776,0.003749218567026847,-0.007072766534224311,-0.007175758943366171,-0.005868525771443925,-0.000499353274983002,-2.3973186145023188e-06
369.9200000000001,0.92,0.025,0.009797958971132711,0.5248792922602417,0.5278473586035246,-0.02162457580926027,-0.0472354902059839,0.17759074142327,-0.0005411483784020529,-0.00012209121858209137,0.0004656991636475069,-8.852453210868269e-05,-1.5525091346112992e-07,-0.018303040964957894,-0.039980118910344774,0.15031280354065574,-0.00045802798747949765,-0.002484013448357076,0.045931682985245324,-0.13911560190981861,-0.07289065463023515,-0.03213627444373426,-0.029328547802605284,0.003742264350907752,-0.007059652871547976,-0.007172542756235892,-0.005868350512521184,-0.0004984676361306425,-2.3931195006737203e-06
370.08000000000004,0.92,0.025,0.009797958971132711,0.5248792922602417,0.5278473586035246,-0.021644069140017753,-0.047161024394948015,0.17757640792727028,-0.0005411775633999654,-0.00012157560456793765,0.00046512350369455895,-8.836090326036361e-05,-1.549372799348168e-07,-0.018319540120111028,-0.039917091047884004,0.15030067166964156,-0.0004580526896617307,-0.002438087166634025,0.045881322928456376,-0.1391044038532885,-0.07288471458067632,-0.032111867145452035,-0.029263112282202564,0.0037353450164657677,-0.007046604924557263,-0.007169319514345853,-0.005868168797727889,-0.0004975864274396261,-2.3889428515258315e-06
370.24,0.92,0.025,0.009797958971132711,0.5248792922602417,0.5278473586035246,-0.021663480063053502,-0.04708665067538023,0.17756209871304454,-0.000541206594928976,-0.00012106112176935118,0.00046454802039234906,-8.819809608799316e-05,-1.546255384616164e-07,-0.018335969525368485,-0.03985414113164183,0.1502885603507209,-0.0004580772619478853,-0.002392263389656973,0.045831001160517,-0.13909322472397068,-0.0728787846752654,-0.032087426471835566,-0.029197774697983393,0.003728460453353259,-0.007033622485562468,-0.007166089216969806,-0.005867980599344425,-0.0004967096360310965,-2.3847886024975704e-06
370.4,0.92,0.025,0.009797958971132711,0.5248792922602417,0.5278473586035246,-0.021682808759222336,-0.04701236901897031,0.177547813652808,-0.0005412354733538296,-0.00012054776844065327,0.00046397271431728213,-8.803610798429815e-05,-1.5431568199481012e-07,-0.018352329333805786,-0.039791269137656474,0.1502764694757367,-0.0004581017046466814,-0.0023465419639844866,0.045780717733655184,-0.13908206442207635,-0.07287286486096442,-0.03206295254232488,-0.02913253493447178,0.0037216105511535024,-0.007020705346743057,-0.007162851863452713,-0.005867785889607563,-0.0004958372490049299,-2.380656688868042e-06
370.56000000000006,0.92,0.025,0.009797958971132711,0.5248792922602417,0.5278473586035246,-0.021702055409099877,-0.04693817939731594,0.17753355261938597,-0.0005412641990408852,-0.00012003554283762581,0.0004633975860434652,-8.78749363404287e-05,-1.5400770348748072e-07,-0.01836861969826214,-0.039728475041888214,0.1502643989370483,-0.00045812601806820524,-0.0023009227363561444,0.04573047269991183,-0.1390709228482945,-0.07286695508498593,-0.03203844547611479,-0.02906739287621211,0.003714795199383331,-0.007007853300152659,-0.007159607453210993,-0.0058675846407107175,-0.0004949692534401524,-2.3765470457585946e-06
370.72,0.92,0.025,0.009797958971132711,0.5248792922602417,0.5278473586035246,-0.021721220192982792,-0.04686408178192314,0.17751931548621516,-0.0005412927723581701,-0.00011952444321751087,0.00046282263614271174,-8.771457854602452e-05,-1.5370159589260043e-07,-0.018384840771340637,-0.03966575882021975,0.15025234862753253,-0.00045815020252395523,-0.0022554055536925027,0.04568026611114121,-0.139059799903793,-0.07286105529479363,-0.032013905392155276,-0.029002348407769267,0.0037080142874959276,-0.006995066137724331,-0.007156355985732781,-0.005867376824804168,-0.000494105636395365,-2.372459608135147e-06
370.88,0.92,0.025,0.009797958971132711,0.5248792922602417,0.5278473586035246,-0.02174030329088903,-0.04679007614420664,0.17750510212734041,-0.0005413211936752842,-0.0001190144678390104,0.000462247865184546,-8.75550319892782e-05,-1.5339735216348169e-07,-0.018400992705408476,-0.0396031204484565,0.15024031844058094,-0.0004581742583267606,-0.0022099902630950624,0.04563009801901128,-0.13904869549021598,-0.07285516543810105,-0.0319893324091518,-0.02893740141372881,0.00370126770488353,-0.006982343651275617,-0.007153097460578161,-0.005867162413995309,-0.0004932463849091648,-2.368394310812188e-06
371.03999999999996,0.92,0.025,0.009797958971132711,0.5248792922602417,0.5278473586035246,-0.021759304882558037,-0.046716162455490186,0.17749091241741502,-0.0005413494633635012,-0.00011850561496228566,0.0004616732737362076,-8.739629405699688e-05,-1.5309496525381344e-07,-0.018417075652597124,-0.0395405599023269,0.15022830827010009,-0.00045819818579086744,-0.0021646767118462438,0.04557996847500411,-0.13903760950968413,-0.07284928546287156,-0.03196472664556574,-0.028872551778697114,0.0036945553408800308,-0.006969685632513444,-0.007149831877379433,-0.0058669413803489,-0.0004923914860005472,-2.364351088454889e-06
371.20000000000005,0.92,0.025,0.009797958971132711,0.5248792922602417,0.5278473586035246,-0.02177822514745101,-0.04664234068700702,0.17747674623169796,-0.000541377581795732,-0.00011799788284895699,0.0004610988623626555,-8.723836213466903e-05,-1.5279442811768665e-07,-0.018433089764802537,-0.03947807715748274,0.15021631801050916,-0.00045822198523190764,-0.002119464747409356,0.04552987753041626,-0.1390265418647925,-0.07284341531731732,-0.03194008821961471,-0.028807799387301523,0.003687877084763796,-0.0069570918730394735,-0.007146559235841328,-0.005866713695887286,-0.0004915409266693436,-2.3603298755809144e-06
371.36,0.92,0.025,0.009797958971132711,0.5248792922602417,0.5278473586035246,-0.021797064264751122,-0.04656861080990011,0.1774626034460539,-0.0005414055493465285,-0.00011749126976210319,0.00046052463162657274,-8.708123360652521e-05,-1.5249573371004708e-07,-0.01844903519368535,-0.03941567218949946,0.15020434755674003,-0.0004582456569669017,-0.002074354217428552,0.04547982523635917,-0.13901549245861053,-0.07283755494989924,-0.03191541724927293,-0.028743144124190483,0.003681232825760257,-0.006944562164354914,-0.00714327953574128,-0.00586647933259067,-0.0004906946938966201,-2.3563306065646005e-06
371.52,0.92,0.025,0.009797958971132711,0.5248792922602417,0.5278473586035246,-0.02181582241336374,-0.0464949727952226,0.17744848393695092,-0.0005414333663920796,-0.00011698577396626128,0.0004599505820883703,-8.692490585560156e-05,-1.521988749866188e-07,-0.01846491209067107,-0.03935334497387641,0.15019239680423527,-0.00045826920131425614,-0.0020293449697288087,0.04542981164375946,-0.13900446119468024,-0.07283170430932603,-0.031890713852271595,-0.028678585874033713,0.0036746224530445847,-0.006932096297865606,-0.007139992776929657,-0.005866238262397346,-0.0004898527746450955,-2.35235321563822e-06
371.68000000000006,0.92,0.025,0.009797958971132711,0.5248792922602417,0.5278473586035246,-0.021834499771916694,-0.04642142661393814,0.17743438758145977,-0.0005414610333102421,-0.0001164813937274259,0.00045937671430619167,-8.67693762638035e-05,-1.5190384490431503e-07,-0.01848072060695029,-0.03929109548603724,0.15018046564894755,-0.0004582926185937889,-0.0019844368523158746,0.04537983680335944,-0.13899344797701574,-0.07282586334455392,-0.031865978146099226,-0.028614124521522337,0.003668045855744401,-0.006919694064887082,-0.007136698959330002,-0.005865990457203958,-0.0004890151558595559,-2.3483976368960572e-06
371.84000000000003,0.92,0.025,0.009797958971132711,0.5248792922602417,0.5278473586035246,-0.021853096518760485,-0.04634797223692128,0.17742031425725202,-0.0005414885504805096,-0.00011597812731304908,0.00045880302883591736,-8.661464221196866e-05,-1.5161063642128033e-07,-0.018496460893478877,-0.03922892370133017,0.1501685539873381,-0.0004583159091267034,-0.0019396297133762591,0.045329900765717426,-0.13898245271010165,-0.07282003200478591,-0.03184121024800208,-0.02854975995136902,0.003661502922942438,-0.006907355256649589,-0.007133398082939274,-0.005865735888865739,-0.0004881818244672695,-2.3444638042962465e-06
372.0,0.92,0.025,0.009797958971132711,0.5248792922602417,0.5278473586035246,-0.021871612831968514,-0.04627460963495779,0.17740626384259817,-0.0005415159182840653,-0.00011547597299203963,0.0004582295262311689,-8.646070107992833e-05,-1.5131924249708206e-07,-0.01851213310097815,-0.03916682959502828,0.1501566617163751,-0.00045833907323563293,-0.0018949234012771766,0.04528000358120806,-0.13897147529889173,-0.0728142102394709,-0.03181641027498443,-0.028485492048308157,0.0036549935436791386,-0.006895079664302986,-0.0071300901478281034,-0.005865474529196785,-0.00048735276737839204,-2.340551651663662e-06
372.15999999999997,0.92,0.025,0.009797958971132711,0.5248792922602417,0.5278473586035246,-0.021890048889337335,-0.046201338778745035,0.17739223621636785,-0.0005415431371037244,-0.00011497492903476282,0.0004576562070433132,-8.630755024657081e-05,-1.5102965609275394e-07,-0.01852773737993512,-0.0391048131423298,0.15014478873353376,-0.0004583621112445924,-0.00185031776456653,0.04523014530002281,-0.138960515648809,-0.07280839799830385,-0.03179157834380901,-0.02842132069709597,0.003648517606955332,-0.0068828670789218005,-0.00712677515414101,-0.005865206349970294,-0.000486527971486376,-2.3366611126916456e-06
372.32000000000005,0.92,0.025,0.009797958971132711,0.5248792922602417,0.5278473586035246,-0.02190840486838687,-0.04612815963889237,0.17737823125802635,-0.0005415702073239658,-0.00011447499371303983,0.0004570830718214669,-8.615518708990286e-05,-1.507418701713284e-07,-0.018543273880602645,-0.039042874318358504,0.1501329349367935,-0.0004583850234790047,-0.0018058126519728704,0.04518032597217026,-0.138949573665743,-0.07280259523122436,-0.03176671457099733,-0.02835724578251068,0.0036420750017348655,-0.006870717291510106,-0.007123453102096653,-0.005864931322918823,-0.0004857074236683811,-2.3327921209467975e-06
372.48,0.92,0.025,0.009797958971132711,0.5248792922602417,0.5278473586035246,-0.021926680946360647,-0.046055072185921454,0.17736424884763327,-0.0005415971293309575,-0.00011397616530014744,0.000456510121112501,-8.600360898711311e-05,-1.5045587769759618e-07,-0.018558742752999652,-0.03898101309816392,0.15012110022463682,-0.00045840781026572244,-0.0017614079124053665,0.04513054564747654,-0.13893864925604885,-0.07279680188841597,-0.031741819072830066,-0.028293267189352655,0.0036356656169472526,-0.006858630093006603,-0.0071201239919880775,-0.005864649419734564,-0.0004848911107856877,-2.328944609869363e-06
372.64,0.92,0.025,0.009797958971132711,0.5248792922602417,0.5278473586035246,-0.02194487730022604,-0.04598207639026661,0.17735028886584273,-0.0005416239035125165,-0.00011347844207081745,0.00045593735546104423,-8.585281331463113e-05,-1.5017167163862817e-07,-0.01857414414691132,-0.03891922945672166,0.1501092844960493,-0.000458430471932994,-0.0017171033949537476,0.045080804375585634,-0.13892774232654714,-0.07279101792030647,-0.031716891965347396,-0.028229384802444524,0.003629289341490211,-0.006846605274289302,-0.007116787824182926,-0.005864360612069588,-0.00048407901968408314,-2.325118512777643e-06
372.80000000000007,0.92,0.025,0.009797958971132711,0.5248792922602417,0.5278473586035246,-0.02196299410667449,-0.045909172222275224,0.1773363511938995,-0.0005416505302581559,-0.00011298182230123631,0.00045536477540948845,-8.570279744819244e-05,-1.4988924496368803e-07,-0.01858947821188929,-0.03885752336893375,0.15009748765051656,-0.0004584530088105032,-0.0016728989488883092,0.045031102205959836,-0.13891685278452132,-0.07278524327756611,-0.031691933364349376,-0.02816559850663136,0.0036229460642323874,-0.006834642626180722,-0.007113444599123707,-0.005864064871536115,-0.00048327113719429045,-2.3213137628693843e-06
372.96000000000004,0.92,0.025,0.009797958971132711,0.5248792922602417,0.5278473586035246,-0.021981031542121755,-0.045836359652208065,0.17732243571363862,-0.0005416770099590623,-0.00011248630426904467,0.0004547923814979923,-8.55535587628963e-05,-1.49608590644471e-07,-0.018604745097251855,-0.03879589480962891,0.15008570958802372,-0.00045847542122935035,-0.0016287944236598336,0.04498143918788007,-0.138905980537717,-0.07277947791110745,-0.0316669433853963,-0.02810190818678081,0.0036166356740158145,-0.006822741939452492,-0.007110094317328003,-0.005863762169706787,-0.00048246745013234886,-2.3175302932246314e-06
373.12,0.92,0.025,0.009797958971132711,0.5248792922602417,0.5278473586035246,-0.021998989782708134,-0.04576363865023967,0.17730854230748355,-0.0005417033430080876,-0.00011199188625333695,0.00045422017426448535,-8.540509463327097e-05,-1.4932970165544423e-07,-0.018619944952084164,-0.038734343753562855,0.1500739502090541,-0.0004584977095220453,-0.0015847896688995775,0.04493181537044632,-0.1388951254943408,-0.07277372177208478,-0.03164192214380906,-0.028038313727783218,0.0036103580596586905,-0.006810903004830544,-0.0071067369793887105,-0.005863452478114914,-0.00048166794530003814,-2.3137680368093377e-06
373.28,0.92,0.025,0.009797958971132711,0.5248792922602417,0.5278473586035246,-0.022016869004298667,-0.04569100918645867,0.17729467085844333,-0.0005417295297997697,-0.00011149856653466069,0.00045364815424467277,-8.525740243333042e-05,-1.490525709738472e-07,-0.018635077925238393,-0.03867287017541862,0.15006220941458645,-0.0004585198740225251,-0.0015408845344192595,0.044882230802577944,-0.13888428756305798,-0.07276797481189272,-0.031616869754669506,-0.0279748150145518,0.003604113109957763,-0.006799125612999647,-0.007103372585974282,-0.00586313576825476,-0.00048087260948525884,-2.31002692647702e-06
373.44000000000005,0.92,0.025,0.009797958971132711,0.5248792922602417,0.5278473586035246,-0.022034669382483437,-0.045618471230868166,0.17728082125011266,-0.000541755570730343,-0.00011100634339501631,0.00045307632197203953,-8.511047953663814e-05,-1.4877719157989034e-07,-0.018650144165333983,-0.03861147404980682,0.15005048710609536,-0.0004585419150661623,-0.0014970788702109632,0.04483268553301408,-0.13887346665299247,-0.07276223698216638,-0.03159178633282082,-0.027911411932022758,0.0035979007136910384,-0.00678740955460848,-0.0071000011378289565,-0.005862812011581819,-0.0004800814294624433,-2.3063068949715583e-06
373.6,0.92,0.025,0.009797958971132711,0.5248792922602417,0.5278473586035246,-0.02205239109257774,-0.045546024753386066,0.1772669933666689,-0.0005417814661977296,-0.00011051521511785657,0.00045250467797785447,-8.496432331636615e-05,-1.4850355645684137e-07,-0.0186651438207578,-0.03855015535126597,0.15003878318554856,-0.00045856383298975833,-0.0014533725264471585,0.04478317961031401,-0.13886266267372466,-0.07275650823478008,-0.03156667199286786,-0.027848104365155436,0.003591720759620271,-0.006775754620274351,-0.007096622635772976,-0.005862481179513068,-0.00047929439199294847,-2.302607874929292e-06
373.76,0.92,0.025,0.009797958971132711,0.5248792922602417,0.5278473586035246,-0.022070034309622347,-0.04547366972384548,0.17725318709286994,-0.00054180721660154,-0.00011002517998808604,0.0004519332227911745,-8.481893114535596e-05,-1.4823165859154735e-07,-0.018680077039664355,-0.038488914054262816,0.15002709755540514,-0.0004585856281315435,-0.0014097653534806374,0.044733713082857555,-0.1388518755352897,-0.07275078852184648,-0.03154152684917752,-0.02778489219893245,0.003585573136493578,-0.00676416060058803,-0.0070932370807028295,-0.005862143243427247,-0.00047851148382545663,-2.2989297988836125e-06
373.9200000000001,0.92,0.025,0.009797958971132711,0.5248792922602417,0.5278473586035246,-0.022087599208383723,-0.04540140611199502,0.17723940231405355,-0.0005418328223430728,-0.00010953623629206075,0.00045136195693884924,-8.467430039617814e-05,-1.479614909740628e-07,-0.018694943969975984,-0.03842775013319259,0.15001543011861493,-0.0004586073008311768,-0.001366257201844491,0.044684285998845434,-0.13884110514817682,-0.07274507779571629,-0.031516351015879095,-0.027721775318359856,0.0035794577330479148,-0.006752627286118531,-0.007089844473591476,-0.005861798174665148,-0.00047773269169636433,-2.2952725992644595e-06
374.08000000000004,0.92,0.025,0.009797958971132711,0.5248792922602417,0.5278473586035246,-0.022105085963354285,-0.0453292338874992,0.1772256389161337,-0.0005418582838253295,-0.00010904838231758752,0.00045079088094552466,-8.4530428441193e-05,-1.4769304659833812e-07,-0.018709744759383067,-0.038366663562379326,0.15000378077861556,-0.00045862885142975893,-0.001322847922252048,0.044634898406299625,-0.13883035142332673,-0.07273937600897676,-0.03149114460686463,-0.02765875360846725,0.0035733744380116884,-0.006741154467417914,-0.0070864448154885655,-0.0058614459445298795,-0.0004769580023301858,-2.2916362084039164e-06
374.24,0.92,0.025,0.009797958971132711,0.5248792922602417,0.5278473586035246,-0.02212249474875259,-0.045257153019938746,0.17721189678560118,-0.0005418836014530249,-0.00010856161635392363,0.0004502199953336481,-8.438731265260956e-05,-1.4742631846200716e-07,-0.018724479555344193,-0.03830565431607616,0.14999214943933284,-0.00045865028026984033,-0.0012795373655968662,0.04458555035306374,-0.13881961427213194,-0.07273368311445197,-0.03146590773578932,-0.02759582695430793,0.0035673231401072273,-0.006729741935026013,-0.007083038107520686,-0.005861086524287151,-0.00047618740243993396,-2.288020558536589e-06
374.4,0.92,0.025,0.009797958971132711,0.5248792922602417,0.5278473586035246,-0.022139825738523623,-0.04518516347881098,0.17719817580951885,-0.0005419087756325446,-0.0001080759366917763,0.00044964930062347174,-8.4244950402545e-05,-1.4716129956677018e-07,-0.018739148505086393,-0.038244722368465614,0.14998053600517677,-0.0004586715876953858,-0.0012363253829526788,0.044536241886803406,-0.13880889360643303,-0.0727279990652008,-0.031440640516071816,-0.027532995240959045,0.0035613037280533134,-0.006718389479475156,-0.007079624350891561,-0.005860719885165555,-0.00047542087872751946,-2.2844255818033295e-06
374.56000000000006,0.92,0.025,0.009797958971132711,0.5248792922602417,0.5278473586035246,-0.02215707910633896,-0.04511326523353015,0.17718447587552164,-0.0005419338067720023,-0.00010759134162330225,0.0004490787973330572,-8.410333906308337e-05,-1.4689798291860544e-07,-0.0187537517556053,-0.038183867693659924,0.14996894038104153,-0.0004586927740518227,-0.0011932118255733703,0.04448697305500666,-0.13879818933851867,-0.07272232381451697,-0.0314153430608946,-0.02747025835352171,0.0035553160905676747,-0.006707096891294849,-0.00707620354688229,-0.005860345998356845,-0.0004746584178841324,-2.2808512102541407e-06
374.72,0.92,0.025,0.009797958971132711,0.5248792922602417,0.5278473586035246,-0.022174255025597063,-0.045041458253427806,0.17717079687181378,-0.0005419586952812065,-0.00010710782944210704,0.00044850848597827994,-8.39624760063362e-05,-1.4663636152757177e-07,-0.018768289453665356,-0.0381230902657013,0.14995736247230318,-0.0004587138396860132,-0.0011501965448929286,0.04443774390498423,-0.13878750138112358,-0.0727166573159279,-0.03139001548320438,-0.027407616177121147,0.003549360116369523,-0.006695863961016618,-0.007072775696851576,-0.005859964835016239,-0.00047390000659064066,-2.2772973758486204e-06
374.88,0.92,0.025,0.009797958971132711,0.5248792922602417,0.5278473586035246,-0.022191353669423496,-0.044969742507753103,0.17715713868716643,-0.0005419834415716741,-0.0001066253984432448,0.00044793836707283306,-8.382235860449987e-05,-1.463764284084445e-07,-0.01878276174580005,-0.038062390058562226,0.14994580218481768,-0.00045873478494626497,-0.0011072793925253818,0.04438855448387003,-0.1387768296474265,-0.07271099952319371,-0.03136465789571239,-0.027345068596906857,0.0035434356941820215,-0.0066846904791785615,-0.00706934080223593,-0.005859576366262681,-0.0004731456315179711,-2.2737640104611724e-06
375.03999999999996,0.92,0.025,0.009797958971132711,0.5248792922602417,0.5278473586035246,-0.02220837521067111,-0.044898117965673216,0.1771435012109161,-0.0005420080460566438,-0.00010614404692321756,0.00044736844112823167,-8.368298422991338e-05,-1.4611817658067244e-07,-0.01879716877831203,-0.038001767046145815,0.1499342594249194,-0.0004587556101823433,-0.0010644602202648382,0.04433940483862143,-0.13876617405104905,-0.07270535039030655,-0.03133927041089479,-0.027282615498052703,0.0035375427127347153,-0.006673576236329971,-0.007065898864549903,-0.0058591805631791425,-0.0004723952793274881,-2.270251045882368e-06
375.20000000000005,0.92,0.025,0.009797958971132711,0.5248792922602417,0.5278473586035246,-0.022225319821920355,-0.04482658459627364,0.17712988433296276,-0.0005420325091510605,-0.00010566377317997479,0.0004467987086538173,-8.354435025511868e-05,-1.4586159906838146e-07,-0.01881151069727339,-0.03794122120228601,0.1499227340994197,-0.00045877631574545765,-0.0010217388800853576,0.04429029501601967,-0.13875553450605424,-0.07269970987148988,-0.031313853140993005,-0.02722025676575708,0.0035316810607660745,-0.006662521023036135,-0.007062449885386303,-0.005858777396812918,-0.00047164893667138896,-2.2667584138205495e-06
375.36,0.92,0.025,0.009797958971132711,0.5248792922602417,0.5278473586035246,-0.022242187675479433,-0.04475514236855851,0.17711628794376702,-0.0005420568312715662,-0.00010518457551291293,0.0004462291701567618,-8.340645405291687e-05,-1.456066889009231e-07,-0.018825787648525792,-0.037880752500747926,0.14991122611560442,-0.00045879690198825365,-0.0009791152241409532,0.044241225062670184,-0.13874491092694424,-0.07269407792119727,-0.031288406198014096,-0.027157992285243054,0.0035258506270259044,-0.006651524629882809,-0.007058993866416417,-0.005858366838175916,-0.0004709065901930773,-2.263286045906472e-06
375.52,0.92,0.025,0.009797958971132711,0.5248792922602417,0.5278473586035246,-0.02225897894338459,-0.04468379125145104,0.17710271193434868,-0.000542081012836548,-0.00010470645222287488,0.00044565982614207163,-8.326929299642797e-05,-1.4535343911264553e-07,-0.018839999777680718,-0.03782036091522816,0.14989973538123272,-0.0004588173692648543,-0.0009365891047655731,0.04419219502500304,-0.13873430322865932,-0.07268845449411171,-0.03126292969373108,-0.027095821941758472,0.0035200513002778466,-0.006640586847480998,-0.007055530809390213,-0.0058579488582449395,-0.00047016822652755336,-2.2598338736937372e-06
375.68000000000006,0.92,0.025,0.009797958971132711,0.5248792922602417,0.5278473586035246,-0.02227569379740031,-0.044612531213793806,0.1770891561962837,-0.0005421050542660991,-0.00010422940161214946,0.0004450906771125923,-8.313286445914408e-05,-1.451018427431989e-07,-0.018854147230119626,-0.03776004641935508,0.14988826180453454,-0.0004588377179308263,-0.0008941603744730302,0.044143204949273256,-0.13872371132657535,-0.07268283954514455,-0.031237423739683363,-0.027033745620576137,0.0035142829693016442,-0.006629707466471179,-0.007052060716136576,-0.005857523427962003,-0.0004694338323017706,-2.256401828661932e-06
375.84000000000003,0.92,0.025,0.009797958971132711,0.5248792922602417,0.5278473586035246,-0.02229233240901957,-0.044541362224349075,0.17707562062170237,-0.0005421289559820224,-0.00010375342198447088,0.00044452172356901224,-8.299716581499381e-05,-1.448518928378676e-07,-0.018868230150994165,-0.03769980898668906,0.1498768052942089,-0.0004588579483431838,-0.0008518288859569544,0.04409425488156116,-0.1387131351365025,-0.07267723302943459,-0.031211888447177014,-0.02697176320699389,0.0035085455228958794,-0.006618886277528438,-0.007048583588563508,-0.005857090518234619,-0.0004687033941350525,-2.2529898422202045e-06
376.0,0.92,0.025,0.009797958971132711,0.5248792922602417,0.5278473586035246,-0.022308894949464052,-0.044470284251799184,0.17706210510328851,-0.0005421527184078652,-0.00010327851164501826,0.0004439529660098669,-8.286219443839196e-05,-1.4460358244752216e-07,-0.018882248685226373,-0.03763964859072283,0.1498653657594234,-0.0004588780608604171,-0.0008095944920907929,0.044045344867772784,-0.13870257457468455,-0.07267163490234776,-0.031186323927285153,-0.02690987458633479,0.00350283884988007,-0.006608123071366432,-0.007045099428658339,-0.005856650099936098,-0.0004679768986394234,-2.249597845708487e-06
376.15999999999997,0.92,0.025,0.009797958971132711,0.5248792922602417,0.5278473586035246,-0.022325381589684376,-0.04439929726474691,0.17704860953427387,-0.0005421763419688548,-0.00010280466890041509,0.00044338440493154333,-8.272794770430091e-05,-1.4435690462882894e-07,-0.018896202977508856,-0.03757956520488179,0.1498539431098094,-0.00045889805584243876,-0.0007674570459277494,0.043996474953640216,-0.1386920295577945,-0.07266604511947493,-0.03116073029084833,-0.026848079643947226,0.0034971628390972616,-0.006597417638742285,-0.007041608238487954,-0.005856202143905848,-0.00046725433242001747,-2.246225770400227e-06
376.32000000000005,0.92,0.025,0.009797958971132711,0.5248792922602417,0.5278473586035246,-0.022341792500360336,-0.044328401231715726,0.17703513380843966,-0.0005421998270919966,-0.00010233189205872872,0.00044281604082828407,-8.259442298828508e-05,-1.4411185244454783e-07,-0.01891009317230499,-0.037519558802524194,0.14984253725546334,-0.00045891793365066593,-0.0007254164007007384,0.043947645184721953,-0.13868150000293583,-0.07266046363663237,-0.031135107648474845,-0.026786378265205055,0.0034915173794163572,-0.00658676977046092,-0.007038110020198994,-0.005855746620949692,-0.0004665356820754301,-2.2428735475057642e-06
376.48,0.92,0.025,0.009797958971132711,0.5248792922602417,0.5278473586035246,-0.022358127851901152,-0.04425759612115023,0.17702167782011125,-0.0005422231742059858,-0.00010186017942946981,0.0004422478741921914,-8.246161766656864e-05,-1.4386841896341023e-07,-0.018923919413849136,-0.03745962935694156,0.14983114810694217,-0.0004589376946479464,-0.0006834724098223422,0.04389885560640329,-0.1386709858276383,-0.07265489040985967,-0.03110945611054114,-0.026724770335507735,0.0034859023597345333,-0.0065761792573796685,-0.007034604776018056,-0.005855283501840159,-0.00046582093419810514,-2.2395411081730488e-06
376.64,0.92,0.025,0.009797958971132711,0.5248792922602417,0.5278473586035246,-0.022374387814445677,-0.044186881901416473,0.17700824146415747,-0.0005422463837412531,-0.00010138952932359177,0.00044167990551323134,-8.23295291160907e-05,-1.4362659726050772e-07,-0.01893768184614682,-0.0373997768413589,0.14981977557526288,-0.00045895733919859664,-0.0006416249268847907,0.04385010626389667,-0.13866048694985736,-0.07264932539541945,-0.031083775787192097,-0.02666325574028044,0.003480317668979596,-0.006565645890412661,-0.007031092508251914,-0.0058548127573167935,-0.00046511007537469517,-2.236228383491454e-06
376.80000000000007,0.92,0.025,0.009797958971132711,0.5248792922602417,0.5278473586035246,-0.02239057255786261,-0.044116258540802235,0.176994824635988,-0.000542269456129962,-0.0001009199400534903,0.00044111213527923824,-8.219815471456058e-05,-1.4338638041748212e-07,-0.018951380612974914,-0.037340001228935014,0.14980841957190025,-0.00045897686766839985,-0.0005998738056599038,0.04380139720224201,-0.1386500032879723,-0.07264376854979622,-0.031058066788341485,-0.026601834364974236,0.003474763196112327,-0.006555169460535239,-0.007027573219287723,-0.005854334358086469,-0.0004644030921864282,-2.2329353044943797e-06
376.96000000000004,0.92,0.025,0.009797958971132711,0.5248792922602417,0.5278473586035246,-0.022406682251750774,-0.04404572600751745,0.17698142723155053,-0.0005422923918059956,-0.0001004514099330028,0.0004405445639759182,-8.206749184051482e-05,-1.4314776152245856e-07,-0.018965015857881854,-0.037280302492762776,0.14979708000878436,-0.0004589962804245947,-0.0005582189000990601,0.04375272846630717,-0.13863953476078372,-0.07263821982969523,-0.03103232922367219,-0.02654050609506615,0.0034692388301288788,-0.006544749758788491,-0.007024046911593218,-0.005853848274823699,-0.00046369997120948304,-2.22966180216041e-06
377.12,0.92,0.025,0.009797958971132711,0.5248792922602417,0.5278473586035246,-0.0224227170654393,-0.043975284269694485,0.17696804914732853,-0.0005423151912049794,-9.998393727740788e-05,0.00043997719208685394,-8.193753787337121e-05,-1.429107336704496e-07,-0.018978587724187826,-0.037220680605869416,0.14978575679829886,-0.0004590155778358946,-0.000516660064333152,0.04370410010078817,-0.13862908128751217,-0.07263267919204162,-0.031006563202636696,-0.026479270816059372,0.003463744460063084,-0.006534386576283567,-0.007020513587716929,-0.00585335447817095,-0.00046300069901534716,-2.226407807417164e-06
377.28,0.92,0.025,0.009797958971132711,0.5248792922602417,0.5278473586035246,-0.022438677167987895,-0.04390493329538852,0.1769546902803396,-0.0005423378547642577,-9.951752040342466e-05,0.00043941002009350856,-8.180829019348392e-05,-1.426752899632766e-07,-0.018992096354984955,-0.03716113554121685,0.14977444985327945,-0.00045903476027246774,-0.00047519715267253966,0.04365551215020968,-0.1386186427877965,-0.07262714659397963,-0.03098076883445735,-0.02641812841348331,0.0034582799749887736,-0.006524079704206069,-0.007016973250288363,-0.005852852938738942,-0.0004623052621711787,-2.2231732511423e-06
377.44000000000005,0.92,0.025,0.009797958971132711,0.5248792922602417,0.5278473586035246,-0.02245456272818705,-0.04383467305257787,0.1769413505281315,-0.0005423603829229038,-9.905215762921242e-05,0.00043884304847522965,-8.167974618219938e-05,-1.4244142350993765e-07,-0.01900554189313752,-0.03710166727170191,0.14976315908701052,-0.00045905382810594575,-0.0004338300196070233,0.04360696465892529,-0.13860821918169092,-0.07262162199287103,-0.030954946228126754,-0.026357078772893772,0.0034528452640221574,-0.006513828933820501,-0.007013425902018228,-0.00585234362710699,-0.0004616136472401782,-2.2199580641671893e-06
377.6,0.92,0.025,0.009797958971132711,0.5248792922602417,0.5278473586035246,-0.022470373914558275,-0.04376450350916429,0.1769280297887814,-0.0005423827761217504,-9.858784727436991e-05,0.00043827627770925374,-8.155190322190945e-05,-1.422091274267182e-07,-0.019018924481282125,-0.03704227577015666,0.14975188441322457,-0.0004590727817094496,-0.0003925585198057865,0.043558457671117906,-0.13859781038966443,-0.07261610534629476,-0.030929095492408125,-0.02629612177987309,0.0034474402163240745,-0.006503634056474509,-0.007009871545698619,-0.0058518265138233,-0.0004609258407819375,-2.2167621772790825e-06
377.76,0.92,0.025,0.009797958971132711,0.5248792922602417,0.5278473586035246,-0.02248611089535433,-0.043694424632973405,0.17691472796089183,-0.0005424050348033368,-9.812458765993494e-05,0.00043770970827071,-8.142475869610563e-05,-1.4197839483708063e-07,-0.019032244261827903,-0.03698296100934869,0.14974062574609887,-0.0004590916214575443,-0.00035138250811736575,0.04350999123080014,-0.1385874163325977,-0.07261059661204532,-0.03090321673583561,-0.026235257320030226,0.0034420647211022702,-0.006493494863603211,-0.0070063101842032195,-0.005851301569405301,-0.0004602418293528008,-2.2135855212218805e-06
377.9200000000001,0.92,0.025,0.009797958971132711,0.5248792922602417,0.5278473586035246,-0.022501773838559475,-0.04362443639175495,0.17690144494359,-0.0005424271594119354,-9.766237710838362e-05,0.0004371433406326246,-8.129830998943507e-05,-1.4174921887241744e-07,-0.01904550137695674,-0.03692372296198139,0.1497293830002546,-0.00045911034772626216,-0.0003103018395695987,0.043461565381814615,-0.13857703693178233,-0.07260509574813244,-0.03087731006671468,-0.026174485279000917,0.0034367186676138146,-0.006483411146733642,-0.007002741820487489,-0.005850768764339962,-0.0004595615995062298,-2.2104280267019716e-06
378.08000000000004,0.92,0.025,0.009797958971132711,0.5248792922602417,0.5278473586035246,-0.022517362911889643,-0.04355453875318313,0.17688818063652256,-0.0005424491503935652,-9.720121394362998e-05,0.00043657717526592493,-8.117255448775214e-05,-1.415215926713443e-07,-0.019058695968623394,-0.03686456160069421,0.1497181560907527,-0.0004591289608931136,-0.00026931636936959586,0.043413180167834325,-0.13856667210891693,-0.07259960271277892,-0.03085137559312247,-0.026113805542447802,0.003431401945167217,-0.006473382697488886,-0.006999166457588882,-0.005850228069084118,-0.0004588851377931526,-2.207289624385781e-06
378.24,0.92,0.025,0.009797958971132711,0.5248792922602417,0.5278473586035246,-0.022532878282792747,-0.043484731684856996,0.17687493493985665,-0.0005424710081959788,-9.674109649102531e-05,0.00043601121263944325,-8.104748957817224e-05,-1.4129550938076954e-07,-0.01907182817855578,-0.03680547689806296,0.14970694493309467,-0.0004591474613370765,-0.00022842595290367742,0.04336483563236305,-0.13855632178610797,-0.07259411746442111,-0.030825413422908107,-0.026053217996060533,0.003426114443124784,-0.006463409307592342,-0.006995584098627013,-0.005849679454064791,-0.00045821243076231064,-2.2041702449072083e-06
378.4,0.92,0.025,0.009797958971132711,0.5248792922602417,0.5278473586035246,-0.022548320118448848,-0.04341501515430077,0.1768617077542739,-0.0005424927332686455,-9.628202307735764e-05,0.00043544545321992157,-8.09231126491265e-05,-1.4107096215542163e-07,-0.019084898148255106,-0.036746468826600175,0.14969574944321742,-0.0004591658494385815,-0.00018763044573736506,0.04331653181873567,-0.13854598588586495,-0.07258863996170638,-0.030799423663693117,-0.02599272252555595,0.003420856050904879,-0.006453490768872102,-0.006991994746803866,-0.005849122889679522,-0.0004575434649606274,-2.2010698188664973e-06
378.56000000000006,0.92,0.025,0.009797958971132711,0.5248792922602417,0.5278473586035246,-0.022563688585770413,-0.04334538912896411,0.1768484989809704,-0.0005425143260628081,-9.5823992030851e-05,0.0004348798974720147,-8.079942109041277e-05,-1.4084794415811794e-07,-0.01909790601899608,-0.036687537358755226,0.14968456953749337,-0.00045918412557956076,-0.0001469297036153035,0.04326826877011851,-0.13853566433110043,-0.07258317016349308,-0.030773406422871703,-0.025932319016678116,0.0034156266579841,-0.006443626873265012,-0.006988398405403979,-0.005848558346296692,-0.00045687822693354197,-2.1979882768333023e-06
378.72,0.92,0.025,0.009797958971132711,0.5248792922602417,0.5278473586035246,-0.02257898385140255,-0.04327585357622254,0.1768353085216528,-0.0005425357870314037,-9.536700168116521e-05,0.0004343145458582954,-8.067641229324967e-05,-1.4062644856012326e-07,-0.01911085193182712,-0.03662868246691476,0.14967340513272695,-0.0004592022901433801,-0.00010632358246122372,0.04322004652950972,-0.13852535704512703,-0.07257770802884904,-0.030747361807611166,-0.02587200735519855,0.0034104261538995804,-0.006433817412820971,-0.006984795077794639,-0.005847985794255868,-0.0004562167032253681,-2.1949255493500294e-06
378.88,0.92,0.025,0.009797958971132711,0.5248792922602417,0.5278473586035246,-0.022594206081723214,-0.04320640846337771,0.17682213627853574,-0.0005425571166291191,-9.491105035939489e-05,0.0004337493988392578,-8.055408365032874e-05,-1.404064685411495e-07,-0.019123736027570528,-0.0365699041234029,0.14966225614615267,-0.0004592203435148864,-6.581193837792354e-05,0.04317186513973964,-0.13851506395165533,-0.07257225351705043,-0.03072128992485221,-0.02581178742691627,0.0034052544282511857,-0.006424062179707089,-0.006981184767426059,-0.005847405203868115,-0.00045555888037963964,-2.1918815669334476e-06
379.03999999999996,0.92,0.025,0.009797958971132711,0.5248792922602417,0.5278473586035246,-0.02260935544284345,-0.04313705375765778,0.17680898215434002,-0.0005425783153123823,-9.445613639806915e-05,0.0004331844568733215,-8.0432432555866e-05,-1.4018799728937655e-07,-0.0191365584468227,-0.03651120230048154,0.1496511224954334,-0.00045923828608040036,-2.5394627647204634e-05,0.043123724643471105,-0.13850478497479254,-0.072566806587581,-0.03069519088130932,-0.025751659117657963,0.003400111370703692,-0.006414360966211811,-0.006977567477831576,-0.005846816545416349,-0.0004549047449394508,-2.1888562600762246e-06
379.20000000000005,0.92,0.025,0.009797958971132711,0.5248792922602417,0.5278473586035246,-0.02262443210060763,-0.04306778942621771,0.17679584605228937,-0.0005425993835393474,-9.4002258131151e-05,0.0004326197204168362,-8.031145640565547e-05,-1.3997102800194378e-07,-0.019149319329954298,-0.03645257697035067,0.14964000409865774,-0.0004592561182277036,1.4928493270170864e-05,0.04307562508319988,-0.13849452003903992,-0.07256136720013079,-0.030669064783471103,-0.025691622313278106,0.0033949968709890755,-0.0064047135647491635,-0.006973943212627825,-0.0058462197891556555,-0.0004542542834478103,-2.185849559251165e-06
379.36,0.92,0.025,0.009797958971132711,0.5248792922602417,0.5278473586035246,-0.02263943622059367,-0.042998615436139635,0.1767827278761078,-0.0005426203217699027,-9.354941389403652e-05,0.0004320551899240851,-8.019115259711919e-05,-1.3975555388478207e-07,-0.019162018817110483,-0.036394028105148586,0.14962890087433764,-0.00045927384034604563,5.515756773450632e-05,0.04302756650125492,-0.13848426906929068,-0.07255593531459496,-0.030642911737600628,-0.025631676899659065,0.003389910818908611,-0.00639511976786275,-0.006970311975514931,-0.005845614905313641,-0.000453607482447975,-2.182861394911709e-06
379.52,0.92,0.025,0.009797958971132711,0.5248792922602417,0.5278473586035246,-0.02265436796811327,-0.04292953175443312,0.17676962753001738,-0.0005426411304656707,-9.309760202355458e-05,0.00043149086584728935,-8.007151852935841e-05,-1.3954156815286032e-07,-0.019174657048211072,-0.036335555676952194,0.1496178127414067,-0.0004592914528261437,9.529273892725307e-05,0.0429795489397988,-0.13847403199082825,-0.07255051089107299,-0.030616731849735786,-0.02557182276271123,0.0033848531043350434,-0.0063855793682298335,-0.00696667377027668,-0.00584500186409077,-0.00045296432848378654,-2.179891697494758e-06
379.68000000000006,0.92,0.025,0.009797958971132711,0.5248792922602417,0.5278473586035246,-0.022669227508212136,-0.042860538348035604,0.1767565449187346,-0.0005426618100900183,-9.264682085796597e-05,0.000430926748636612,-7.995255160320671e-05,-1.3932906403042146e-07,-0.01918723416295075,-0.036277159657777336,0.14960673961921697,-0.00045930895606019153,0.0001353341498510169,0.04293157244082805,-0.13846380872932357,-0.07254509388986709,-0.030590525225689655,-0.02551205978837315,0.003379823617214851,-0.006376092158665565,-0.0069630286007807095,-0.005844380635660693,-0.00045232480810002563,-2.1769403974235383e-06
379.84000000000003,0.92,0.025,0.009797958971132711,0.5248792922602417,0.5278473586035246,-0.0226840150056702,-0.04279163518381261,0.17674347994746967,-0.0005426823611080218,-9.21970687369631e-05,0.000430362838740162,-7.983424922128031e-05,-1.3911803475100742e-07,-0.01919975030079926,-0.036218840019579,0.14959568142753835,-0.00045932635044182966,0.00017528194332959709,0.042883637046173456,-0.1384535992108343,-0.07253968427148191,-0.030564291971050817,-0.025452387862611652,0.00337482224757036,-0.006366657932126995,-0.006959376470978677,-0.0058437511901706105,-0.00045168890784273995,-2.174007425109037e-06
380.0,0.92,0.025,0.009797958971132711,0.5248792922602417,0.5278473586035246,-0.02269873062500187,-0.04272282222855817,0.17673043252192164,-0.0005427027839865116,-9.174834400166913e-05,0.0004297991366039986,-7.971660878802556e-05,-1.3890847355763536e-07,-0.019212205601001585,-0.03616059673425164,0.14958463808655448,-0.00045934363636618346,0.00021513626200807316,0.04283574279750049,-0.13844340336180122,-0.07253428199662258,-0.030538032191183742,-0.025392806871421963,0.003369848885501766,-0.006357276481716862,-0.006955717384906445,-0.005843113497741596,-0.00045105661425956815,-2.171092710952536e-06
380.15999999999997,0.92,0.025,0.009797958971132711,0.5248792922602417,0.5278473586035246,-0.022713374530456243,-0.04265409944899508,0.1767174025482765,-0.0005427230791940415,-9.130064499463752e-05,0.0004292356426721347,-7.959962770977486e-05,-1.3870037370298406e-07,-0.019224600202578164,-0.03610242977362944,0.14957360951686124,-0.00045936081422983673,0.00025489724835280926,0.04278788973630959,-0.13843322110904663,-0.0725288870261939,-0.030511745991229095,-0.0253333167008278,0.0033649034211895,-0.0063479476006880415,-0.00695205134668425,-0.005842467528468961,-0.0004504279139001025,-2.168196185348092e-06
380.32000000000005,0.92,0.025,0.009797958971132711,0.5248792922602417,0.5278473586035246,-0.02272794688601734,-0.04258546681177526,0.1767043899332053,-0.0005427432472008893,-9.085397005985129e-05,0.0004286723573865417,-7.948330339479198e-05,-1.3849372844954367e-07,-0.019236934244325078,-0.03604433910948658,0.14956259563946497,-0.0004593778844308327,0.0002945650446515278,0.04274007790393656,-0.13842305237977284,-0.07252349932129955,-0.03048543347610414,-0.025273917236881546,0.0033599857448961537,-0.006338671082447167,-0.006948378360516877,-0.00584181325242259,-0.00044980279331619324,-2.1653177786847094e-06
380.48,0.92,0.025,0.009797958971132711,0.5248792922602417,0.5278473586035246,-0.022742447855404337,-0.04251692428348009,0.1766913945838601,-0.0005427632884790614,-9.040831754272265e-05,0.0004281092811871529,-7.936763325332411e-05,-1.3828853106953478e-07,-0.01924920786481423,-0.03598632471353755,0.1495515963757792,-0.0004593948473686776,0.000334139793013327,0.04269230734155292,-0.13841289710155918,-0.0725181188432404,-0.030459094750503048,-0.025214608365664335,0.003355095746968666,-0.006329446720558776,-0.006944698430693831,-0.005841150639647297,-0.00044918123906229356,-2.162457421347369e-06
380.64,0.92,0.025,0.009797958971132711,0.5248792922602417,0.5278473586035246,-0.02275687760207178,-0.042448471830620726,0.17667841640787213,-0.0005427832035023061,-8.996368579009212e-05,0.0004275464145118679,-7.92526146976514e-05,-1.3808477484558784e-07,-0.019261421202393554,-0.03592838655743739,0.14954061164762297,-0.0004594117034443519,0.00037362163536874355,0.04264457809016619,-0.1384027552023604,-0.07251274555351385,-0.03043272991889724,-0.025155389973286178,0.003350233317840457,-0.006320274308749246,-0.0069410115615895045,-0.005840479660163169,-0.0004485632376957873,-2.1596150437223007e-06
380.80000000000007,0.92,0.025,0.009797958971132711,0.5248792922602417,0.5278473586035246,-0.022771236289209844,-0.0423801094196384,0.17666545531334962,-0.0005428029927460753,-8.952007315022807e-05,0.00042698375779655654,-7.913824514213573e-05,-1.3788245307012926e-07,-0.019273574395187214,-0.035870524612781944,0.14952964137721914,-0.0004594284530602782,0.00041301071346981123,0.042596890190620344,-0.13839262661050497,-0.07250737941381281,-0.030406339085535774,-0.025096261945886086,0.0033453983480334457,-0.006311153640910708,-0.006937317757663356,-0.005839800283965936,-0.0004479487757773112,-2.156790576194791e-06
380.96000000000004,0.92,0.025,0.009797958971132711,0.5248792922602417,0.5278473586035246,-0.022785524079744515,-0.042311837016904795,0.1766525112088724,-0.0005428226566875605,-8.907747797282606e-05,0.00042642131147506266,-7.90245220032704e-05,-1.3768155904624322e-07,-0.019285667581095758,-0.03581273885110822,0.1495186854871896,-0.00045944509662035126,0.00045230716889006544,0.04254924368359605,-0.13838251125469098,-0.07250202038602359,-0.030379922354445643,-0.02503722416963219,0.003340590728160205,-0.006302084511104979,-0.006933617023460056,-0.0058391124810273,-0.00044733783987109093,-2.153983949155614e-06
381.12,0.92,0.025,0.009797958971132711,0.5248792922602417,0.5278473586035246,-0.022799741136337873,-0.04224365458872231,0.17663958400349303,-0.0005428421958056803,-8.863589860900822e-05,0.0004258590759792087,-7.89114426997277e-05,-1.374820860872917e-07,-0.019297700897796376,-0.035755029243894565,0.14950774390055652,-0.0004594616345299279,0.000491511143024634,0.04250163860961111,-0.13837240906398693,-0.07249666843222621,-0.03035347982943219,-0.024978276530721863,0.003335810348925937,-0.006293066713567373,-0.006929909363609673,-0.005838416221295317,-0.0004467304165452482,-2.1511950930001416e-06
381.28,0.92,0.025,0.009797958971132711,0.5248792922602417,0.5278473586035246,-0.022813887621388258,-0.042175562101324456,0.17662667360673082,-0.0005428616105810489,-8.819533341132263e-05,0.00042529705173879895,-7.879900465240928e-05,-1.372840275173747e-07,-0.01930967448274302,-0.03569739576256102,0.14949681654073696,-0.0004594780671957998,0.0005306227770902376,0.04245407500902076,-0.13836231996782702,-0.07249132351469215,-0.03032701161407936,-0.024919418915381828,0.003331057101130631,-0.006284100042710702,-0.006926194782827827,-0.00583771147469474,-0.000446126492372142,-2.14842393813235e-06
381.44000000000005,0.92,0.025,0.009797958971132711,0.5248792922602417,0.5278473586035246,-0.02282796369703057,-0.042107559520876095,0.1766137799285704,-0.0005428809014960574,-8.775578073374274e-05,0.0004247352391816242,-7.868720528449356e-05,-1.3708737667129577e-07,-0.019321588473166673,-0.03563983837846953,0.149485903331542,-0.000459494395026263,0.000569642212125291,0.04240655292201798,-0.13835224389601017,-0.07248598559588353,-0.03030051781175014,-0.02486065120986828,0.0033263308756710623,-0.0062751842931290675,-0.006922473285915841,-0.00583699821112738,-0.00044552605392868044,-2.1456704149661665e-06
381.6,0.92,0.025,0.009797958971132711,0.5248792922602417,0.5278473586035246,-0.02284196952513642,-0.04203964681347383,0.17660090287945948,-0.0005429000690347448,-8.731723893166658e-05,0.0004241736387334656,-7.857604202148311e-05,-1.3689212689471874e-07,-0.01933344300607547,-0.03558235706292425,0.14947500419717452,-0.00045951061843100806,0.0006085695889898908,0.042359072388633956,-0.13834218077869812,-0.07248065463845235,-0.03027399852558686,-0.024801973300467017,0.0033216315635427956,-0.006266319259601627,-0.006918744877760924,-0.005836276400472478,-0.00044492908779663557,-2.142934453927388e-06
381.76,0.92,0.025,0.009797958971132711,0.5248792922602417,0.5278473586035246,-0.022855905267314427,-0.04197182394514627,0.17658804237030495,-0.0005429191136829038,-8.687970636191637e-05,0.0004236122508180983,-7.846551229125368e-05,-1.366982715443887e-07,-0.019345238218254932,-0.035524951787171806,0.14946411906222612,-0.0004595267378212098,0.0006474050483659125,0.042311633448738284,-0.13833213054641247,-0.07247533060523885,-0.03024745385851154,-0.024743385073493544,0.003316959055842272,-0.006257504737096503,-0.006915009563336303,-0.005835546012587055,-0.00044433558056296984,-2.1402159854566043e-06
381.9200000000001,0.92,0.025,0.009797958971132711,0.5248792922602417,0.5278473586035246,-0.02286977108491039,-0.04190409088185443,0.17657519831247045,-0.0005429380359280497,-8.644318138273762e-05,0.00042305107585729584,-7.835561352410044e-05,-1.365058039882307e-07,-0.019356974246268154,-0.03546762252240159,0.149453247851675,-0.00045954275360950126,0.0006861487307570065,0.04226423614203943,-0.1383220931300327,-0.07247001345927045,-0.030220883913226238,-0.024684886415293178,0.003312313243768766,-0.006248740520774473,-0.0069112673477013985,-0.005834807017306282,-0.0004437455188201447,-2.137514940011016e-06
382.08000000000004,0.92,0.025,0.009797958971132711,0.5248792922602417,0.5278473586035246,-0.022883567139007573,-0.04183644758949195,0.17656237061777452,-0.0005429568362593782,-8.60076623537987e-05,0.00042249011427083404,-7.824634315278746e-05,-1.3631471760529792e-07,-0.01936865122645601,-0.035410369239745984,0.14944239049088437,-0.00045955866620993774,0.0007248007764887149,0.042216880508085024,-0.1383120684607948,-0.07246470316376102,-0.030194288792213416,-0.024626477212241194,0.0033076940186264614,-0.006240026405992915,-0.006907518236001962,-0.00583405938444385,-0.0004431588891664446,-2.1348312480654106e-06
382.24,0.92,0.025,0.009797958971132711,0.5248792922602417,0.5278473586035246,-0.022897293590426873,-0.04176889403388548,0.1765495591984861,-0.0005429755151678223,-8.557314763619011e-05,0.00042192936647649475,-7.813769861259242e-05,-1.3612500578633208e-07,-0.019380269294937306,-0.03535319191028067,0.14943154690559865,-0.0004595744760380448,0.0007633613257084502,0.04216956658626218,-0.13830205647028776,-0.07245939968210907,-0.030167668597736248,-0.024568157350742914,0.0033031012718263857,-0.006231362188309356,-0.006903762233470246,-0.0058333030837923365,-0.00044257567820628097,-2.1321648401168237e-06
382.4,0.92,0.025,0.009797958971132711,0.5248792922602417,0.5278473586035246,-0.022910950599727087,-0.04170143018079501,0.1765367639673235,-0.0005429940731460102,-8.513963559242388e-05,0.0004213688328900702,-7.802967734135394e-05,-1.3593666193341294e-07,-0.019391828587609006,-0.0352960905050249,0.14942071702194262,-0.000459590183510783,0.000801830518385562,0.042122294415797894,-0.1382920570904527,-0.07245410297789727,-0.030141023431839005,-0.024509926717233843,0.0032985348948883705,-0.006222747663485264,-0.00689999934542513,-0.005832538085123567,-0.0004419958725505016,-2.129515646683768e-06
382.56000000000006,0.92,0.025,0.009797958971132711,0.5248792922602417,0.5278473586035246,-0.02292453832720513,-0.04163405599591413,0.1765239848374504,-0.0005430125106882656,-8.470712458643278e-05,0.0004208085139253668,-7.792227677951935e-05,-1.3574967946046398e-07,-0.01940332924014642,-0.03523906499494172,0.14940990076641802,-0.000459605789046548,0.0008402084943114137,0.042075064035759356,-0.13828207025357966,-0.07244881301489078,-0.030114353396347375,-0.02445178519817978,0.003293994779443111,-0.006214182627489842,-0.0068962295772723,-0.005831764358189003,-0.0004414194588167112,-2.1268835983104837e-06
382.72,0.92,0.025,0.009797958971132711,0.5248792922602417,0.5278473586035246,-0.022938056932896248,-0.04156677144487041,0.17651122172247338,-0.0005430308282906518,-8.427561298356986e-05,0.00042024840999420885,-7.781549437018978e-05,-1.3556405179313313e-07,-0.019414771388003384,-0.03518211535093831,0.1493990980659015,-0.0004596212930652077,0.0008784953930993904,0.0420278754850543,-0.13827209589230594,-0.0724435297570363,-0.030087658592868813,-0.0243937326800769,0.00328948081723405,-0.006205666876503628,-0.006892452934504365,-0.005830981872720099,-0.00044084642362957033,-2.1242686255676782e-06
382.88,0.92,0.025,0.009797958971132711,0.5248792922602417,0.5278473586035246,-0.022951506576574267,-0.041499576493225644,0.17649847453643994,-0.000543049026450885,-8.384509915060763e-05,0.00041968852150644294,-7.77093275591661e-05,-1.3537977236899638e-07,-0.01942615516641246,-0.03512524154386619,0.14938830884764276,-0.00045963669598802907,0.0009166913541849684,0.04198072880243133,-0.13826213393961428,-0.07243825316846124,-0.030060939122792885,-0.024335769049451905,0.003284992900119334,-0.006197200206922158,-0.00688866942270102,-0.005830190598428684,-0.00044027675362110044,-2.121670659054776e-06
383.03999999999996,0.92,0.025,0.009797958971132711,0.5248792922602417,0.5278473586035246,-0.022964887417751805,-0.04143247110647625,0.17648574319383428,-0.0005430671056684026,-8.34155814557376e-05,0.0004191288488699417,-7.760377379499646e-05,-1.3519683463780104e-07,-0.01943748071038513,-0.0350684435445215,0.14937753303926135,-0.00045965199823773596,0.0009547965168257594,0.0419336240264803,-0.13825218432882969,-0.07243298321347194,-0.030034195087291618,-0.02427789419286215,0.003280530920073835,-0.006188782415359746,-0.006884879047529188,-0.005829390505007341,-0.00043971043543100137,-2.1190896294028448e-06
383.20000000000005,0.92,0.025,0.009797958971132711,0.5248792922602417,0.5278473586035246,-0.022978199615680515,-0.04136545525005352,0.17647302760957537,-0.0005430850664443198,-8.298705826856938e-05,0.0004185693924906076,-7.749883052901891e-05,-1.3501523206152317e-07,-0.019448748154711988,-0.0350117213236453,0.1493667705687446,-0.00045966720023847226,0.0009928110201015722,0.0418865611956326,-0.13824224699361787,-0.07242771985655291,-0.030007426587319835,-0.024220107996895703,0.0032760947691909477,-0.006180413298652887,-0.0068810818147431434,-0.00582858156212978,-0.0004391474557069359,-2.116525467276065e-06
383.36,0.92,0.025,0.009797958971132711,0.5248792922602417,0.5278473586035246,-0.022991443329351283,-0.04129852888932397,0.1764603276990149,-0.0005431029092814603,-8.255952796013018e-05,0.0004180101527723772,-7.739449521541014e-05,-1.3483495811441036e-07,-0.019459957633962927,-0.03495507485192381,0.14935602136444623,-0.000459682302415828,0.0010307350029144244,0.04183954034816156,-0.1382323218679837,-0.07242246306236597,-0.02998063372361551,-0.024162410348171504,0.0032716843396846515,-0.006172092653864145,-0.006877277730184675,-0.005827763739451216,-0.0004385878011048491,-2.1139781033734012e-06
383.52,0.92,0.025,0.009797958971132711,0.5248792922602417,0.5278473586035246,-0.02300461871749448,-0.04123169198958963,0.17644764337793273,-0.0005431206346843296,-8.213298890286418e-05,0.0004174511301172249,-7.729076531122795e-05,-1.3465600628317366e-07,-0.01947110928248733,-0.03489850409998867,0.14934528535508226,-0.0004596973051968166,0.0010685686039886204,0.041792561522182706,-0.1382224088862676,-0.07241721279574836,-0.029953816596700093,-0.024104801133339463,0.00326729952389131,-0.006163820278285534,-0.00687346679978321,-0.005826937006608762,-0.00043803145828925796,-2.1114474684309204e-06
383.68000000000006,0.92,0.025,0.009797958971132711,0.5248792922602417,0.5278473586035246,-0.0230177259385802,-0.041164944516088396,0.17643497456253543,-0.0005431382431590973,-8.170743947063162e-05,0.00041689232492516694,-7.718763827645643e-05,-1.344783700670971e-07,-0.01948220323441428,-0.03484200903841722,0.14933456246972998,-0.00045971220900986,0.0011063119618708094,0.04174562475565419,-0.13821250798314438,-0.07241196902171224,-0.029926975306878892,-0.024047280239080555,0.0032629402142715894,-0.006155595969442118,-0.006869649029555945,-0.005826101333221793,-0.00043747841393354856,-2.1089334932236464e-06
383.84000000000003,0.92,0.025,0.009797958971132711,0.5248792922602417,0.5278473586035246,-0.023030765150818432,-0.04109828643399429,0.17642232116945322,-0.0005431557352136554,-8.12828780387084e-05,0.00041633373759426525,-7.708511157405158e-05,-1.3430204297830646e-07,-0.019493239623652722,-0.03478558963773277,0.14932385263782522,-0.00045972701428483796,0.0011439652149299857,0.04169873008637708,-0.13820261909362094,-0.0724067317054432,-0.029900109954241354,-0.023989847552106956,0.0032586063034123953,-0.006147419525095647,-0.006865824425607987,-0.005825256688892346,-0.00043692865472027984,-2.106436108568547e-06
384.0,0.92,0.025,0.009797958971132711,0.5248792922602417,0.5278473586035246,-0.023043736512159355,-0.04103171770841781,0.17640968311573682,-0.0005431731113575125,-8.085930298378531e-05,0.00041577536852063145,-7.698318266998617e-05,-1.3412701854159616e-07,-0.01950421858389168,-0.03472924586840484,0.14931315578915966,-0.0004597417214529986,0.0011815285013576063,0.0416518775519957,-0.1381927421530337,-0.07240150081229928,-0.029873220638661453,-0.023932502959162143,0.0032542976840287557,-0.00613929074324814,-0.006861992994132484,-0.0058244030432055005,-0.0004363821673414827,-2.1039552453245943e-06
384.15999999999997,0.92,0.025,0.009797958971132711,0.5248792922602417,0.5278473586035246,-0.02305664018029351,-0.040965238304406244,0.17639706031885538,-0.0005431903721019191,-8.043671268396723e-05,0.0004152172180984309,-7.688184903329114e-05,-1.3395329029486938e-07,-0.01951514024860043,-0.03467297770084945,0.1493024718538792,-0.0004597563309470643,0.0012190019591675752,0.04160506718999797,-0.13818287709704705,-0.07239627630780984,-0.029846307459798046,-0.02387524634702101,0.0032500142489655937,-0.006131209422145171,-0.0068581547414107505,-0.00582354036572976,-0.0004358389384989367,-2.1014908343967893e-06
384.32000000000005,0.92,0.025,0.009797958971132711,0.5248792922602417,0.5278473586035246,-0.023069476312652066,-0.040898848186943955,0.17638445269669303,-0.0005432075179597309,-8.00151055187727e-05,0.0004146592867198862,-7.678110813610239e-05,-1.3378085178898023e-07,-0.01952600475102871,-0.034616785105429364,0.149291800762481,-0.0004597708432011162,0.0012563857261963364,0.04155829903771576,-0.13817302386165053,-0.07239105815767428,-0.029819370517095156,-0.023818077602489968,0.0032457558911996925,-0.006123175360279615,-0.006854309673812387,-0.005822668626017455,-0.00043529895490448044,-2.099042806736273e-06
384.48,0.92,0.025,0.009797958971132711,0.5248792922602417,0.5278473586035246,-0.023082245066407013,-0.04083254732095271,0.17637186016754677,-0.0005432245494455003,-7.959447986913294e-05,0.00041410157477528157,-7.668095745370239e-05,-1.3360969658816478e-07,-0.019536812224206897,-0.03456066805245438,0.1492811424458116,-0.00045978525865067145,0.001293679940102901,0.041511573132325195,-0.13816318238315742,-0.07238584632776117,-0.02979240990978236,-0.023760996612407045,0.00324152250384148,-0.006115188356394946,-0.006850457797795427,-0.0058217877936051175,-0.0004347622032802899,-2.0966110933442154e-06
384.64,0.92,0.025,0.009797958971132711,0.5248792922602417,0.5278473586035246,-0.023094946598471406,-0.04076633567129198,0.17635928265012274,-0.0005432414670754486,-7.917483411739137e-05,0.0004135440826529665,-7.658139446456488e-05,-1.3343981826971304e-07,-0.0195475628009462,-0.03450462651218154,0.14927049683506388,-0.0004597995777326597,0.0013308847383689086,0.041464889510847015,-0.13815335259820152,-0.07238064078410661,-0.02976542573687513,-0.023704003263642043,0.0032373139801368848,-0.006107248209488822,-0.006846599119906438,-0.005820897838013887,-0.00043422867035917696,-2.0941956252711974e-06
384.80000000000007,0.92,0.025,0.009797958971132711,0.5248792922602417,0.5278473586035246,-0.023107581065499597,-0.040700213202759274,0.17634672006353516,-0.0005432582713674299,-7.875616664730295e-05,0.0004129868107393598,-7.648241665039839e-05,-1.33271210424733e-07,-0.01955825661383886,-0.03444866045481545,0.14925986386177617,-0.00045981380088539267,0.0013680002582986677,0.04141824821014691,-0.13814353444373662,-0.07237544149291396,-0.029738418097175152,-0.02364709744309659,0.003233130213469233,-0.006099354718816525,-0.006842733646780653,-0.005819998728749893,-0.000433698342884875,-2.0917963336226863e-06
384.96000000000004,0.92,0.025,0.009797958971132711,0.5248792922602417,0.5278473586035246,-0.023120148623887435,-0.040634179880090396,0.17633417232730098,-0.0005432749628409686,-7.833847584403325e-05,0.0004124297594189532,-7.638402149618656e-05,-1.3310386665758176e-07,-0.019568893795258325,-0.034392769850508514,0.14924924345782756,-0.0004598279285485958,0.0014050266370192112,0.04137164926693584,-0.13813372785703198,-0.07237024842055147,-0.029711387089270663,-0.02359027903770427,0.0032289710973609034,-0.006091507683894206,-0.006838861385142086,-0.005819090435304657,-0.00043317120761231703,-2.0894131495571592e-06
385.12,0.92,0.025,0.009797958971132711,0.5248792922602417,0.5278473586035246,-0.023132649429772525,-0.0405682356679598,0.17632163936134054,-0.0005432915420172224,-7.792176009415799e-05,0.00041187292907431567,-7.628620649023449e-05,-1.3293778058648627e-07,-0.019579474477359467,-0.034336954669361174,0.14923863555543865,-0.0004598419611633771,0.0014419640114803557,0.04132509271777036,-0.13812393277567322,-0.0723650615335527,-0.029684332811536845,-0.023533547934430746,0.0032248365254753226,-0.006083706904502556,-0.00683498234180365,-0.005818172927155491,-0.0004326472513079326,-2.08704600429078e-06
385.28,0.92,0.025,0.009797958971132711,0.5248792922602417,0.5278473586035246,-0.02314508363903443,-0.0405023805309809,0.17630912108597185,-0.000543308009418996,-7.750601778566233e-05,0.000411316320086097,-7.618896912420857e-05,-1.3277294584336525e-07,-0.019589998792078744,-0.03428121488142224,0.14922804008716659,-0.00045985589917223825,0.0014788125184547285,0.04127857859905301,-0.13811414913755757,-0.07235988079861402,-0.029657255362136096,-0.023476904020273855,0.003220726391618638,-0.006075952180689991,-0.0068310965236672684,-0.005817246173765887,-0.00043212646074992353,-2.084694829097679e-06
385.44000000000005,0.92,0.025,0.009797958971132711,0.5248792922602417,0.5278473586035246,-0.023157451407294905,-0.04043661443370634,0.17629661742190936,-0.0005433243655707616,-7.709124730793997e-05,0.00041075993283303176,-7.609230689318003e-05,-1.326093560741578e-07,-0.019600466871134408,-0.03422555045668905,0.14921745698590408,-0.0004598697430190926,0.0015155722945378453,0.0412321069470326,-0.1381043768808929,-0.07235470618259422,-0.0296301548390184,-0.023420347182263695,0.0032166405897415735,-0.00606824331277612,-0.0068272039377239935,-0.005816310144585924,-0.0004316088227285493,-2.082359555313096e-06
385.6,0.92,0.025,0.009797958971132711,0.5248792922602417,0.5278473586035246,-0.023169752889918117,-0.04037093734062833,0.17628412829026105,-0.000543340610998565,-7.66774470517926e-05,0.0004102037676919432,-7.599621729566645e-05,-1.32447004938811e-07,-0.019610878846026695,-0.03416996136510782,0.14920688618487696,-0.00045988349314918546,0.0015522434761481255,0.04118567779780454,-0.13809461594419567,-0.0723495376525133,-0.029603031339921683,-0.023363877307462772,0.0032125790139411804,-0.006060580101355057,-0.0068233045910541116,-0.005815364809052665,-0.000431094324046405,-2.080040114334306e-06
385.76,0.92,0.025,0.009797958971132711,0.5248792922602417,0.5278473586035246,-0.023181988242010877,-0.04030534921617892,0.17627165361252564,-0.000543356746230135,-7.626461540942921e-05,0.00040964782503774707,-7.590069783367424e-05,-1.3228588611135165e-07,-0.01962123484803801,-0.034114447576573836,0.1491963276176417,-0.0004598971500091863,0.001588826199526992,0.041139291187311175,-0.13808486626628855,-0.07234437517555121,-0.029575884962372123,-0.023307494282966072,0.003208541558462627,-0.006052962347298803,-0.006819398490827249,-0.0058144101365905625,-0.0004305829515187043,-2.077736437622537e-06
385.9200000000001,0.92,0.025,0.009797958971132711,0.5248792922602417,0.5278473586035246,-0.023194157618422865,-0.040239850024730364,0.1762591933105899,-0.0005433727717947986,-7.585275077446532e-05,0.0004090921052434556,-7.580574601273941e-05,-1.321259932801932e-07,-0.019631535008233114,-0.03405900906093178,0.1491857812180833,-0.00045991071404711756,0.001625320600738873,0.04109294715134218,-0.13807512778629835,-0.0723392187190469,-0.029548715803684518,-0.023251197995901182,0.003204528117700951,-0.006045389851760496,-0.0068154856443024886,-0.005813446096611864,-0.0004300746919735525,-2.075448456705707e-06
386.08000000000004,0.92,0.025,0.009797958971132711,0.5248792922602417,0.5278473586035246,-0.023206261173746842,-0.04017443973059534,0.17624674730672624,-0.0005433886882235072,-7.544185154192225e-05,0.00040853660868018116,-7.571135934196922e-05,-1.3196732014799762e-07,-0.01964177945745933,-0.0340036457879759,0.1491752469204131,-0.0004599241857123765,0.0016617268156712893,0.04104664572553476,-0.1380654004436542,-0.07233406825049725,-0.02952152396096259,-0.023194988333428385,0.003200538586202793,-0.006037862416177738,-0.006811566058828458,-0.005812472658517011,-0.00042956953225222253,-2.0731761031789193e-06
386.24,0.92,0.025,0.009797958971132711,0.5248792922602417,0.5278473586035246,-0.023218299062318887,-0.040109118298027324,0.17623431552358942,-0.0005434044960488208,-7.503191610822646e-05,0.00040798133571714047,-7.561753533408426e-05,-1.3180986043207104e-07,-0.01965196832634671,-0.03394835772745033,0.1491647246591661,-0.0004599375654557219,0.0016980449800348845,0.04100038694537409,-0.1380556841780849,-0.07232892373755569,-0.029494309531099366,-0.023138865182740796,0.0031965728586682094,-0.006030379842275934,-0.006807639741843456,-0.005811489791695055,-0.00042906745920943815,-2.0709193087079113e-06
386.4,0.92,0.025,0.009797958971132711,0.5248792922602417,0.5278473586035246,-0.023230271438218625,-0.04004388569122089,0.17622189788421433,-0.0005434201958049087,-7.462294287120885e-05,0.00040742628672165793,-7.552427150545773e-05,-1.3165360786424069e-07,-0.019662101745308243,-0.03389314484904936,0.149154214369199,-0.00045995085372927476,0.0017342752293634744,0.04095417084619366,-0.13804597892961717,-0.07232378514803132,-0.02946707261077747,-0.023082828431064413,0.00319263082995231,-0.006022941932071435,-0.006803706700875516,-0.005810497465524056,-0.00042856845971363483,-2.06867800502952e-06
386.56000000000006,0.92,0.025,0.009797958971132711,0.5248792922602417,0.5278473586035246,-0.02324217845526945,-0.03997874187431195,0.17620949431201396,-0.0005434357880275411,-7.42149302301039e-05,0.00040687146205917,-7.543156537615855e-05,-1.3149855619103384e-07,-0.019672179844540064,-0.033838007122417635,0.14914371598568862,-0.0004599640509865108,0.0017704176990141368,0.0409079974631755,-0.1380362846385742,-0.07231865244988814,-0.02943981329646951,-0.023026877965658263,0.0031887123950670978,-0.006015548487874977,-0.0067997669435425345,-0.005809495649371503,-0.0004280725206472446,-2.066452123953906e-06
386.72,0.92,0.025,0.009797958971132711,0.5248792922602417,0.5278473586035246,-0.023254020267038742,-0.03991368681137811,0.17619710473077552,-0.0005434512732540856,-7.380787658554918e-05,0.0004063168620932287,-7.5339414469989e-05,-1.3134469917380863e-07,-0.01968220275402159,-0.03378294451715043,0.1491332294441284,-0.00045997715768225807,0.0018064725241672128,0.04086186683135057,-0.13802660124557245,-0.07231352561124328,-0.02941253168443837,-0.022971013673814506,0.0031848174491830544,-0.00600819931229467,-0.006795820477552351,-0.005808484312594719,-0.0004275796289069534,-2.0642415973664625e-06
386.88,0.92,0.025,0.009797958971132711,0.5248792922602417,0.5278473586035246,-0.02326579702683809,-0.039848720466438975,0.17618472906465876,-0.0005434666520235062,-7.34017803395844e-05,0.00040576248718550564,-7.524781631452821e-05,-1.3119203058894924e-07,-0.01969217060351576,-0.03372795700279395,0.14912275468032718,-0.0004599901742726957,0.0018424398398263792,0.04081577898559913,-0.13801692869152035,-0.07230840460036653,-0.029385227870737583,-0.022915235442858502,0.0031809458876309966,-0.006000894208239467,-0.006791867310702847,-0.00580746342454127,-0.0004270897714039849,-2.0620463572301327e-06
387.03999999999996,0.92,0.025,0.009797958971132711,0.5248792922602417,0.5278473586035246,-0.023277508887723515,-0.039783842803456426,0.17617236723819335,-0.0005434819248763362,-7.299663989565077e-05,0.0004052083376957956,-7.515676844116931e-05,-1.3104054422779585e-07,-0.019702083522569185,-0.033673044548845524,0.14911229163040685,-0.00046000310121533094,0.0018783197808186992,0.040769733960650964,-0.13800726691761642,-0.07230328938567906,-0.029357901951211646,-0.02285954316014895,0.003177097605903635,-0.005993632978922131,-0.006787907450882034,-0.0058064329545493894,-0.00042660293506435244,-2.059866335586093e-06
387.20000000000005,0.92,0.025,0.009797958971132711,0.5248792922602417,0.5278473586035246,-0.023289156002495724,-0.03971905378633491,0.17616001917627505,-0.0005434970923546955,-7.25924536585903e-05,0.0004046544139820208,-7.506626838516146e-05,-1.3089023389680339e-07,-0.019711941640512383,-0.03361820712475387,0.1491018402307992,-0.0004600159389690143,0.001914112481794703,0.040723731791085814,-0.137997615865346,-0.07229817993575204,-0.029330554021496376,-0.022803936713077975,0.0031732724996573515,-0.0059864154278625875,-0.006783940906068141,-0.005805392871948391,-0.00042611910682914024,-2.0577014645559247e-06
387.36,0.92,0.025,0.009797958971132711,0.5248792922602417,0.5278473586035246,-0.023300738523700293,-0.039654353378921786,0.17614768480416598,-0.0005435121550022771,-7.218922003464503e-05,0.0004041007164002341,-7.497631368564963e-05,-1.3074109341785452e-07,-0.01972174508645993,-0.0335634446999194,0.1490914004182461,-0.00046002868799392737,0.0019498180772283779,0.04067777251133365,-0.13798797547648176,-0.07229307621930654,-0.02930318417701921,-0.022748415989071225,0.003169470464713909,-0.005979241358891079,-0.006779967684329696,-0.00580434314605907,-0.0004256382736547617,-2.055551676344483e-06
387.52,0.92,0.025,0.009797958971132711,0.5248792922602417,0.5278473586035246,-0.023312256603627915,-0.039589741545007544,0.17613536404748828,-0.0005435271133643291,-7.178693743145625e-05,0.00040354724530462354,-7.488690188571218e-05,-1.3059311662799058e-07,-0.019731493989310667,-0.033508757243694384,0.1490809721297941,-0.0004600413487515682,0.0019854367014172972,0.04063185615567497,-0.13797834569307843,-0.07228797820521113,-0.029275792512999613,-0.022692980875588,0.003165691397062005,-0.005972110576151179,-0.006775987793825622,-0.005803283746194155,-0.0004251604225132216,-2.053416903239529e-06
387.68000000000006,0.92,0.025,0.009797958971132711,0.5248792922602417,0.5278473586035246,-0.023323710394314613,-0.039525218248326215,0.17612305683222498,-0.0005435419679876769,-7.138560425806392e-05,0.00040299400104751553,-7.479803053240204e-05,-1.3044629737995057e-07,-0.01974118847774789,-0.03345414472538331,0.14907055530279523,-0.0004600539217047698,0.0020209684884825983,0.04058598275824121,-0.1379687264574738,-0.07228288586248209,-0.029248379124449327,-0.022637631260121305,0.0031619351928590567,-0.005965022884103064,-0.006772001242805312,-0.005802214641658691,-0.0004246855403923813,-2.051297077615976e-06
387.84000000000003,0.92,0.025,0.009797958971132711,0.5248792922602417,0.5278473586035246,-0.023335100047541975,-0.03946078345255557,0.17611076308471518,-0.0005435567194206798,-7.098521892490567e-05,0.000402440983979379,-7.470969717678556e-05,-1.3030062954182903e-07,-0.01975082868023953,-0.033399607114243036,0.14906014987490293,-0.0004600664073176634,0.002056413572369087,0.040540152353015016,-0.13795911771228458,-0.07227779916028146,-0.029220944106172764,-0.02258236703019799,0.003158201748432805,-0.005957978087526612,-0.006768008039608696,-0.00580113580175048,-0.000424213614296223,-2.0491921319350364e-06
388.0,0.92,0.025,0.009797958971132711,0.5248792922602417,0.5278473586035246,-0.02334642571483736,-0.03939643712131745,0.17609848273165304,-0.0005435713682132431,-7.058577984381632e-05,0.000401888194448829,-7.462189937398132e-05,-1.3015610699762853e-07,-0.019760414725038342,-0.03334514437948309,0.14904975578407115,-0.00046007880605568893,0.002091772086845276,0.040494364973830535,-0.13794951940040598,-0.07227271806791673,-0.029193487552767315,-0.022527188073378838,0.0031544909602829996,-0.005950975991524496,-0.0067640081926663405,-0.005800047195760505,-0.0004237446312451061,-2.0471019987485104e-06
388.15999999999997,0.92,0.025,0.009797958971132711,0.5248792922602417,0.5278473586035246,-0.02335768754747414,-0.03933217921817808,0.1760862157000844,-0.0005435859149168289,-7.018728542802689e-05,0.00040133563280263083,-7.453463468319803e-05,-1.3001272364688779e-07,-0.019769946740182114,-0.03329075649026593,0.14903937296855144,-0.000460091118385604,0.002127044165503429,0.0404486206543738,-0.13793993146500882,-0.07226764255483929,-0.02916600955862373,-0.022472094277258662,0.003150802725082959,-0.005944016401525212,-0.006760001710499508,-0.005798948792973347,-0.0004232785782760229,-2.0450266106978506e-06
388.32000000000005,0.92,0.025,0.009797958971132711,0.5248792922602417,0.5278473586035246,-0.02336888569647192,-0.03926800970664835,0.17607396191740504,-0.0005436003600844011,-6.978973409216407e-05,0.0004007832993857035,-7.444790066777489e-05,-1.2987047340526297e-07,-0.019779424853493835,-0.03323644341570717,0.14902900136689162,-0.0004601033447754371,0.0021622299417596333,0.040402919428183054,-0.13793035384953825,-0.07226257259064385,-0.029138510217926385,-0.02241708552946641,0.0031471369396813224,-0.005937099123286281,-0.00675598860172023,-0.005797840562667612,-0.00042281544244286473,-2.0429659005184898e-06
388.48,0.92,0.025,0.009797958971132711,0.5248792922602417,0.5278473586035246,-0.023380020312596745,-0.0392039285501841,0.1760617213113571,-0.000543614704270478,-6.939312425224934e-05,0.00040023119454112363,-7.436169489521831e-05,-1.2972935020424438e-07,-0.019788849192581885,-0.033182205124875824,0.14901864091793265,-0.0004601154856945326,0.0021973295488538318,0.040357261328649016,-0.1379207864977109,-0.07225750814506687,-0.029110989624653673,-0.022362161717665266,0.0031434935011035777,-0.0059302239628971935,-0.006751968875031381,-0.005796722474116356,-0.00042235521081667116,-2.040919801039486e-06
388.64,0.92,0.025,0.009797958971132711,0.5248792922602417,0.5278473586035246,-0.023391091546361348,-0.039139935712186436,0.17604949381002793,-0.0005436289480310707,-6.899745432569815e-05,0.00039967931861012917,-7.427601493724154e-05,-1.2958934799148703e-07,-0.019798219884840245,-0.0331280415867946,0.14900829156080767,-0.0004601275416134983,0.0022323431198498886,0.04031164638901527,-0.13791122935351408,-0.0722524491879862,-0.029083447872578296,-0.022307322729552714,0.0031398723065537456,-0.005923390726782553,-0.006747942539226738,-0.005795594496587514,-0.00042189787048589004,-2.0388882451863914e-06
388.80000000000007,0.92,0.025,0.009797958971132711,0.5248792922602417,0.5278473586035246,-0.023402099548025343,-0.039076031156002,0.1760372793418471,-0.000543643091923697,-6.860272273131942e-05,0.00039912767193212343,-7.419085836980128e-05,-1.294504607308191e-07,-0.01980753705744865,-0.0330739527704401,0.1489979532349394,-0.00046013951300421716,0.0022672707876356425,0.040266074642378524,-0.13790168236120323,-0.0722473956894197,-0.029055885055267645,-0.022252568452860704,0.0031362732534159364,-0.005916599221705007,-0.006743909603191058,-0.005794456599344336,-0.00042144340855662486,-2.0368711659824395e-06
388.96000000000004,0.92,0.025,0.009797958971132711,0.5248792922602417,0.5278473586035246,-0.023413044467595488,-0.0390122148449233,0.17602507783558435,-0.000543657136507414,-6.820892788931441e-05,0.00039857625484467855,-7.410622277313713e-05,-1.2931268240234798e-07,-0.019816800837372823,-0.033019938644743084,0.1489876258800386,-0.00046015140033987524,0.002302112684922962,0.040220546121688995,-0.1378921454653007,-0.07224234761952456,-0.02902830126608409,-0.022197898775355673,0.0031326962392560108,-0.005909849254768377,-0.006739870075900129,-0.0057933087516458,-0.0004209918121528954,-2.0348684965503748e-06
389.12,0.92,0.025,0.009797958971132711,0.5248792922602417,0.5278473586035246,-0.02342392645482587,-0.03894848674218895,0.1760128892203464,-0.0005436710823427363,-6.781606822127631e-05,0.0003980250676835395,-7.402210573180736e-05,-1.2917600700260186e-07,-0.019826011351364616,-0.03296599917858872,0.1489773094361012,-0.000460163204094892,0.0023368689442478004,0.04017506085975068,-0.13788261861059278,-0.07223730494859586,-0.02900069659818536,-0.02214331358483872,0.003129141161823104,-0.00590314063342053,-0.006735823966420835,-0.005792150922747062,-0.0004205430684168808,-2.0328801701141613e-06
389.28,0.92,0.025,0.009797958971132711,0.5248792922602417,0.5278473586035246,-0.023434745659218128,-0.038884846810983996,0.17600071342557563,-0.0005436849299916472,-6.742414215018932e-05,0.0003974741107826277,-7.393850483472869e-05,-1.290404285445755e-07,-0.019835168725962225,-0.032912134340816857,0.14896700384340722,-0.0004601749247449302,0.0023715396979702287,0.04012961888922168,-0.13787310174212897,-0.07223226764706613,-0.028973071144524822,-0.02208881276914564,0.003125607919051303,-0.005896473165456526,-0.0067317712839112176,-0.005790983081899885,-0.0004200971645091796,-2.0309061200004007e-06
389.44000000000005,0.92,0.025,0.009797958971132711,0.5248792922602417,0.5278473586035246,-0.023445502230021724,-0.03882129501444022,0.17598855038104685,-0.000543698680017669,-6.703314810042765e-05,0.00039692338447404476,-7.385541767521129e-05,-1.2890594105781026e-07,-0.01984427308749039,-0.0328583441002222,0.14895670904251807,-0.00046018656276695507,0.0024061250782745343,0.04008422024261457,-0.13786359480521934,-0.07222723568550396,-0.02894542499785186,-0.022034396216147025,0.0031220964090611283,-0.005889846659021431,-0.006727712037620517,-0.005789805198353054,-0.00041965408760904815,-2.028946279640041e-06
389.6,0.92,0.025,0.009797958971132711,0.5248792922602417,0.5278473586035246,-0.023456196316234103,-0.0387578313156364,0.17597640001686599,-0.0005437123329857451,-6.664308449775525e-05,0.00039637288908807636,-7.377284185099837e-05,-1.2877253858856275e-07,-0.019853324562060546,-0.03280462842555465,0.14894642497427538,-0.0004601981186391347,0.00244062521716923,0.04003886495229668,-0.13785409774543367,-0.07222220903461352,-0.028917758250712182,-0.021980063813748413,0.003118606530161215,-0.005883260922613454,-0.00672364623688924,-0.005788617241352842,-0.00041921382491466017,-2.02700058257018e-06
389.76,0.92,0.025,0.009797958971132711,0.5248792922602417,0.5278473586035246,-0.023466828066600963,-0.03869445567759861,0.17596426226346687,-0.0005437258894622831,-6.62539497693246e-05,0.00039582262495319596,-7.36907749643013e-05,-1.286402151999375e-07,-0.019862323275571057,-0.032750987285519464,0.14893615157979836,-0.0004602095928408765,0.0024750402464871375,0.0399935530504904,-0.13784461050859856,-0.0722171876652331,-0.028890070995448165,-0.021925815449890324,0.003115138180849804,-0.005876715765086754,-0.006719573891149201,-0.005787419180143422,-0.00041877636364334476,-2.0250689624360036e-06
389.9200000000001,0.92,0.025,0.009797958971132711,0.5248792922602417,0.5278473586035246,-0.023477397629616436,-0.03863116806330054,0.1759521370516098,-0.0005437393500151752,-6.586574234367616e-05,0.0003952725923960685,-7.360921462183653e-05,-1.2850896497178968e-07,-0.019871269353707352,-0.03269742064877758,0.14892588880048255,-0.0004602209858528443,0.0025093702978854237,0.03994828456927351,-0.13783513304079673,-0.07221217154833477,-0.028862363324199187,-0.021871651012548395,0.0031116912598162885,-0.005870210995654389,-0.006715495009923574,-0.005786210983967315,-0.00041834169103183063,-2.023151352991365e-06
390.08000000000004,0.92,0.025,0.009797958971132711,0.5248792922602417,0.5278473586035246,-0.023487905153523347,-0.03856796843566371,0.17594002431237885,-0.0005437527152137156,-6.547846065073742e-05,0.0003947227917415543,-7.352815843486376e-05,-1.2837878200095028e-07,-0.01988016292194216,-0.03264392848394576,0.14891563657799747,-0.0004602322981568889,0.002543615502845681,0.03990305954057954,-0.1378256652883646,-0.07220716065502303,-0.02883463532890196,-0.02181757038973344,0.0031082656659428415,-0.005863746423891347,-0.00671140960282694,-0.00578499262206583,-0.00041790979433650103,-2.0212476881009926e-06
390.24,0.92,0.025,0.009797958971132711,0.5248792922602417,0.5278473586035246,-0.02349835078631342,-0.03850485675755785,0.17592792397717902,-0.00054376598562867,-6.509210312182237e-05,0.00039417322331271245,-7.34476040192216e-05,-1.2824966040133404e-07,-0.01988900410553568,-0.032590510759596965,0.14890539485428433,-0.0004602435302361063,0.0025777759926739574,0.039857877996198,-0.13781620719789028,-0.07220215495653379,-0.028806887101290837,-0.021763573469491586,0.003104861298305926,-0.0058573218597374015,-0.006707317679565319,-0.005783764063679504,-0.0004174806608336329,-2.0193579017423445e-06
390.4,0.92,0.025,0.009797958971132711,0.5248792922602417,0.5278473586035246,-0.023508734675727484,-0.03844183299180111,0.17591583597773633,-0.0005437791618321963,-6.470666818963039e-05,0.00039362388743080485,-7.336754899536258e-05,-1.2812159430409247e-07,-0.019897793029535742,-0.03253716744426046,0.14889516357155605,-0.00046025468257477096,0.0026118518985008177,0.03981273996777479,-0.13780675871621348,-0.07219715442423433,-0.028779118732898182,-0.02170966013990432,0.003101478056177783,-0.0058509371134998845,-0.0067032192499362235,-0.005782525278048535,-0.0004170542778196268,-2.0174819280073093e-06
390.56000000000006,0.92,0.025,0.009797958971132711,0.5248792922602417,0.5278473586035246,-0.023519056969255735,-0.038378897101160415,0.1759037602460926,-0.0005437922443979129,-6.43221542882458e-05,0.0003930747844153,-7.32879909883927e-05,-1.2799457785745881e-07,-0.019906529818778055,-0.03248389850642218,0.1488849426722928,-0.0004602657556583935,0.0026458433512814147,0.039767645486812477,-0.13779731979042145,-0.07219215902962124,-0.028751330315054696,-0.021655830289088636,0.003098115839028085,-0.005844591995856863,-0.006699114323828684,-0.0057812762344132355,-0.00041663063261127486,-2.0156197011026774e-06
390.72,0.92,0.025,0.009797958971132711,0.5248792922602417,0.5278473586035246,-0.02352931781413792,-0.038316049048351696,0.1758916967146054,-0.0005438052339008131,-6.393855985313675e-05,0.00039252591458387637,-7.320892762810353e-05,-1.2786860522711845e-07,-0.019915214597886338,-0.03243070391452488,0.148874732099242,-0.0004602767499736482,0.0026797504817955243,0.03972259458467058,-0.137787890367849,-0.07218716874432032,-0.028723521938889704,-0.02160208380519707,0.0030947745465253196,-0.005838286317859674,-0.0066950029112232915,-0.005780016902014469,-0.000416209712545973,-2.0137711553530062e-06
390.88,0.92,0.025,0.009797958971132711,0.5248792922602417,0.5278473586035246,-0.023539517357363565,-0.03825328879604021,0.17587964531594585,-0.0005438181309172993,-6.355588332115465e-05,0.00039197727825242637,-7.313035654901149e-05,-1.2774367059618277e-07,-0.019923847491272524,-0.03237758363696844,0.1488645317954166,-0.00046028766600840216,0.002713573420647604,0.03967758729256593,-0.1377784703960768,-0.07218218354008575,-0.02869569369533154,-0.021548420576417832,0.0030914540785384383,-0.005832019890936071,-0.006690885022192234,-0.005778747250094095,-0.00041579150498198,-2.011936225201678e-06
391.03999999999996,0.92,0.025,0.009797958971132711,0.5248792922602417,0.5278473586035246,-0.02354965574567222,-0.038190616306840806,0.1758676059830953,-0.000543830936025177,-6.317412313053326e-05,0.0003914288757350601,-7.305227539039154e-05,-1.2761976816516862e-07,-0.019932428623136968,-0.03232453764211006,0.14885434170409187,-0.0004602985042517098,0.002747312298266872,0.03963262364157299,-0.13776905982292859,-0.07217720338879866,-0.02866784567510786,-0.021494840490974894,0.0030881543351382796,-0.005825792526892906,-0.00668676066689931,-0.005777467247895423,-0.0004153759972986472,-2.0101148452118218e-06
391.20000000000005,0.92,0.025,0.009797958971132711,0.5248792922602417,0.5278473586035246,-0.023559733125553657,-0.038128031543318223,0.1758555786493445,-0.0005438436498036002,-6.279327772088806e-05,0.00039088070734410893,-7.297468179631347e-05,-1.2749689215221243e-07,-0.019940958117468616,-0.03227156589826455,0.1488441617688052,-0.0004603092651937672,0.0027809672449073414,0.03958770366262411,-0.13775965859647077,-0.07217222826246682,-0.028639977968745952,-0.021441343437128075,0.003084875216599112,-0.005819604037919024,-0.006682629855599977,-0.005776176864663652,-0.00041496317689665636,-2.008306950068447e-06
391.36,0.92,0.025,0.009797958971132711,0.5248792922602417,0.5278473586035246,-0.023569749643248077,-0.03806553446798737,0.17584356324829126,-0.0005438562728331275,-6.241334553321512e-05,0.0003903327733901292,-7.289757341567692e-05,-1.2737503679326985e-07,-0.019949436098045174,-0.03221866837370451,0.14883399193335373,-0.00046031994932595915,0.0028145383906478592,0.0395428273865099,-0.1377502666650104,-0.07216725813322375,-0.02861209066657309,-0.021387929303173115,0.003081616623400125,-0.005813454236588045,-0.006678492598641357,-0.005774876069646313,-0.00041455303119825433,-2.0065124745807625e-06
391.52,0.92,0.025,0.009797958971132711,0.5248792922602417,0.5278473586035246,-0.023579705444746378,-0.03800312504331359,0.17583155971383796,-0.0005438688056956645,-6.20343250098907e-05,0.000389785074181906,-7.282094790224842e-05,-1.2725419634198442e-07,-0.019957862688433334,-0.032165845036660624,0.14882383214179246,-0.00046033055714081043,0.002848025865392221,0.03949799484387953,-0.1377408839770933,-0.07216229297332759,-0.028584183858716854,-0.02133459797744181,0.003078378456226982,-0.0058073429358613295,-0.006674348906462272,-0.005773564832093738,-0.00041414554764749906,-2.00473135368238e-06
391.68000000000006,0.92,0.025,0.009797958971132711,0.5248792922602417,0.5278473586035246,-0.02358960067579034,-0.03794080323171297,0.1758195679801904,-0.0005438812489744742,-6.16562145946701e-05,0.000389237610026457,-7.274480291469492e-05,-1.2713436506980293e-07,-0.019966238011988945,-0.032113095855321856,0.14881368233843317,-0.00046034108913199504,0.0028814297988691744,0.03945320606524099,-0.13773151048150328,-0.07215733275516069,-0.028556257635105477,-0.021281349348302073,0.003075160615973241,-0.0058012699490906485,-0.00667019878959326,-0.005772243121259494,-0.0004137407137104825,-2.0029635224330004e-06
391.84000000000003,0.92,0.025,0.009797958971132711,0.5248792922602417,0.5278473586035246,-0.023599435481872842,-0.037878568995552656,0.1758075879818548,-0.0005438936032541368,-6.127901273268702e-05,0.0003886903812290356,-7.266913611661732e-05,-1.2701553726623446e-07,-0.019974562191857174,-0.03206042079783577,0.14880354246784191,-0.0004603515457943014,0.002914750320632473,0.03940846108096154,-0.13772214612725941,-0.07215237745122838,-0.028528312085468122,-0.021228183304158002,0.0030719630037417856,-0.005795235090020847,-0.006666042258656583,-0.005770910906400826,-0.0004133385168755585,-2.0012089160208215e-06
392.0,0.92,0.025,0.009797958971132711,0.5248792922602417,0.5278473586035246,-0.023609210008238114,-0.03781642229715104,0.17579561965363716,-0.0005439058691206025,-6.0902717870452794e-05,0.00038814338809313535,-7.259394517659033e-05,-1.2689770723872716e-07,-0.01998283535097274,-0.032007819832308645,0.1487934124748385,-0.000460361927623678,0.002947987560060981,0.03936375992126785,-0.13771279086361599,-0.07214742703415868,-0.028500347299335285,-0.021175099733450022,0.0030687855208464975,-0.0057892381727930355,-0.0066618793243662525,-0.005769568156779135,-0.000412938944653599,-1.9994674697630608e-06
392.15999999999997,0.92,0.025,0.009797958971132711,0.5248792922602417,0.5278473586035246,-0.023618924399881922,-0.03775436309877813,0.17578366293064016,-0.0005439180471611188,-6.0527328455855415e-05,0.00038759663092049313,-7.251922776819227e-05,-1.2678086931292574e-07,-0.01999105761206006,-0.03195529292680581,0.14878329230449383,-0.0004603722351171709,0.0029811416463586897,0.03931910261624641,-0.1377034446400598,-0.07214248147670112,-0.028472363366039075,-0.021122098524654947,0.003065628068813533,-0.0057832790119469535,-0.0066577099975280414,-0.005768214841660414,-0.00041254198457820124,-1.99773911910822e-06
392.32000000000005,0.92,0.025,0.009797958971132711,0.5248792922602417,0.5278473586035246,-0.023628578801551815,-0.03769239136265576,0.17577171774826197,-0.000543930137964252,-6.0152842938158825e-05,0.00038705011001109285,-7.244498157004322e-05,-1.2666501783263123e-07,-0.019999229097633457,-0.03190284004935184,0.14877318190212893,-0.0004603824687729429,0.0030142127085547995,0.03927448919584384,-0.13769410740630925,-0.0721375407517261,-0.028444360374713533,-0.02106917956628605,0.003062490549382923,-0.005777357422424021,-0.006653534289039481,-0.005766850930315711,-0.0004121476242059359,-1.99602379963698e-06
392.48,0.92,0.025,0.009797958971132711,0.5248792922602417,0.5278473586035246,-0.02363817335774733,-0.03763050705095794,0.17575978404219458,-0.0005439421421198676,-5.9779259768002124e-05,0.00038650382566316946,-7.23712042658366e-05,-1.2655014715993796e-07,-0.02000734992999734,-0.031850461167930805,0.1487630812133135,-0.00046039262909025597,0.003047200875503749,0.039229919689867145,-0.13768477911231314,-0.07213260483222436,-0.028416338414295014,-0.0210163427468932,0.003059372864509922,-0.005771473219569846,-0.00664935220988988,-0.005765476392021574,-0.0004117558511165599,-1.9943214470639045e-06
392.64,0.92,0.025,0.009797958971132711,0.5248792922602417,0.5278473586035246,-0.023647708212720216,-0.03756871012581109,0.17574786174842136,-0.0005439540602190942,-5.940657739739867e-05,0.0003859577781732122,-7.229789354437571e-05,-1.264362516753001e-07,-0.020015420231246393,-0.03179815625048651,0.14875299018386384,-0.0004604027165694413,0.003080106275885298,0.039185394127984094,-0.1376754597082486,-0.0721276736913059,-0.028388297573522455,-0.020963587955062896,0.0030562749163665446,-0.005765626219137148,-0.006645163771160317,-0.005764091196060518,-0.0004113666529132591,-1.992631997238805e-06
392.80000000000007,0.92,0.025,0.009797958971132711,0.5248792922602417,0.5278473586035246,-0.02365718351047465,-0.03750700054929433,0.17573595080321575,-0.0005439658928543783,-5.903479427973529e-05,0.0003854119678359686,-7.222504709960858e-05,-1.2632332577764748e-07,-0.020023440123265745,-0.031745925264922724,0.1487429087598418,-0.0004604127317119458,0.0031129290382045658,0.0391409125397235,-0.13766614914452027,-0.07212274730219952,-0.028360237940937748,-0.0209109150794184,0.0030531966073430498,-0.0057598162372885274,-0.006640968984023652,-0.005762695311721475,-0.00041098001722287723,-1.9909553861485423e-06
392.96000000000004,0.92,0.025,0.009797958971132711,0.5248792922602417,0.5278473586035246,-0.023666599394767472,-0.03744537828343977,0.1757240511431391,-0.0005439776406194261,-5.86639088697714e-05,0.0003848663949444479,-7.215266263065866e-05,-1.262113638843512e-07,-0.020031409727731188,-0.031693768179103424,0.14873283688755295,-0.00046042267502028223,0.003145669290792104,0.03909647495447551,-0.13765684737175837,-0.07211782563825177,-0.02833215960488604,-0.020858324008619797,0.003050137840049226,-0.00575404309059892,-0.006636767859744518,-0.005761288708300258,-0.00041059593169612556,-1.989291549917656e-06
393.12,0.92,0.025,0.009797958971132711,0.5248792922602417,0.5278473586035246,-0.02367595600910838,-0.037383843290232775,0.17571216270503984,-0.000543989304109182,-5.829391962363835e-05,0.0003843210597899248,-7.208073784186343e-05,-1.2610036043156877e-07,-0.020039329166109333,-0.031641684960853025,0.14872277451354574,-0.00046043254699801165,0.0031783271618039464,0.03905208140149194,-0.1376475543408182,-0.07211290867292683,-0.028304062653516062,-0.0208058146313641,0.0030470985173160496,-0.005748306596058664,-0.006632560409679312,-0.0057598713551000125,-0.00041021438400783226,-1.987640424811349e-06
393.28,0.92,0.025,0.009797958971132711,0.5248792922602417,0.5278473586035246,-0.023685253496760175,-0.03732239553161223,0.17570028542605096,-0.0005440008839198512,-5.792482499883833e-05,0.00038377596266194326,-7.200927044280531e-05,-1.2599030987401056e-07,-0.020047198559657812,-0.03158967557795659,0.14871272158460955,-0.00046044234814976204,0.0032109027792216814,0.03900773190988655,-0.1376382700027782,-0.07210799637980536,-0.028275947174780488,-0.020753386836385307,0.0030440785421969674,-0.005742606571075976,-0.006628346645276198,-0.005758443221431694,-0.00040983536185715236,-1.9860019472351767e-06
393.44000000000005,0.92,0.025,0.009797958971132711,0.5248792922602417,0.5278473586035246,-0.023694492000738948,-0.037261034969470835,0.17568841924358802,-0.0005440123806488518,-5.75566234542438e-05,0.00038323110384831975,-7.193825814834585e-05,-1.2588120668517598e-07,-0.020055018029425446,-0.03153773999816012,0.1487026780477729,-0.0004604520789811882,0.0032433962708524697,0.03896342650863539,-0.13762899430893819,-0.07210308873258368,-0.028247813256436206,-0.020701040512454538,0.0030410778179693525,-0.0057369428334796725,-0.006624126578075096,-0.00575700427661451,-0.00040945885296779576,-1.9843760537372954e-06
393.6,0.92,0.025,0.009797958971132711,0.5248792922602417,0.5278473586035246,-0.023703671663814353,-0.037199761565655375,0.1756765640953488,-0.000544023794894868,-5.718931345009642e-05,0.00038268648363514726,-7.186769867866138e-05,-1.2577304535742363e-07,-0.02006278769625247,-0.03148587818917071,0.14869264385030323,-0.0004604617399990163,0.003275807764329171,0.03891916522657708,-0.13761972721081928,-0.07209818570507369,-0.028219660986044687,-0.020648775548380058,0.00303809624813602,-0.005731315201522008,-0.006619900219707653,-0.005755554489976395,-0.0004090848450882586,-1.9827626810099903e-06
393.76,0.92,0.025,0.009797958971132711,0.5248792922602417,0.5278473586035246,-0.023712792628509755,-0.03713857528196704,0.1756647199193108,-0.0005440351272577438,-5.682289344800636e-05,0.0003821421023067987,-7.179758975927363e-05,-1.2566582040200776e-07,-0.020070507680770656,-0.0314340901186569,0.14868261893970466,-0.0004604713317109544,0.003308137387110312,0.038874948092413146,-0.13761046866016183,-0.07209328727120179,-0.028191490450972308,-0.020596591833007414,0.003035133736426511,-0.005725723493881126,-0.006615667581897247,-0.0057540938308544565,-0.0004087133259920317,-1.981161765890595e-06
393.9200000000001,0.92,0.025,0.009797958971132711,0.5248792922602417,0.5278473586035246,-0.023721855037102512,-0.03707747608016158,0.17565288665372972,-0.0005440463783385469,-5.645736191095149e-05,0.0003815979601459308,-7.172792912108618e-05,-1.2555952634926122e-07,-0.020078178103403566,-0.03138237575424876,0.14867260326371684,-0.0004604808546257461,0.0033403852664802467,0.03883077513470827,-0.13760121860892435,-0.07208839340500832,-0.02816330173839065,-0.020544489255219508,0.0030321901867986487,-0.005720167529663948,-0.0066114286764589565,-0.005752622268595471,-0.00040834428347783934,-1.9795732453637154e-06
394.08000000000004,0.92,0.025,0.009797958971132711,0.5248792922602417,0.5278473586035246,-0.023730859031624158,-0.03701646392194973,0.1756410642371382,-0.0005440575487395373,-5.6092717303276324e-05,0.0003810540574334875,-7.165871450041601e-05,-1.2545415774848277e-07,-0.02008579908436669,-0.031330735063538256,0.1486625967703138,-0.00046049030925314445,0.0033725515295491195,0.03878664638189067,-0.13759197700928233,-0.07208350408064702,-0.028135094935276862,-0.020492467703936656,0.0030292655034398564,-0.005714647128408714,-0.006607183515299548,-0.0057511397725563095,-0.0004079777053698496,-1.977997056561475e-06
394.24,0.92,0.025,0.009797958971132711,0.5248792922602417,0.5278473586035246,-0.023739804753860626,-0.03695553876899736,0.17562925260834394,-0.0005440686390641603,-5.572895809069143e-05,0.00038051039444870355,-7.158994363902707e-05,-1.2534970916821775e-07,-0.020093370743667634,-0.031279168014079366,0.1486525994077023,-0.0004604996961039053,0.0034046363032529995,0.03874256186225233,-0.13758274381362687,-0.0720786192723842,-0.028106870128413952,-0.020440527068116707,0.0030263595907685974,-0.00570916211008763,-0.006602932110417441,-0.005749646312104441,-0.0004076135795178977,-1.976433136766079e-06
394.4,0.92,0.025,0.009797958971132711,0.5248792922602417,0.5278473586035246,-0.023748692345352488,-0.036894700582925835,0.1756174517064287,-0.0005440796499169832,-5.536608274027242e-05,0.0003799669714691082,-7.152161428416493e-05,-1.2524617519627443e-07,-0.02010089320110635,-0.031227674573388427,0.14864261112432126,-0.0004605090156897346,0.003436639714353885,0.03869852160394934,-0.13757351897456394,-0.07207373895459847,-0.028078627404391127,-0.02038866723675509,0.00302347235343583,-0.00570371229510965,-0.006598674473902689,-0.005748141856618367,-0.0004072518937977127,-1.97488142341076e-06
394.56000000000006,0.92,0.025,0.009797958971132711,0.5248792922602417,0.5278473586035246,-0.023757521947395145,-0.03683394932531223,0.17560566147074697,-0.0005440905819037559,-5.5004089720459175e-05,0.00037942378877052897,-7.145372418858723e-05,-1.2514355043964312e-07,-0.020108366576275252,-0.031176254708944275,0.14863263186884024,-0.00046051826852333897,0.0034685618894398,0.03865452563500225,-0.13756430244491333,-0.07206886310178012,-0.02805036684960412,-0.020336888098884957,0.0030206036963262915,-0.0056982975043229035,-0.006594410617936946,-0.00574662637548811,-0.00040689263611112206,-1.973341854080388e-06
394.72,0.92,0.025,0.009797958971132711,0.5248792922602417,0.5278473586035246,-0.023766293701039058,-0.03677328495768963,0.17559388184092334,-0.0005441014356313645,-5.464297750105488e-05,0.0003788808466270951,-7.138627111059933e-05,-1.2504182952471783e-07,-0.020115790988559458,-0.031124908388188505,0.14862266159015752,-0.00046052745511838695,0.003500402954924828,0.03861057398329624,-0.13755509417770642,-0.07206399168853003,-0.028022088550255522,-0.02028518954357719,0.003017753524560013,-0.005692917559017529,-0.006590140554793442,-0.005745099838115674,-0.0004065357943862877,-1.971814366513657e-06
394.88,0.92,0.025,0.009797958971132711,0.5248792922602417,0.5278473586035246,-0.023775007747089967,-0.03671270744154739,0.17558211275685276,-0.0005441122117078137,-5.428274455322534e-05,0.0003783381453112409,-7.131925281408674e-05,-1.2494100709743084e-07,-0.02012316655713695,-0.031073635578525716,0.14861270023740017,-0.00046053657598949356,0.003532163037049194,0.03856666667658156,-0.1375458941261866,-0.07205912468955983,-0.027993792592355068,-0.02023357145994053,0.003014921743493696,-0.005687572280928262,-0.006585864296836928,-0.0057435622139155144,-0.00040618135657791724,-1.9702988986047473e-06
395.03999999999996,0.92,0.025,0.009797958971132711,0.5248792922602417,0.5278473586035246,-0.023783664226109107,-0.03665221673833143,0.17557035415869832,-0.000544122910742242,-5.3923389349497974e-05,0.0003777956850937099,-7.125266706854661e-05,-1.2484107782304094e-07,-0.02013049340097875,-0.031022436247323724,0.14860274775992227,-0.00046054563165223364,0.003563842261879286,0.03852280374247377,-0.13753670224380737,-0.07205426207969093,-0.02796547906172002,-0.020182033737121668,0.003012108258722029,-0.0056822614922369535,-0.006581581856523663,-0.005742013472315004,-0.0004058293106674763,-1.9687953884031084e-06
395.20000000000005,0.92,0.025,0.009797958971132711,0.5248792922602417,0.5278473586035246,-0.023792263278413425,-0.036591812809444464,0.17555860598688938,-0.0005441335333448399,-5.3564910363761084e-05,0.0003772534662435581,-7.1186511649121e-05,-1.247420363866739e-07,-0.020137771638849125,-0.030971310361913796,0.1485928041073032,-0.0004605546226230725,0.0035954407553077674,0.03847898520845404,-0.13752751848423095,-0.07204940383385389,-0.027937148043975436,-0.0201305762643053,0.003009312976079121,-0.005676985015575204,-0.006577293246401353,-0.005740453582754913,-0.0004054796446634084,-1.967303774117328e-06
395.36,0.92,0.025,0.009797958971132711,0.5248792922602417,0.5278473586035246,-0.02380080504407581,-0.03653149561624628,0.1755468681821219,-0.0005441440801269519,-5.320730607126282e-05,0.00037671148902815744,-7.112078433663118e-05,-1.2464387749299447e-07,-0.020145001389305767,-0.030920257889590852,0.148582869229348,-0.00046056354941945214,0.003626958643053605,0.03843521110186943,-0.13751834280132857,-0.07204454992708835,-0.027908799624554517,-0.02007919893071422,0.003006535801639934,-0.005671742674027122,-0.006572998479109115,-0.005738882514689877,-0.00040513234660135737,-1.9658239941144607e-06
395.52,0.92,0.025,0.009797958971132711,0.5248792922602417,0.5278473586035246,-0.02380928966292529,-0.03647126512005406,0.1755351406853556,-0.0005441545517009436,-5.2850574948610454e-05,0.00037616975371319975,-7.105548291760779e-05,-1.245465958663012e-07,-0.020152182770699967,-0.030869278797613756,0.14857294307608498,-0.0004605724125596787,0.0036583960506621216,0.03839148144993327,-0.13750917514917813,-0.07203970033454214,-0.027880433888698958,-0.020027901625609384,0.0030037766417215493,-0.005666534291131716,-0.0065686975673774324,-0.005737300237588859,-0.0004047874045443723,-1.9643559869211958e-06
395.68000000000006,0.92,0.025,0.009797958971132711,0.5248792922602417,0.5278473586035246,-0.023817717274547245,-0.0364111212821426,0.17552342343781369,-0.00054416494868027,-5.249471547376953e-05,0.00037562826056269997,-7.099060518432519e-05,-1.2445018625071918e-07,-0.02015931590117679,-0.0308183730532055,0.14856302559776552,-0.0004605812125629805,0.0036897531035050657,0.03834779627972538,-0.13750001548206395,-0.07203485503147092,-0.027852050921459197,-0.019976684238290042,0.0030010354028846393,-0.005661359690885632,-0.006564390524028096,-0.005735706720935633,-0.00040444480658313037,-1.962899691226086e-06
395.84000000000003,0.92,0.025,0.009797958971132711,0.5248792922602417,0.5278473586035246,-0.023826088018283672,-0.03635106406374455,0.17551171638098123,-0.000544175271679436,-5.213972612606283e-05,0.0003750870098390001,-7.09261489348335e-05,-1.2435464341046818e-07,-0.020166400898675302,-0.030767540623553385,0.14855311674486252,-0.0004605899499494747,0.0037210299267806967,0.038304155618192386,-0.1374908637544758,-0.0720300139932377,-0.027823650807694823,-0.019925546658093752,0.002998311991934831,-0.005656218697745708,-0.006560077361974161,-0.005734101934229259,-0.0004041045408361502,-1.9614550458819303e-06
396.0,0.92,0.025,0.009797958971132711,0.5248792922602417,0.5278473586035246,-0.023834402033233334,-0.036291093426050754,0.17550001945660385,-0.0005441855213139606,-5.178560538616968e-05,0.0003745460018027723,-7.08621119729905e-05,-1.242599621294616e-07,-0.020173437880928693,-0.03071678147580936,0.1485432164680695,-0.0004605986252401363,0.0037522266455137913,0.03826055949214806,-0.1374817199211075,-0.0720251771953122,-0.027795233632074843,-0.019874488774396508,0.002995606315924025,-0.005651111136631522,-0.006555758094219888,-0.005732485846984553,-0.0004037665954500026,-1.9600219899043473e-06
396.15999999999997,0.92,0.025,0.009797958971132711,0.5248792922602417,0.5278473586035246,-0.023842659458252036,-0.03623120933021049,0.1754883326066878,-0.000544195698200403,-5.1432351736125e-05,0.0003740052367130229,-7.079849210849377e-05,-1.2416613721170315e-07,-0.020180426965464526,-0.03066609557709016,0.14853332471830058,-0.00046060723895682116,0.0037833433845557546,0.03821700792827359,-0.13747258393685716,-0.07202034461327098,-0.027766799479078,-0.019823510476612793,0.002992918282151777,-0.005646036832927958,-0.0065514327338606765,-0.005730858428732551,-0.00040343095859952076,-1.9586004624750105e-06
396.32000000000005,0.92,0.025,0.009797958971132711,0.5248792922602417,0.5278473586035246,-0.023850860431952798,-0.03617141173733169,0.1754766557734967,-0.0005442058029563249,-5.1079963659318375e-05,0.00037346471482709563,-7.073528715691407e-05,-1.24073163481318e-07,-0.02018736826960485,-0.030615482894477544,0.1485234414466876,-0.0004606157916222334,0.0038143802685846515,0.038173500953117834,-0.13746345575682456,-0.07201551622279599,-0.02773834843299315,-0.019772611654195676,0.0029902477981667073,-0.005640995612487853,-0.006547101294083016,-0.005729219649021011,-0.0004030976184880241,-1.9571904029427458e-06
396.48,0.92,0.025,0.009797958971132711,0.5248792922602417,0.5278473586035246,-0.023859005092706106,-0.03611170060848128,0.17546498889955248,-0.0005442158362002856,-5.072843964049327e-05,0.0003729244364006755,-7.067249493972622e-05,-1.2398103578247072e-07,-0.02019426191046645,-0.03056494339501856,0.14851356660458123,-0.00046062428375992173,0.003845337422105273,0.03813003859309772,-0.13745433533631202,-0.07201069199967512,-0.02770988057791953,-0.01972179219663688,0.0029875947717677986,-0.005635987301634478,-0.006542763788164417,-0.005727569477414864,-0.00040276656334751787,-1.9557917508239203e-06
396.64,0.92,0.025,0.009797958971132711,0.5248792922602417,0.5278473586035246,-0.023867093578640104,-0.03605207590468539,0.17545333192763385,-0.0005442257985518382,-5.037777816574614e-05,0.00037238440168779193,-7.06101132843417e-05,-1.2388974897971192e-07,-0.020201108004960985,-0.030514477045725717,0.1485037001435493,-0.00046063271589427587,0.0038762149694492117,0.038086620874498454,-0.13744522263082296,-0.07200587191980144,-0.027681395997767085,-0.019671051993466873,0.002984959111005793,-0.005631011727164119,-0.006538420229473332,-0.005725907883496704,-0.0004024377814389091,-1.954404445805367e-06
396.80000000000007,0.92,0.025,0.009797958971132711,0.5248792922602417,0.5278473586035246,-0.023875126027640824,-0.03599253758692965,0.17544168480077435,-0.0005442356906314602,-5.0027977722525385e-05,0.00037184461094082286,-7.054814002414159e-05,-1.2379929795761726e-07,-0.020207906669795193,-0.030464083813577257,0.1484938420153754,-0.000460641088550468,0.0039070130347749,0.03804324782347384,-0.1374361175960606,-0.07200105595917251,-0.02765289477625682,-0.01962039093425492,0.0029823407241845517,-0.005626068716348722,-0.006534070631469107,-0.005724234836867261,-0.0004021112610522253,-1.953028427743132e-06
396.96000000000004,0.92,0.025,0.009797958971132711,0.5248792922602417,0.5278473586035246,-0.023883102577352395,-0.03593308561615941,0.1754300474622628,-0.0005442455130606303,-4.967903679963075e-05,0.0003713050644104975,-7.048657299850676e-05,-1.2370967762131728e-07,-0.020214658021471068,-0.03041376366551733,0.14848399217205924,-0.0004606494022545175,0.003937731742067683,0.0379999194660466,-0.1374270201879281,-0.07199624409389048,-0.027624376996921083,-0.01956980890860919,0.0029797395198623714,-0.005621158096938281,-0.006529715007701888,-0.005722550307145882,-0.0004017869905068106,-1.9516636366665367e-06
397.12,0.92,0.025,0.009797958971132711,0.5248792922602417,0.5278473586035246,-0.02389102336517726,-0.0358737199532801,0.17541841985564063,-0.0005442552664617323,-4.9330953887212156e-05,0.0003707657623459009,-7.042541005285103e-05,-1.2362088289631665e-07,-0.020221362176286034,-0.03036351656845628,0.14847415056581423,-0.0004606576575332103,0.003968371215139872,0.03795663582810863,-0.13741793036252672,-0.07199143630016108,-0.027595842743103928,-0.019519305806176824,0.002977155406853368,-0.005616279697163495,-0.006525353371812555,-0.005720854263971004,-0.0004014649581515474,-1.95031001277791e-06
397.28,0.92,0.025,0.009797958971132711,0.5248792922602417,0.5278473586035246,-0.023898888528276402,-0.035814440559157334,0.1754068019247035,-0.0005442649514580972,-4.898372747676902e-05,0.0003702267049944764,-7.036464903865238e-05,-1.2353290872853495e-07,-0.020228019250333146,-0.03031334248927077,0.14846431714906905,-0.00046066585491413354,0.0039989315776308345,0.03791339693542134,-0.1374088480761568,-0.07198663255429427,-0.027567292097961386,-0.019468881516644002,0.00297458829422879,-0.005611433345738255,-0.006520985737532641,-0.005719146677000647,-0.00040114515236505676,-1.9489674964537803e-06
397.44000000000005,0.92,0.025,0.009797958971132711,0.5248792922602417,0.5278473586035246,-0.023906698203569547,-0.03575524739461736,0.17539519361349756,-0.0005442745686739746,-4.863735606114923e-05,0.00036968789260203016,-7.030428781348519e-05,-1.2344575008434013e-07,-0.020234629359501266,-0.030263241394804134,0.14845449187446436,-0.00046067399492565216,0.004029412953007008,0.03787020281361592,-0.137399773285315,-0.07198183283270268,-0.02753872514446183,-0.019418535929736046,0.0029720380913183823,-0.005606618871862213,-0.0065166121186842445,-0.0057174275159128755,-0.00040082756155591584,-1.947636028245981e-06
397.6,0.92,0.025,0.009797958971132711,0.5248792922602417,0.5278473586035246,-0.023914452527735386,-0.035696140420447164,0.17538359486632069,-0.0005442841187344622,-4.8291838134548244e-05,0.00036914932541273385,-7.02443242410517e-05,-1.2335940195083e-07,-0.020241192619475233,-0.03021321325186648,0.14844467469485384,-0.00046068207809684883,0.004059815464561999,0.03782705348819365,-0.13739070594669525,-0.07197703711190219,-0.027510141965386266,-0.019368268935217446,0.002969504707711738,-0.005601836105223291,-0.0065122325291799505,-0.005715696750406286,-0.00040051217416286057,-1.9463155488839657e-06
397.76,0.92,0.025,0.009797958971132711,0.5248792922602417,0.5278473586035246,-0.023922151637211776,-0.03563711959739482,0.17537200562772143,-0.0005442936022655825,-4.7947172192508286e-05,0.0003686110036691286,-7.018475619121456e-05,-1.2327385933578002e-07,-0.020247709145736047,-0.03016325802723498,0.14843486556330343,-0.00046069010495758904,0.004090139235416616,0.03778394898452615,-0.1373816460171879,-0.07197224536851148,-0.027481542643328652,-0.01931808042289199,0.0029669880532596574,-0.00559708487600027,-0.00650784698302274,-0.005713954350200496,-0.0004001989786549986,-1.945005999275621e-06
397.9200000000001,0.92,0.025,0.009797958971132711,0.5248792922602417,0.5278473586035246,-0.023929795668195995,-0.03557818488616973,0.17536042584249648,-0.000544303019894211,-4.760335673191737e-05,0.00036807292761212854,-7.01255815400261e-05,-1.2318911726747795e-07,-0.02025417905356109,-0.030113375687654056,0.14842506443308903,-0.0004606980760384602,0.0041203843885189795,0.03774088932785572,-0.13737259345387767,-0.07196745757925095,-0.027452927260696248,-0.019267970282602815,0.0029644880380753757,-0.005592365014865141,-0.006503455494305895,-0.005712200285036612,-0.0003998879635320088,-1.9437073205070636e-06
398.08000000000004,0.92,0.025,0.009797958971132711,0.5248792922602417,0.5278473586035246,-0.023937384756644906,-0.03551933624744286,0.17534885545569273,-0.0005443123722480806,-4.726039025100847e-05,0.0003675350974810242,-7.006679816976252e-05,-1.2310517079522894e-07,-0.02026060245802425,-0.03006356619983564,0.14841527125769832,-0.00046070599187077546,0.004150551046644512,0.037697874543295644,-0.13736354821404537,-0.07196267372094366,-0.02742429589970989,-0.01921793840423248,0.002962004572536039,-0.00558767635298581,-0.006499058077212911,-0.005710434524677727,-0.0003995791173243554,-1.9424194538464286e-06
398.24,0.92,0.025,0.009797958971132711,0.5248792922602417,0.5278473586035246,-0.023944919038275208,-0.03546057364184705,0.17533729441260465,-0.000544321659955747,-4.691827124935854e-05,0.0003669975135134859,-7.000840396895419e-05,-1.2302201498909242e-07,-0.02026697947399614,-0.030013829530459345,0.1484054859908286,-0.0004607138529865443,0.004180639332396057,0.03765490465583043,-0.13735451025516573,-0.07195789377051422,-0.027395648642404343,-0.019167984677703052,0.0029595375672839637,-0.0055830187220285285,-0.006494654746017384,-0.005708657038909382,-0.0003992724285934937,-1.9411423407432136e-06
398.4,0.92,0.025,0.009797958971132711,0.5248792922602417,0.5278473586035246,-0.023952398648563637,-0.0354018970299772,0.17532574265877315,-0.0005443308836465956,-4.657699822788766e-05,0.00036646017594556756,-6.995039683241691e-05,-1.2293964493990478e-07,-0.02027331021614426,-0.029964165646172707,0.1483957085863856,-0.0004607216599184785,0.004210649368203931,0.03761197969031612,-0.1373454795349066,-0.0719531177049883,-0.027366985570628617,-0.019118108992976172,0.0029570869332279513,-0.0055783919541603855,-0.006490245515082935,-0.0057068677975400705,-0.0003989678859320745,-1.939875922829329e-06
398.56000000000006,0.92,0.025,0.009797958971132711,0.5248792922602417,0.5278473586035246,-0.02395982372274719,-0.03534330637239062,0.17531420013998764,-0.0005443400439508296,-4.6236569688858075e-05,0.0003659230850117099,-6.989277466128443e-05,-1.2285805575968097e-07,-0.020279594798933223,-0.029914574513591426,0.14838593899848554,-0.00046072941319998215,0.004240581276325963,0.03756909967148063,-0.1373364560111305,-0.07194834550149355,-0.027338306766046257,-0.01906831124005313,0.002954652581544695,-0.005573795882051892,-0.006485830398863082,-0.005705066770401706,-0.000398665477964152,-1.938620141922235e-06
398.72,0.92,0.025,0.009797958971132711,0.5248792922602417,0.5278473586035246,-0.023967194395823323,-0.035284801629607204,0.17530266680228174,-0.0005443491414994289,-4.58969841358733e-05,0.000365386240944744,-6.983553536303846e-05,-1.2277724258122884e-07,-0.020285833336624863,-0.02986505609929954,0.14837617718145127,-0.00046073711336511663,0.0042704351788475725,0.03752626462392396,-0.13732743964189129,-0.07194357713725784,-0.027309612310135685,-0.019018591308974934,0.002952234423680009,-0.005569230338879384,-0.006481409411901146,-0.0057032539273501135,-0.000398365193345388,-1.9373749400235835e-06
398.88,0.92,0.025,0.009797958971132711,0.5248792922602417,0.5278473586035246,-0.02397451080255018,-0.035226382762109716,0.1752911425919361,-0.0005443581769241475,-4.555824007387725e-05,0.00036484964397589506,-6.97786768515402e-05,-1.2269720055854053e-07,-0.020292025943278474,-0.029815610369849664,0.1483664230898147,-0.0004607447609485985,0.004300211197681843,0.037483474572118536,-0.1373184303854363,-0.07193881258961038,-0.027280902284190528,-0.018968949089822395,0.0029498323713501927,-0.005564695158327535,-0.006476982568830138,-0.005701429238265512,-0.0003980670207632518,-1.9361402593222863e-06
399.03999999999996,0.92,0.025,0.009797958971132711,0.5248792922602417,0.5278473586035246,-0.02398177307744681,-0.03516804973034408,0.1752796274554755,-0.000544367150857508,-4.522033600915325e-05,0.0003643132943347855,-6.972219704706314e-05,-1.2261792486685054e-07,-0.02029817273275098,-0.02976623729176323,0.14835667667831448,-0.00046075235648579486,0.0043299094545695615,0.03744072954040949,-0.13730942820020417,-0.07193405183598058,-0.02725217676931991,-0.018919384472716204,0.0029474463365434136,-0.005560190174591956,-0.006472549884372645,-0.005699592673052999,-0.0003977709489372383,-1.9349160421957957e-06
399.20000000000005,0.92,0.025,0.009797958971132711,0.5248792922602417,0.5278473586035246,-0.023988981354793368,-0.03510980249471959,0.17526812133966976,-0.0005443760639327691,-4.4883270449323205e-05,0.00036377719224943867,-6.966609387632275e-05,-1.2253941070226773e-07,-0.020304273818697108,-0.02971693683153066,0.1483469379018965,-0.00046075990051269575,0.00435953007107929,0.03739802955301493,-0.13730043304482542,-0.0719292948538984,-0.027223435846448766,-0.018869897347816977,0.0029450762315209305,-0.005555715222381595,-0.006468111373340714,-0.00569774420164303,-0.0003974769666190602,-1.9337022312087673e-06
399.36,0.92,0.025,0.009797958971132711,0.5248792922602417,0.5278473586035246,-0.023996135768631334,-0.03505164101560918,0.17525662419153237,-0.000544384916783953,-4.454704190334654e-05,0.0003632413379462821,-6.961036527250787e-05,-1.224616532824863e-07,-0.020310329314569563,-0.02966770895561161,0.14833720671571302,-0.0004607673935659378,0.004389073168607443,0.03735537463402628,-0.1372914448781215,-0.07192454162099388,-0.02719467959631819,-0.01882048760532535,0.002942721968818473,-0.005551270136921205,-0.006463667050635737,-0.005695883793991913,-0.00039718506259285504,-1.9324987691180834e-06
399.52,0.92,0.025,0.009797958971132711,0.5248792922602417,0.5278473586035246,-0.024003236452763723,-0.0349935652533497,0.17524513595831995,-0.0005443937100457365,-4.4211648881519555e-05,0.0003627057316501514,-6.955500917531296e-05,-1.2238464784628238e-07,-0.020316339333619215,-0.029618553630435186,0.148327483075122,-0.0004607748361827114,0.004418538868378308,0.03731276480740848,-0.1372824636591043,-0.07191979211499681,-0.02716590809948572,-0.018771155135482064,0.002940383461247559,-0.005546854753953943,-0.006459216931248321,-0.005694011420082286,-0.0003968952256753955,-1.9313055988706455e-06
399.68000000000006,0.92,0.025,0.009797958971132711,0.5248792922602417,0.5278473586035246,-0.024010283540755323,-0.03493557516824215,0.17523365658753332,-0.0005444024443535372,-4.387708989547413e-05,0.00036217037358429326,-6.950002353096775e-05,-1.223083896538775e-07,-0.020322303988895306,-0.02956947082240016,0.1483177669356882,-0.0004607822289008339,0.00444792729144417,0.03727020009700039,-0.13727348934697695,-0.07191504631373731,-0.02713712143632568,-0.018721899828567996,0.002938060621896775,-0.005542468909743719,-0.006454761030258166,-0.005692127049923608,-0.0003966074447162804,-1.930122663606468e-06
399.84000000000003,0.92,0.025,0.009797958971132711,0.5248792922602417,0.5278473586035246,-0.02401727716593287,-0.03487767072055194,0.1752221860269151,-0.0005444111203434524,-4.3543363458177054e-05,0.0003616352639703692,-6.944540629226983e-05,-1.2223287398687716e-07,-0.020328223393245585,-0.02952046049787516,0.14830805825318097,-0.00046078957225869813,0.004477238558685321,0.03722768052651496,-0.137264521901132,-0.07191030419514474,-0.027108319687029474,-0.018672721574904263,0.002935753364133141,-0.0055381124410778,-0.006450299362833939,-0.005690230653552639,-0.000396321708598151,-1.928949906659137e-06
400.0,0.92,0.025,0.009797958971132711,0.5248792922602417,0.5278473586035246,-0.024024217461385302,-0.0348198518705091,0.1752107242244506,-0.0005444197386522238,-4.3210468083929007e-05,0.000361100403028459,-6.939115541861433e-05,-1.221580961483311e-07,-0.02033409765931652,-0.029471522623198906,0.148298356983575,-0.0004607968667952422,0.004506472790810164,0.03718520611953958,-0.1372555612811521,-0.07190556573724811,-0.02707950293160593,-0.01862362026485229,0.002933461601603371,-0.005533785185269178,-0.006445831944233143,-0.0056883222010339395,-0.000396038006236883,-1.9277872715569035e-06
